0 0.23625 0.4588888888888889 0.1025 0.18
0 0.484375 0.49333333333333335 0.11125 0.12444444444444444
0 0.64375 0.8811111111111111 0.16 0.22444444444444445
0 0.94375 0.5344444444444445 0.1075 0.13111111111111112
0 0.24875 0.26555555555555554 0.0625 0.12666666666666668
0 0.746875 0.3111111111111111 0.07375 0.10222222222222223
0 0.316875 0.2866666666666667 0.08125 0.08444444444444445
0 0.161875 0.6344444444444445 0.13125 0.1711111111111111
0 0.485625 0.28 0.09625 0.1111111111111111
0 0.459375 0.9144444444444444 0.19375 0.1711111111111111
7 0.72125 0.3388888888888889 0.1525 0.23333333333333334
0 0.079375 0.8844444444444445 0.15125 0.21777777777777776
0 0.598125 0.5055555555555555 0.10375 0.12666666666666668
0 0.60875 0.6288888888888889 0.12 0.2
0 0.903125 0.69 0.11875 0.15333333333333332
0 0.826875 0.5233333333333333 0.12125 0.12666666666666668
0 0.044375 0.6377777777777778 0.08625 0.17333333333333334
0 0.82875 0.31444444444444447 0.085 0.11333333333333333
0 0.46625 0.6444444444444445 0.135 0.2
0 0.85875 0.40444444444444444 0.0775 0.10222222222222223
0 0.565625 0.36333333333333334 0.08625 0.13111111111111112
0 0.2925 0.37444444444444447 0.085 0.09111111111111111
0 0.765 0.39222222222222225 0.085 0.10444444444444445
0 0.473125 0.36333333333333334 0.09875 0.11333333333333333
0 0.566875 0.28555555555555556 0.07125 0.1
0 0.11625 0.46555555555555556 0.105 0.14
0 0.193125 0.3566666666666667 0.08125 0.11333333333333333
