0 0.82625 0.3244444444444444 0.0825 0.09333333333333334
0 0.5625 0.35888888888888887 0.0825 0.13555555555555557
0 0.486875 0.28444444444444444 0.09875 0.10666666666666667
0 0.1125 0.47555555555555556 0.1125 0.1288888888888889
0 0.19125 0.36 0.0875 0.1111111111111111
0 0.471875 0.3622222222222222 0.10125 0.12
0 0.943125 0.5355555555555556 0.10875 0.1288888888888889
0 0.641875 0.8855555555555555 0.16125 0.22
0 0.8275 0.52 0.12 0.13333333333333333
0 0.16375 0.6388888888888888 0.1275 0.1622222222222222
0 0.74375 0.31555555555555553 0.0825 0.09777777777777778
0 0.89875 0.6866666666666666 0.115 0.1511111111111111
1 0.286875 0.3433333333333333 0.08625 0.14
0 0.048125 0.66 0.09375 0.14222222222222222
0 0.481875 0.4911111111111111 0.11375 0.12444444444444444
2 0.326875 0.2644444444444444 0.06875 0.12444444444444444
0 0.46 0.9211111111111111 0.2 0.15333333333333332
0 0.464375 0.6466666666666666 0.13625 0.2
0 0.5925 0.47444444444444445 0.1 0.15777777777777777
0 0.7725 0.3988888888888889 0.085 0.09555555555555556
0 0.604375 0.6455555555555555 0.13375 0.20666666666666667
0 0.25 0.2733333333333333 0.0725 0.1111111111111111
0 0.86125 0.41 0.0775 0.09111111111111111
0 0.570625 0.2866666666666667 0.07375 0.10666666666666667
0 0.24125 0.4633333333333333 0.1025 0.16666666666666666
0 0.079375 0.8766666666666667 0.15125 0.23333333333333334
