0 0.119375 0.45444444444444443 0.10625 0.14444444444444443
0 0.08125 0.88 0.155 0.22666666666666666
0 0.57125 0.28888888888888886 0.0725 0.1111111111111111
0 0.4875 0.2833333333333333 0.1 0.10888888888888888
0 0.289375 0.35 0.08625 0.14888888888888888
0 0.82625 0.3233333333333333 0.0875 0.1
0 0.944375 0.5333333333333333 0.10875 0.13777777777777778
0 0.240625 0.4622222222222222 0.10625 0.17333333333333334
0 0.594375 0.4811111111111111 0.10125 0.15333333333333332
0 0.565 0.35777777777777775 0.085 0.13777777777777778
0 0.325 0.2788888888888889 0.07 0.11777777777777777
0 0.4625 0.9233333333333333 0.2 0.14888888888888888
0 0.605625 0.6455555555555555 0.13625 0.20666666666666667
0 0.898125 0.6855555555555556 0.11375 0.15777777777777777
0 0.643125 0.8855555555555555 0.15875 0.22444444444444445
0 0.47125 0.3622222222222222 0.1025 0.12444444444444444
0 0.856875 0.41 0.08625 0.09111111111111111
0 0.05 0.6611111111111111 0.0925 0.14888888888888888
0 0.833125 0.5222222222222223 0.11875 0.13777777777777778
0 0.48375 0.4888888888888889 0.1175 0.13777777777777778
0 0.193125 0.3466666666666667 0.08625 0.13333333333333333
0 0.1675 0.6388888888888888 0.1275 0.17555555555555555
0 0.465625 0.6477777777777778 0.13875 0.20666666666666667
0 0.24875 0.2777777777777778 0.065 0.10666666666666667
