0 0.485625 0.28 0.09625 0.10666666666666667
0 0.86 0.41 0.08 0.09111111111111111
0 0.4825 0.48444444444444446 0.1125 0.1288888888888889
0 0.735 0.3111111111111111 0.0825 0.09333333333333334
0 0.1975 0.3511111111111111 0.085 0.12444444444444444
0 0.570625 0.28888888888888886 0.07375 0.10222222222222223
0 0.565 0.35777777777777775 0.085 0.13777777777777778
0 0.830625 0.5188888888888888 0.11625 0.13555555555555557
0 0.08 0.8766666666666667 0.15 0.2288888888888889
0 0.896875 0.6877777777777778 0.11125 0.15333333333333332
0 0.116875 0.4577777777777778 0.09875 0.13777777777777778
0 0.60625 0.6388888888888888 0.135 0.19333333333333333
0 0.32375 0.28 0.07 0.10666666666666667
0 0.241875 0.46111111111111114 0.10125 0.1711111111111111
0 0.643125 0.8844444444444445 0.15375 0.22666666666666666
0 0.248125 0.2733333333333333 0.06375 0.1111111111111111
0 0.048125 0.6622222222222223 0.09125 0.13333333333333333
0 0.465 0.6444444444444445 0.1375 0.19555555555555557
0 0.9425 0.5344444444444445 0.11 0.12666666666666668
0 0.459375 0.9211111111111111 0.20125 0.14888888888888888
0 0.470625 0.36 0.10125 0.12
0 0.165 0.6355555555555555 0.1275 0.1688888888888889
0 0.82375 0.3233333333333333 0.09 0.09555555555555556
0 0.591875 0.47 0.10125 0.14444444444444443
0 0.286875 0.3511111111111111 0.08875 0.13333333333333333
