0 0.476875 0.36444444444444446 0.09625 0.11555555555555555
0 0.246875 0.2722222222222222 0.06375 0.11333333333333333
0 0.296875 0.3711111111111111 0.09125 0.09777777777777778
0 0.859375 0.4111111111111111 0.07875 0.09333333333333334
0 0.7725 0.4 0.085 0.09333333333333334
0 0.4575 0.91 0.195 0.18
0 0.045625 0.6588888888888889 0.08875 0.14
2 0.12125 0.45444444444444443 0.1025 0.14444444444444443
0 0.239375 0.46555555555555556 0.10625 0.1622222222222222
0 0.74 0.29777777777777775 0.08 0.12444444444444444
0 0.829375 0.3322222222222222 0.07875 0.07777777777777778
0 0.639375 0.8866666666666667 0.14625 0.21777777777777776
2 0.32125 0.26222222222222225 0.075 0.1288888888888889
0 0.16375 0.6355555555555555 0.13 0.17333333333333334
0 0.196875 0.3611111111111111 0.08375 0.10888888888888888
0 0.46625 0.6433333333333333 0.1325 0.19777777777777777
0 0.48625 0.2833333333333333 0.0975 0.1
0 0.571875 0.28444444444444444 0.07125 0.1111111111111111
0 0.891875 0.6866666666666666 0.11125 0.1511111111111111
7 0.6525 0.6577777777777778 0.2425 0.29777777777777775
0 0.080625 0.8744444444444445 0.15625 0.22444444444444445
0 0.480625 0.4911111111111111 0.11375 0.12444444444444444
0 0.8275 0.5177777777777778 0.1175 0.1288888888888889
0 0.943125 0.5255555555555556 0.10625 0.13555555555555557
2 0.6075 0.4677777777777778 0.075 0.14888888888888888
1 0.565625 0.3566666666666667 0.07625 0.13555555555555557
