0 0.56875 0.36333333333333334 0.0925 0.12666666666666668
0 0.856875 0.4066666666666667 0.08125 0.09777777777777778
0 0.47125 0.36444444444444446 0.09 0.12444444444444444
0 0.770625 0.3977777777777778 0.08375 0.09333333333333334
0 0.944375 0.5277777777777778 0.10375 0.13555555555555557
0 0.245625 0.2733333333333333 0.07125 0.1111111111111111
0 0.085625 0.88 0.12875 0.23555555555555555
0 0.600625 0.5044444444444445 0.11125 0.12444444444444444
0 0.57375 0.3055555555555556 0.0725 0.08666666666666667
0 0.155625 0.6411111111111111 0.13875 0.15777777777777777
0 0.190625 0.3622222222222222 0.08625 0.11555555555555555
0 0.465 0.6444444444444445 0.1375 0.2
0 0.456875 0.8788888888888889 0.18875 0.21555555555555556
0 0.490625 0.29 0.09125 0.09555555555555556
0 0.645625 0.8855555555555555 0.15875 0.22
0 0.615 0.6455555555555555 0.1375 0.1711111111111111
0 0.489375 0.48777777777777775 0.10125 0.12666666666666668
0 0.3275 0.2822222222222222 0.085 0.10222222222222223
0 0.888125 0.6888888888888889 0.11125 0.14666666666666667
0 0.2375 0.4588888888888889 0.1025 0.17555555555555555
0 0.295 0.37 0.0875 0.09555555555555556
0 0.04625 0.6666666666666666 0.0775 0.1288888888888889
0 0.11875 0.4688888888888889 0.1175 0.1288888888888889
0 0.824375 0.5233333333333333 0.11875 0.11777777777777777
0 0.74125 0.32666666666666666 0.075 0.07111111111111111
0 0.823125 0.3055555555555556 0.08375 0.13111111111111112
