2 0.859375 0.3977777777777778 0.07625 0.11555555555555555
0 0.489375 0.29888888888888887 0.08875 0.09555555555555556
0 0.45625 0.9111111111111111 0.195 0.17333333333333334
0 0.320625 0.29444444444444445 0.08375 0.08222222222222222
0 0.16875 0.6344444444444445 0.1475 0.1711111111111111
0 0.08625 0.88 0.155 0.2311111111111111
0 0.115625 0.4766666666666667 0.12125 0.14444444444444443
0 0.768125 0.4033333333333333 0.08875 0.09111111111111111
0 0.4875 0.4922222222222222 0.1175 0.14
0 0.6475 0.8877777777777778 0.1575 0.22
0 0.5975 0.4988888888888889 0.1175 0.12666666666666668
0 0.748125 0.32 0.08875 0.10222222222222223
0 0.834375 0.33666666666666667 0.08125 0.07333333333333333
0 0.19 0.36333333333333334 0.0875 0.11777777777777777
0 0.609375 0.6511111111111111 0.13875 0.15555555555555556
0 0.465 0.37555555555555553 0.095 0.10666666666666667
0 0.468125 0.6422222222222222 0.13875 0.20444444444444446
0 0.245 0.46444444444444444 0.1075 0.17333333333333334
0 0.291875 0.36 0.09375 0.12
0 0.04625 0.6555555555555556 0.09 0.14666666666666667
0 0.236875 0.28444444444444444 0.07625 0.10222222222222223
0 0.570625 0.2822222222222222 0.07375 0.11555555555555555
0 0.56125 0.3711111111111111 0.0925 0.12
0 0.815625 0.5277777777777778 0.11125 0.11777777777777777
