0 0.046875 0.6544444444444445 0.09375 0.12666666666666668
0 0.11625 0.4822222222222222 0.1125 0.13777777777777778
0 0.7475 0.3022222222222222 0.0675 0.1288888888888889
0 0.60375 0.6422222222222222 0.1375 0.1688888888888889
0 0.835625 0.33444444444444443 0.07125 0.07333333333333333
0 0.464375 0.6466666666666666 0.13625 0.19555555555555557
0 0.080625 0.8844444444444445 0.16125 0.22666666666666666
0 0.23625 0.4688888888888889 0.09 0.1688888888888889
0 0.888125 0.6855555555555556 0.11125 0.15777777777777777
0 0.56125 0.36333333333333334 0.085 0.13111111111111112
0 0.23125 0.28 0.0775 0.09333333333333334
0 0.169375 0.6344444444444445 0.14375 0.16666666666666666
0 0.320625 0.28 0.09375 0.10666666666666667
0 0.45625 0.8977777777777778 0.2 0.2
0 0.643125 0.8855555555555555 0.15875 0.22444444444444445
0 0.599375 0.4855555555555556 0.12125 0.13555555555555557
0 0.575625 0.2811111111111111 0.07625 0.11333333333333333
0 0.485625 0.45555555555555555 0.09875 0.16
0 0.4925 0.29 0.095 0.10444444444444445
0 0.460625 0.37222222222222223 0.09875 0.10444444444444445
7 0.798125 0.47333333333333333 0.18875 0.24888888888888888
1 0.936875 0.52 0.09625 0.1688888888888889
2 0.861875 0.4 0.06625 0.12
0 0.195 0.36666666666666664 0.0825 0.10222222222222223
0 0.29375 0.37222222222222223 0.1 0.10444444444444445
