0 0.115 0.47444444444444445 0.1225 0.14
0 0.470625 0.3622222222222222 0.08375 0.12
0 0.595625 0.4888888888888889 0.11625 0.14666666666666667
0 0.45375 0.9011111111111111 0.19 0.18888888888888888
2 0.938125 0.5133333333333333 0.08875 0.17777777777777778
0 0.48125 0.49333333333333335 0.1075 0.12
0 0.611875 0.6488888888888888 0.11875 0.14222222222222222
0 0.469375 0.6411111111111111 0.14375 0.1711111111111111
0 0.889375 0.6833333333333333 0.10875 0.1622222222222222
0 0.563125 0.36 0.09125 0.14222222222222222
0 0.08375 0.88 0.15 0.22666666666666666
0 0.32 0.27666666666666667 0.085 0.10888888888888888
0 0.046875 0.6511111111111111 0.08625 0.1288888888888889
0 0.49 0.29888888888888887 0.0875 0.09555555555555556
7 0.808125 0.51 0.20875 0.2911111111111111
0 0.2975 0.37222222222222223 0.0875 0.09555555555555556
0 0.569375 0.2833333333333333 0.07125 0.10444444444444445
0 0.236875 0.4533333333333333 0.09875 0.17333333333333334
0 0.166875 0.6277777777777778 0.14375 0.17555555555555555
0 0.19625 0.35888888888888887 0.0875 0.11333333333333333
0 0.234375 0.2833333333333333 0.07375 0.09111111111111111
0 0.73875 0.3277777777777778 0.08 0.07333333333333333
0 0.6425 0.8855555555555555 0.1625 0.22
0 0.83625 0.34 0.0825 0.08
