0 0.4825 0.49333333333333335 0.1175 0.13333333333333333
0 0.19375 0.3688888888888889 0.085 0.10222222222222223
2 0.93625 0.5322222222222223 0.115 0.15777777777777777
0 0.11625 0.4622222222222222 0.11 0.1288888888888889
0 0.04625 0.6533333333333333 0.0925 0.14222222222222222
0 0.5975 0.4888888888888889 0.1175 0.15555555555555556
0 0.48875 0.28444444444444444 0.085 0.1288888888888889
0 0.570625 0.28555555555555556 0.06875 0.10888888888888888
0 0.736875 0.31 0.07625 0.11777777777777777
0 0.299375 0.37222222222222223 0.09125 0.09111111111111111
0 0.4675 0.6411111111111111 0.145 0.21555555555555556
0 0.56375 0.36666666666666664 0.0925 0.12444444444444444
0 0.084375 0.8833333333333333 0.16625 0.2288888888888889
0 0.240625 0.4588888888888889 0.10125 0.19777777777777777
0 0.32375 0.2777777777777778 0.0925 0.12444444444444444
0 0.63875 0.8877777777777778 0.1625 0.22
0 0.82625 0.3244444444444444 0.085 0.12444444444444444
7 0.789375 0.5466666666666666 0.17625 0.36444444444444446
0 0.451875 0.8966666666666666 0.19125 0.20222222222222222
0 0.61125 0.6588888888888889 0.135 0.15777777777777777
0 0.46875 0.3688888888888889 0.085 0.10222222222222223
0 0.891875 0.6922222222222222 0.11625 0.1622222222222222
0 0.2325 0.2866666666666667 0.0775 0.10666666666666667
0 0.170625 0.6344444444444445 0.14625 0.18444444444444444
