0 0.47125 0.6366666666666667 0.14 0.20222222222222222
0 0.56875 0.2811111111111111 0.07 0.10888888888888888
0 0.64 0.8855555555555555 0.1625 0.21555555555555556
7 0.799375 0.5244444444444445 0.19375 0.3111111111111111
0 0.48125 0.48777777777777775 0.11 0.11777777777777777
0 0.24 0.45111111111111113 0.1025 0.17333333333333334
0 0.23125 0.28444444444444444 0.08 0.09777777777777778
0 0.320625 0.2722222222222222 0.08375 0.11333333333333333
2 0.933125 0.5211111111111111 0.11875 0.15333333333333332
0 0.4525 0.8966666666666666 0.19 0.18888888888888888
2 0.110625 0.45444444444444443 0.08875 0.13111111111111112
0 0.47 0.37222222222222223 0.0825 0.1
0 0.889375 0.6844444444444444 0.10875 0.16444444444444445
0 0.08375 0.8777777777777778 0.1575 0.2311111111111111
0 0.594375 0.48777777777777775 0.11625 0.15333333333333332
0 0.194375 0.3655555555555556 0.08125 0.1
0 0.56375 0.36777777777777776 0.09 0.12666666666666668
0 0.043125 0.6533333333333333 0.08625 0.13333333333333333
0 0.738125 0.30333333333333334 0.07875 0.11333333333333333
0 0.825 0.3244444444444444 0.08 0.10222222222222223
0 0.295 0.37222222222222223 0.09 0.09111111111111111
0 0.4875 0.28 0.09 0.1111111111111111
0 0.606875 0.6522222222222223 0.13125 0.14444444444444443
0 0.16625 0.63 0.1475 0.17555555555555555
