0 0.1675 0.6311111111111111 0.1425 0.17333333333333334
0 0.085625 0.8811111111111111 0.15375 0.23333333333333334
0 0.86375 0.3988888888888889 0.0725 0.11333333333333333
0 0.564375 0.36444444444444446 0.09125 0.1288888888888889
0 0.043125 0.6533333333333333 0.08375 0.1288888888888889
0 0.59625 0.48333333333333334 0.12 0.15333333333333332
0 0.243125 0.45666666666666667 0.10125 0.18444444444444444
0 0.606875 0.6511111111111111 0.13125 0.14222222222222222
2 0.9375 0.5188888888888888 0.105 0.15333333333333332
7 0.811875 0.5011111111111111 0.17375 0.31777777777777777
0 0.639375 0.8866666666666667 0.16875 0.2222222222222222
0 0.121875 0.46444444444444444 0.10375 0.13333333333333333
0 0.46875 0.3711111111111111 0.085 0.10222222222222223
0 0.490625 0.27555555555555555 0.09125 0.12
0 0.574375 0.2877777777777778 0.07375 0.10444444444444445
0 0.73875 0.32555555555555554 0.075 0.07777777777777778
0 0.45125 0.9033333333333333 0.185 0.18888888888888888
0 0.295 0.37222222222222223 0.09 0.09555555555555556
0 0.88875 0.6844444444444444 0.11 0.16444444444444445
0 0.235 0.2833333333333333 0.0725 0.09555555555555556
0 0.48125 0.4888888888888889 0.1125 0.12
0 0.195625 0.35 0.08375 0.12222222222222222
0 0.47 0.6366666666666667 0.14 0.19333333333333333
0 0.321875 0.2733333333333333 0.08375 0.1111111111111111
0 0.82 0.30444444444444446 0.075 0.10666666666666667
