0 0.29375 0.37222222222222223 0.085 0.09555555555555556
0 0.88875 0.6855555555555556 0.11 0.1622222222222222
0 0.64125 0.8844444444444445 0.17 0.21777777777777776
0 0.45125 0.9022222222222223 0.185 0.19111111111111112
0 0.32125 0.2733333333333333 0.085 0.1111111111111111
0 0.040625 0.6455555555555555 0.07875 0.14444444444444443
0 0.6025 0.6444444444444445 0.1375 0.14666666666666667
0 0.165625 0.6333333333333333 0.14625 0.1688888888888889
0 0.469375 0.6388888888888888 0.13875 0.18888888888888888
0 0.93375 0.5177777777777778 0.11 0.14666666666666667
0 0.595625 0.48444444444444446 0.11375 0.14222222222222222
0 0.82 0.32222222222222224 0.08 0.09777777777777778
0 0.561875 0.3655555555555556 0.09375 0.13111111111111112
0 0.48 0.49333333333333335 0.1125 0.12
0 0.084375 0.8844444444444445 0.15125 0.2222222222222222
0 0.736875 0.3244444444444444 0.07625 0.08
0 0.2375 0.4633333333333333 0.0975 0.18444444444444444
0 0.1925 0.36 0.0825 0.1111111111111111
0 0.46875 0.3611111111111111 0.0875 0.12666666666666668
0 0.235 0.28444444444444444 0.075 0.09333333333333334
0 0.489375 0.27555555555555555 0.08875 0.11555555555555555
7 0.805625 0.5188888888888888 0.19375 0.2777777777777778
0 0.5725 0.28444444444444444 0.0725 0.11555555555555555
0 0.11875 0.4822222222222222 0.1075 0.11555555555555555
