0 0.88625 0.6833333333333333 0.1025 0.1711111111111111
0 0.04125 0.65 0.0775 0.13555555555555557
7 0.80375 0.5344444444444445 0.1975 0.2688888888888889
0 0.23375 0.28444444444444444 0.075 0.09333333333333334
0 0.16625 0.63 0.145 0.1711111111111111
0 0.82125 0.32222222222222224 0.0775 0.09333333333333334
0 0.603125 0.63 0.12875 0.18888888888888888
0 0.49 0.27555555555555555 0.09 0.11555555555555555
2 0.08375 0.8677777777777778 0.16 0.2511111111111111
0 0.2 0.35333333333333333 0.08 0.12444444444444444
0 0.64 0.8866666666666667 0.1675 0.22666666666666666
0 0.7675 0.39555555555555555 0.0775 0.08444444444444445
0 0.564375 0.37 0.09125 0.12222222222222222
0 0.44625 0.9033333333333333 0.19 0.18
0 0.250625 0.4488888888888889 0.11625 0.17777777777777778
0 0.73875 0.32555555555555554 0.08 0.08222222222222222
0 0.57375 0.2822222222222222 0.0725 0.12
0 0.935 0.5155555555555555 0.1225 0.16
0 0.469375 0.6366666666666667 0.13875 0.19777777777777777
0 0.471875 0.3611111111111111 0.08625 0.12666666666666668
0 0.594375 0.4822222222222222 0.11375 0.1511111111111111
0 0.47875 0.49444444444444446 0.115 0.12222222222222222
0 0.320625 0.27666666666666667 0.08625 0.10888888888888888
0 0.119375 0.4577777777777778 0.12125 0.14222222222222222
0 0.295 0.37 0.0825 0.09111111111111111
