0 0.868125 0.4022222222222222 0.06875 0.1111111111111111
0 0.933125 0.5177777777777778 0.08625 0.1288888888888889
0 0.77 0.3977777777777778 0.0875 0.08888888888888889
0 0.559375 0.37 0.08875 0.12666666666666668
0 0.196875 0.3511111111111111 0.09125 0.12
0 0.455 0.9055555555555556 0.1925 0.18
0 0.1675 0.63 0.1475 0.16666666666666666
0 0.648125 0.8855555555555555 0.16375 0.22
0 0.226875 0.46111111111111114 0.10125 0.1711111111111111
0 0.085 0.88 0.16 0.23555555555555555
0 0.49 0.28888888888888886 0.085 0.10222222222222223
0 0.590625 0.47888888888888886 0.11125 0.14444444444444443
0 0.82875 0.31777777777777777 0.08 0.10666666666666667
0 0.470625 0.6377777777777778 0.13375 0.2088888888888889
0 0.478125 0.4622222222222222 0.10875 0.16
0 0.745625 0.3188888888888889 0.07875 0.08666666666666667
0 0.81625 0.5166666666666667 0.115 0.12222222222222222
0 0.29375 0.35 0.0925 0.13111111111111112
0 0.46875 0.3566666666666667 0.0925 0.12666666666666668
0 0.571875 0.2833333333333333 0.07375 0.11333333333333333
0 0.234375 0.2822222222222222 0.07125 0.09333333333333334
0 0.599375 0.6322222222222222 0.12875 0.18888888888888888
0 0.12 0.4688888888888889 0.1125 0.12
0 0.32125 0.2811111111111111 0.08 0.09555555555555556
0 0.043125 0.6455555555555555 0.08625 0.14444444444444443
0 0.885 0.67 0.1075 0.16666666666666666
