0 0.12125 0.4666666666666667 0.115 0.1288888888888889
0 0.49 0.2922222222222222 0.09 0.1
0 0.599375 0.6322222222222222 0.12625 0.18444444444444444
0 0.19375 0.36666666666666664 0.08 0.09777777777777778
0 0.325 0.28 0.075 0.10222222222222223
0 0.23125 0.4622222222222222 0.095 0.1688888888888889
0 0.744375 0.3244444444444444 0.07625 0.07555555555555556
0 0.81875 0.5111111111111111 0.1225 0.13333333333333333
0 0.288125 0.35444444444444445 0.09375 0.12222222222222222
0 0.649375 0.8855555555555555 0.15875 0.21555555555555556
0 0.93375 0.5244444444444445 0.0875 0.12
0 0.573125 0.28444444444444444 0.07625 0.11555555555555555
0 0.084375 0.8855555555555555 0.16125 0.2288888888888889
0 0.16875 0.6311111111111111 0.14 0.16444444444444445
0 0.825 0.31444444444444447 0.0775 0.11333333333333333
0 0.2325 0.28 0.075 0.09333333333333334
0 0.5925 0.48 0.1125 0.1511111111111111
0 0.455625 0.9011111111111111 0.19875 0.18
0 0.55875 0.36666666666666664 0.0925 0.1288888888888889
2 0.8675 0.4022222222222222 0.065 0.1111111111111111
0 0.76875 0.3977777777777778 0.085 0.08888888888888889
0 0.46375 0.36 0.0875 0.13333333333333333
0 0.47 0.6377777777777778 0.1375 0.2
0 0.88125 0.6733333333333333 0.105 0.16
0 0.04875 0.6266666666666667 0.0975 0.1688888888888889
0 0.4775 0.48 0.1125 0.12
