0 0.649375 0.8866666666666667 0.16125 0.21333333333333335
0 0.08625 0.88 0.1675 0.24
0 0.124375 0.4666666666666667 0.11375 0.12444444444444444
0 0.2875 0.3566666666666667 0.1 0.11777777777777777
0 0.599375 0.6322222222222222 0.12875 0.18444444444444444
0 0.475625 0.47888888888888886 0.11125 0.12222222222222222
0 0.49125 0.28888888888888886 0.0825 0.10222222222222223
0 0.046875 0.6455555555555555 0.09125 0.13555555555555557
0 0.744375 0.3244444444444444 0.07625 0.07555555555555556
0 0.824375 0.31555555555555553 0.07875 0.1111111111111111
0 0.195625 0.36666666666666664 0.08375 0.09777777777777778
0 0.228125 0.46555555555555556 0.10125 0.15777777777777777
0 0.931875 0.5211111111111111 0.09125 0.13111111111111112
0 0.455625 0.9066666666666666 0.20375 0.18222222222222223
0 0.8825 0.6766666666666666 0.11 0.1711111111111111
0 0.468125 0.6388888888888888 0.14375 0.20222222222222222
0 0.59375 0.47444444444444445 0.12 0.14888888888888888
0 0.76875 0.4 0.085 0.08888888888888889
0 0.558125 0.3655555555555556 0.09125 0.12666666666666668
0 0.464375 0.35888888888888887 0.08375 0.13111111111111112
0 0.571875 0.28444444444444444 0.07375 0.1111111111111111
0 0.3225 0.28 0.08 0.09777777777777778
0 0.820625 0.51 0.12375 0.13555555555555557
0 0.16875 0.6322222222222222 0.14 0.16666666666666666
0 0.230625 0.28444444444444444 0.07875 0.09333333333333334
2 0.8675 0.4022222222222222 0.0675 0.1111111111111111
