0 0.1175 0.4622222222222222 0.125 0.13333333333333333
0 0.599375 0.6322222222222222 0.12875 0.18444444444444444
0 0.92375 0.5211111111111111 0.0825 0.12666666666666668
0 0.320625 0.27666666666666667 0.07625 0.10444444444444445
0 0.744375 0.3244444444444444 0.07625 0.07555555555555556
0 0.168125 0.6322222222222222 0.14125 0.16666666666666666
0 0.649375 0.8866666666666667 0.16125 0.21777777777777776
0 0.22875 0.4666666666666667 0.1 0.15555555555555556
0 0.824375 0.31555555555555553 0.07875 0.1111111111111111
0 0.086875 0.8833333333333333 0.16625 0.22
0 0.558125 0.36444444444444446 0.09125 0.1288888888888889
0 0.6025 0.4766666666666667 0.1125 0.15777777777777777
0 0.044375 0.6466666666666666 0.08875 0.1288888888888889
0 0.4625 0.35777777777777775 0.09 0.1288888888888889
0 0.475625 0.48 0.11625 0.12
0 0.47 0.6388888888888888 0.14 0.20666666666666667
2 0.8675 0.4033333333333333 0.0675 0.11333333333333333
0 0.4875 0.28888888888888886 0.09 0.10222222222222223
0 0.77 0.4011111111111111 0.0875 0.08666666666666667
0 0.571875 0.2833333333333333 0.07375 0.11333333333333333
0 0.195625 0.36777777777777776 0.08375 0.1
0 0.2875 0.3566666666666667 0.095 0.12222222222222222
0 0.455625 0.9044444444444445 0.19875 0.18222222222222223
0 0.820625 0.5133333333333333 0.12375 0.13333333333333333
0 0.230625 0.2811111111111111 0.07875 0.1
0 0.87875 0.6755555555555556 0.1075 0.1688888888888889
