0 0.47125 0.4822222222222222 0.12 0.11555555555555555
0 0.571875 0.2788888888888889 0.07375 0.11777777777777777
0 0.23375 0.47555555555555556 0.0925 0.1511111111111111
0 0.244375 0.26222222222222225 0.06875 0.1111111111111111
0 0.0425 0.6488888888888888 0.085 0.13333333333333333
0 0.1275 0.4722222222222222 0.105 0.12666666666666668
0 0.19625 0.3433333333333333 0.095 0.13111111111111112
0 0.28 0.35 0.085 0.12666666666666668
0 0.59625 0.5077777777777778 0.115 0.12222222222222222
0 0.938125 0.5211111111111111 0.08625 0.14888888888888888
0 0.82125 0.5111111111111111 0.1275 0.13777777777777778
0 0.864375 0.40555555555555556 0.07125 0.10888888888888888
0 0.465625 0.6411111111111111 0.13625 0.19333333333333333
0 0.084375 0.88 0.16625 0.2222222222222222
0 0.486875 0.2811111111111111 0.09375 0.10888888888888888
0 0.464375 0.36333333333333334 0.09375 0.11777777777777777
0 0.563125 0.3711111111111111 0.09875 0.11555555555555555
0 0.64625 0.8844444444444445 0.17 0.2222222222222222
0 0.74 0.3188888888888889 0.08 0.09555555555555556
0 0.826875 0.31444444444444447 0.08375 0.10888888888888888
0 0.16375 0.6388888888888888 0.1525 0.1622222222222222
0 0.454375 0.9044444444444445 0.20625 0.18666666666666668
0 0.88 0.6877777777777778 0.1075 0.13111111111111112
0 0.61375 0.6355555555555555 0.1275 0.1688888888888889
0 0.768125 0.3988888888888889 0.08375 0.08666666666666667
