0 0.479375 0.6188888888888889 0.12625 0.19333333333333333
0 0.25 0.26 0.0725 0.11555555555555555
0 0.561875 0.36666666666666664 0.09375 0.1288888888888889
0 0.04625 0.6533333333333333 0.09 0.12444444444444444
0 0.279375 0.3477777777777778 0.08125 0.13111111111111112
0 0.600625 0.5033333333333333 0.11625 0.11777777777777777
0 0.166875 0.6544444444444445 0.13375 0.14888888888888888
0 0.085 0.8822222222222222 0.1625 0.21777777777777776
0 0.859375 0.40444444444444444 0.08125 0.10222222222222223
0 0.230625 0.46444444444444444 0.10625 0.17333333333333334
0 0.57375 0.2877777777777778 0.07 0.10444444444444445
0 0.196875 0.36 0.08125 0.10222222222222223
0 0.468125 0.3566666666666667 0.08625 0.11777777777777777
0 0.826875 0.5222222222222223 0.12125 0.12444444444444444
0 0.738125 0.32666666666666666 0.08125 0.08
7 0.45625 0.57 0.195 0.2688888888888889
0 0.823125 0.32555555555555554 0.08125 0.09111111111111111
2 0.110625 0.45555555555555555 0.13875 0.1511111111111111
2 0.324375 0.26555555555555554 0.06875 0.12222222222222222
0 0.490625 0.2866666666666667 0.08875 0.09777777777777778
0 0.4525 0.8977777777777778 0.2025 0.2
0 0.9325 0.5111111111111111 0.0825 0.14666666666666667
0 0.90875 0.6855555555555556 0.1175 0.13555555555555557
0 0.635 0.8855555555555555 0.1625 0.22444444444444445
0 0.7725 0.4022222222222222 0.0825 0.08444444444444445
0 0.6075 0.6366666666666667 0.13 0.1711111111111111
