0 0.0875 0.8866666666666667 0.1675 0.2088888888888889
0 0.49125 0.49444444444444446 0.0975 0.12666666666666668
0 0.863125 0.4122222222222222 0.08625 0.09555555555555556
0 0.94375 0.5188888888888888 0.105 0.14888888888888888
0 0.556875 0.3688888888888889 0.08375 0.14222222222222222
0 0.571875 0.2877777777777778 0.07125 0.10888888888888888
0 0.911875 0.6911111111111111 0.12125 0.13333333333333333
2 0.823125 0.31333333333333335 0.07375 0.1111111111111111
0 0.4675 0.36444444444444446 0.0875 0.12444444444444444
0 0.475625 0.6288888888888889 0.13875 0.19111111111111112
0 0.64625 0.8833333333333333 0.1775 0.2111111111111111
0 0.1175 0.47 0.12 0.14
0 0.290625 0.36444444444444446 0.10375 0.10666666666666667
0 0.459375 0.8988888888888888 0.20375 0.19777777777777777
0 0.25375 0.25666666666666665 0.08 0.12222222222222222
0 0.745625 0.32666666666666666 0.07375 0.07555555555555556
0 0.821875 0.5133333333333333 0.12625 0.13333333333333333
7 0.45 0.58 0.2025 0.26666666666666666
0 0.766875 0.4033333333333333 0.08375 0.08222222222222222
0 0.243125 0.47333333333333333 0.09875 0.15555555555555556
0 0.599375 0.6311111111111111 0.12125 0.18222222222222223
2 0.330625 0.26666666666666666 0.07375 0.12444444444444444
0 0.491875 0.2922222222222222 0.09125 0.1
0 0.595625 0.49444444444444446 0.11125 0.10888888888888888
0 0.048125 0.6433333333333333 0.09625 0.15333333333333332
0 0.196875 0.36333333333333334 0.08125 0.1
0 0.165625 0.64 0.12625 0.17777777777777778
