0 0.644375 0.8877777777777778 0.18125 0.21555555555555556
0 0.49125 0.49444444444444446 0.095 0.12222222222222222
0 0.943125 0.5122222222222222 0.10125 0.14888888888888888
0 0.45875 0.8933333333333333 0.19 0.2088888888888889
0 0.571875 0.28444444444444444 0.07375 0.10666666666666667
0 0.556875 0.3688888888888889 0.08375 0.14222222222222222
0 0.25125 0.2588888888888889 0.075 0.12666666666666668
0 0.04875 0.65 0.095 0.14
0 0.08375 0.8888888888888888 0.16 0.20444444444444446
0 0.170625 0.6422222222222222 0.12125 0.1688888888888889
0 0.4925 0.2922222222222222 0.09 0.1
0 0.598125 0.6311111111111111 0.12125 0.18222222222222223
7 0.451875 0.5766666666666667 0.19875 0.24666666666666667
0 0.830625 0.5133333333333333 0.14375 0.13777777777777778
0 0.243125 0.47333333333333333 0.09875 0.15555555555555556
0 0.766875 0.4022222222222222 0.08125 0.08
0 0.295 0.3688888888888889 0.09 0.09777777777777778
0 0.4675 0.36333333333333334 0.0875 0.12666666666666668
0 0.860625 0.4033333333333333 0.08625 0.10444444444444445
0 0.909375 0.69 0.11625 0.13555555555555557
0 0.473125 0.6277777777777778 0.14125 0.18888888888888888
2 0.33 0.26666666666666666 0.08 0.12
0 0.599375 0.49666666666666665 0.10875 0.11333333333333333
2 0.823125 0.31444444444444447 0.07375 0.11333333333333333
0 0.11625 0.47333333333333333 0.1225 0.14222222222222222
0 0.74625 0.32666666666666666 0.075 0.07555555555555556
0 0.196875 0.36333333333333334 0.08125 0.1
