0 0.195625 0.3655555555555556 0.08125 0.1
0 0.6 0.6322222222222222 0.12 0.18444444444444444
0 0.243125 0.47555555555555556 0.09875 0.1511111111111111
0 0.491875 0.29888888888888887 0.08875 0.09555555555555556
0 0.16875 0.6422222222222222 0.125 0.17333333333333334
7 0.4475 0.6022222222222222 0.215 0.24888888888888888
0 0.570625 0.28 0.07375 0.11555555555555555
0 0.641875 0.8777777777777778 0.18125 0.22666666666666666
0 0.86125 0.4033333333333333 0.0725 0.10444444444444445
0 0.766875 0.4 0.08625 0.09333333333333334
0 0.12 0.4633333333333333 0.115 0.14444444444444443
0 0.904375 0.6877777777777778 0.12125 0.1622222222222222
0 0.24875 0.2577777777777778 0.07 0.12
2 0.325 0.2644444444444444 0.0675 0.12
0 0.466875 0.36333333333333334 0.08875 0.12666666666666668
0 0.4925 0.4922222222222222 0.0975 0.12666666666666668
0 0.46 0.6188888888888889 0.175 0.2111111111111111
0 0.56 0.36777777777777776 0.0825 0.13555555555555557
0 0.935 0.52 0.09 0.14666666666666667
0 0.083125 0.8744444444444445 0.16375 0.22444444444444445
0 0.6025 0.4988888888888889 0.1175 0.11777777777777777
0 0.049375 0.65 0.09875 0.13555555555555557
0 0.29 0.37444444444444447 0.1025 0.09555555555555556
0 0.823125 0.5155555555555555 0.12625 0.1288888888888889
0 0.46125 0.8988888888888888 0.185 0.19777777777777777
0 0.74625 0.32555555555555554 0.075 0.07333333333333333
