2 0.240625 0.45555555555555555 0.11625 0.17777777777777778
0 0.490625 0.49 0.10625 0.13111111111111112
0 0.74125 0.32555555555555554 0.08 0.08666666666666667
0 0.0875 0.8811111111111111 0.17 0.2288888888888889
0 0.4875 0.2833333333333333 0.0925 0.10888888888888888
0 0.614375 0.6444444444444445 0.14125 0.1511111111111111
0 0.57 0.2822222222222222 0.0725 0.10666666666666667
0 0.599375 0.48777777777777775 0.11625 0.14
0 0.8225 0.5144444444444445 0.125 0.13111111111111112
0 0.463125 0.9022222222222223 0.18625 0.18666666666666668
0 0.910625 0.6866666666666666 0.12875 0.16444444444444445
0 0.85875 0.4066666666666667 0.0725 0.09333333333333334
0 0.19875 0.3422222222222222 0.08 0.13333333333333333
0 0.1225 0.4677777777777778 0.11 0.13555555555555557
0 0.5575 0.36666666666666664 0.0825 0.13777777777777778
0 0.480625 0.6555555555555556 0.11875 0.17333333333333334
0 0.046875 0.6588888888888889 0.09375 0.12666666666666668
0 0.645625 0.8833333333333333 0.18375 0.21555555555555556
0 0.941875 0.52 0.10875 0.13777777777777778
0 0.245 0.27555555555555555 0.07 0.09333333333333334
0 0.7675 0.4 0.085 0.08444444444444445
2 0.82375 0.31444444444444447 0.075 0.11333333333333333
0 0.471875 0.3655555555555556 0.08625 0.12222222222222222
7 0.4075 0.7588888888888888 0.265 0.34444444444444444
2 0.32625 0.2688888888888889 0.06 0.11555555555555555
0 0.164375 0.6433333333333333 0.12875 0.1711111111111111
