0 0.124375 0.46 0.10375 0.12444444444444444
0 0.240625 0.4533333333333333 0.09625 0.17777777777777778
0 0.196875 0.3611111111111111 0.08375 0.11333333333333333
0 0.470625 0.6566666666666666 0.13875 0.16666666666666666
0 0.456875 0.8911111111111111 0.18875 0.2088888888888889
2 0.863125 0.39444444444444443 0.06125 0.10888888888888888
0 0.908125 0.6922222222222222 0.12375 0.15333333333333332
0 0.245 0.2788888888888889 0.0725 0.09111111111111111
0 0.48625 0.2911111111111111 0.09 0.10222222222222223
7 0.411875 0.8211111111111111 0.22875 0.2911111111111111
0 0.939375 0.5133333333333333 0.10625 0.13333333333333333
0 0.648125 0.8811111111111111 0.18375 0.2288888888888889
2 0.335625 0.2677777777777778 0.06125 0.11777777777777777
0 0.769375 0.4033333333333333 0.08625 0.08666666666666667
2 0.556875 0.36333333333333334 0.07875 0.15333333333333332
0 0.5975 0.5066666666666667 0.11 0.12
0 0.740625 0.3277777777777778 0.08375 0.07777777777777778
0 0.57 0.27666666666666667 0.0725 0.11777777777777777
0 0.49125 0.49666666666666665 0.105 0.11777777777777777
1 0.57 0.2788888888888889 0.0725 0.11777777777777777
0 0.4725 0.3622222222222222 0.085 0.12444444444444444
0 0.0425 0.6522222222222223 0.085 0.13111111111111112
0 0.814375 0.5077777777777778 0.11625 0.13555555555555557
0 0.1625 0.6444444444444445 0.1375 0.17777777777777778
0 0.085625 0.8822222222222222 0.16625 0.2222222222222222
0 0.60625 0.6366666666666667 0.13 0.1622222222222222
2 0.8225 0.31555555555555553 0.07 0.1111111111111111
