0 0.08625 0.8833333333333333 0.17 0.22
0 0.568125 0.28 0.07625 0.1111111111111111
0 0.041875 0.65 0.08375 0.13555555555555557
2 0.865625 0.39555555555555555 0.06875 0.11555555555555555
0 0.555625 0.3622222222222222 0.07875 0.1511111111111111
0 0.943125 0.5233333333333333 0.10625 0.14
0 0.45875 0.8866666666666667 0.19 0.2222222222222222
0 0.11125 0.46555555555555556 0.1225 0.13555555555555557
0 0.244375 0.2733333333333333 0.07125 0.10222222222222223
0 0.161875 0.6433333333333333 0.13625 0.17555555555555555
0 0.646875 0.8822222222222222 0.18375 0.21777777777777776
0 0.740625 0.3277777777777778 0.08375 0.07777777777777778
0 0.193125 0.36777777777777776 0.08125 0.1
2 0.33875 0.2733333333333333 0.0575 0.11555555555555555
0 0.8225 0.31444444444444447 0.075 0.10888888888888888
0 0.49125 0.49666666666666665 0.105 0.11777777777777777
0 0.770625 0.4033333333333333 0.08875 0.08222222222222222
0 0.473125 0.3655555555555556 0.08375 0.12222222222222222
0 0.2425 0.45111111111111113 0.0925 0.17777777777777778
0 0.820625 0.5111111111111111 0.12625 0.13777777777777778
0 0.485 0.29 0.0925 0.10444444444444445
1 0.555625 0.36333333333333334 0.07875 0.15333333333333332
0 0.90875 0.6944444444444444 0.1275 0.14888888888888888
0 0.605625 0.6377777777777778 0.13125 0.16444444444444445
0 0.598125 0.5066666666666667 0.10875 0.12
7 0.416875 0.8311111111111111 0.24125 0.29777777777777775
0 0.46875 0.6577777777777778 0.1425 0.16444444444444445
