0 0.601875 0.6233333333333333 0.12625 0.19333333333333333
0 0.82125 0.5088888888888888 0.125 0.14222222222222222
0 0.61 0.4866666666666667 0.0875 0.13333333333333333
1 0.556875 0.3655555555555556 0.07875 0.14888888888888888
2 0.866875 0.39666666666666667 0.05875 0.11777777777777777
0 0.460625 0.8911111111111111 0.18875 0.2088888888888889
0 0.5675 0.28 0.0725 0.1111111111111111
0 0.910625 0.6866666666666666 0.12125 0.1688888888888889
2 0.3275 0.26666666666666666 0.065 0.1288888888888889
0 0.49375 0.48444444444444446 0.11 0.13777777777777778
0 0.64625 0.8822222222222222 0.1825 0.21777777777777776
7 0.4325 0.8088888888888889 0.25 0.32
0 0.245 0.2677777777777778 0.0625 0.11333333333333333
2 0.73375 0.2966666666666667 0.07 0.12222222222222222
2 0.819375 0.31 0.06625 0.11333333333333333
0 0.193125 0.35888888888888887 0.08125 0.11333333333333333
0 0.485 0.29 0.09 0.10888888888888888
0 0.943125 0.5255555555555556 0.11125 0.13111111111111112
0 0.469375 0.6511111111111111 0.13875 0.17777777777777778
0 0.161875 0.6488888888888888 0.13625 0.1688888888888889
0 0.0425 0.6522222222222223 0.085 0.13111111111111112
0 0.089375 0.8866666666666667 0.17375 0.21777777777777776
0 0.113125 0.47 0.11125 0.12666666666666668
2 0.24375 0.45555555555555555 0.095 0.1688888888888889
0 0.471875 0.3622222222222222 0.08375 0.12
