0 0.48625 0.2877777777777778 0.09 0.11333333333333333
0 0.82125 0.5111111111111111 0.1275 0.14222222222222222
1 0.2425 0.4533333333333333 0.1125 0.17777777777777778
2 0.868125 0.3933333333333333 0.06875 0.11555555555555555
0 0.249375 0.2644444444444444 0.06125 0.12444444444444444
0 0.76625 0.4 0.085 0.08888888888888889
0 0.573125 0.2833333333333333 0.07625 0.11333333333333333
0 0.449375 0.9033333333333333 0.19625 0.17555555555555555
0 0.9075 0.6911111111111111 0.1175 0.15555555555555556
0 0.044375 0.63 0.08625 0.1622222222222222
2 0.123125 0.4488888888888889 0.11375 0.17333333333333334
0 0.5625 0.38222222222222224 0.0925 0.10666666666666667
0 0.740625 0.29555555555555557 0.06375 0.11555555555555555
0 0.4725 0.36777777777777776 0.0875 0.10444444444444445
7 0.155625 0.8211111111111111 0.31125 0.33111111111111113
0 0.93875 0.5277777777777778 0.1025 0.12222222222222222
0 0.166875 0.6355555555555555 0.13375 0.16
0 0.595625 0.6233333333333333 0.12125 0.19333333333333333
2 0.21125 0.34555555555555556 0.085 0.12666666666666668
0 0.485625 0.47555555555555556 0.10875 0.14666666666666667
1 0.29375 0.3433333333333333 0.0825 0.14444444444444443
0 0.6475 0.8811111111111111 0.185 0.2288888888888889
0 0.598125 0.4866666666666667 0.11125 0.1288888888888889
0 0.08875 0.8933333333333333 0.175 0.2
0 0.47125 0.64 0.125 0.2
0 0.824375 0.3022222222222222 0.07125 0.13333333333333333
1 0.215625 0.3466666666666667 0.09125 0.1288888888888889
0 0.31875 0.2833333333333333 0.065 0.11777777777777777
