0 0.55125 0.37666666666666665 0.09 0.10888888888888888
7 0.438125 0.35555555555555557 0.17375 0.21777777777777776
0 0.3275 0.26666666666666666 0.0675 0.12444444444444444
0 0.6075 0.6277777777777778 0.135 0.19777777777777777
0 0.466875 0.6288888888888889 0.11875 0.17333333333333334
0 0.253125 0.2511111111111111 0.07375 0.11555555555555555
1 0.484375 0.4633333333333333 0.10375 0.15333333333333332
0 0.1075 0.6333333333333333 0.1975 0.21777777777777776
0 0.483125 0.46555555555555556 0.10375 0.15777777777777777
0 0.645625 0.8822222222222222 0.17875 0.22666666666666666
2 0.914375 0.5111111111111111 0.08125 0.1511111111111111
0 0.286875 0.36777777777777776 0.07875 0.09555555555555556
6 0.10625 0.6333333333333333 0.2125 0.20444444444444446
0 0.19 0.3655555555555556 0.09 0.10444444444444445
0 0.57 0.28 0.07 0.12
0 0.59375 0.49777777777777776 0.1125 0.10666666666666667
0 0.24375 0.4488888888888889 0.085 0.17333333333333334
0 0.450625 0.89 0.20875 0.2111111111111111
0 0.739375 0.3288888888888889 0.07625 0.07555555555555556
0 0.815625 0.3844444444444444 0.14125 0.12444444444444444
0 0.824375 0.5011111111111111 0.10625 0.15333333333333332
0 0.124375 0.46555555555555556 0.10375 0.13555555555555557
0 0.9075 0.6911111111111111 0.16 0.1688888888888889
6 0.820625 0.3844444444444444 0.15875 0.13777777777777778
0 0.8225 0.31555555555555553 0.075 0.1111111111111111
0 0.493125 0.27 0.07875 0.12222222222222222
0 0.0875 0.88 0.17 0.20444444444444446
