0 0.449375 0.8877777777777778 0.20125 0.22
0 0.783125 0.38 0.08875 0.12444444444444444
0 0.738125 0.3022222222222222 0.08125 0.1111111111111111
0 0.285625 0.3688888888888889 0.08125 0.09333333333333334
0 0.56875 0.3688888888888889 0.0875 0.12
7 0.445 0.35444444444444445 0.1775 0.24666666666666667
0 0.608125 0.6288888888888889 0.13375 0.2
0 0.46625 0.6388888888888888 0.1225 0.14444444444444443
0 0.47875 0.48333333333333334 0.115 0.14
0 0.248125 0.26 0.06875 0.12
0 0.59 0.4777777777777778 0.09 0.13777777777777778
0 0.4925 0.27 0.075 0.12666666666666668
0 0.644375 0.8844444444444445 0.17875 0.22666666666666666
1 0.906875 0.6844444444444444 0.15375 0.18222222222222223
0 0.125 0.4677777777777778 0.1025 0.13111111111111112
0 0.243125 0.45222222222222225 0.08875 0.16666666666666666
0 0.570625 0.28 0.07125 0.11555555555555555
0 0.09 0.8711111111111111 0.175 0.21777777777777776
6 0.115625 0.6244444444444445 0.23125 0.2311111111111111
0 0.82875 0.4888888888888889 0.1175 0.16444444444444445
1 0.86125 0.39 0.0725 0.11333333333333333
0 0.325625 0.27111111111111114 0.07625 0.11555555555555555
0 0.1875 0.36444444444444446 0.0825 0.10666666666666667
