0 0.775 0.3988888888888889 0.08 0.1
0 0.48 0.4866666666666667 0.12 0.14222222222222222
0 0.9125 0.5144444444444445 0.0875 0.13111111111111112
7 0.4425 0.39 0.1775 0.26
0 0.1725 0.6311111111111111 0.135 0.2
1 0.49625 0.27 0.0675 0.12222222222222222
0 0.7375 0.29555555555555557 0.065 0.1288888888888889
2 0.82125 0.31333333333333335 0.085 0.1288888888888889
0 0.466875 0.6311111111111111 0.11625 0.18666666666666668
0 0.5725 0.28444444444444444 0.0725 0.12
0 0.904375 0.68 0.14125 0.18666666666666668
0 0.566875 0.38222222222222224 0.08625 0.1111111111111111
0 0.1875 0.36666666666666664 0.0825 0.11555555555555555
0 0.09125 0.8766666666666667 0.165 0.22
0 0.454375 0.89 0.20625 0.21555555555555556
0 0.59125 0.4766666666666667 0.0925 0.14
0 0.325625 0.2733333333333333 0.07375 0.12
0 0.285625 0.35777777777777775 0.08125 0.12
0 0.645 0.8877777777777778 0.1775 0.22
0 0.24375 0.45444444444444443 0.0875 0.16666666666666666
0 0.050625 0.6211111111111111 0.09625 0.15777777777777777
0 0.81 0.4955555555555556 0.105 0.16444444444444445
0 0.24875 0.26666666666666666 0.0675 0.1111111111111111
0 0.860625 0.4111111111111111 0.09125 0.09333333333333334
0 0.61 0.6288888888888889 0.1375 0.2
0 0.124375 0.4711111111111111 0.10375 0.13333333333333333
