0 0.28625 0.35 0.0775 0.12666666666666668
0 0.820625 0.49333333333333335 0.10375 0.16
0 0.468125 0.6244444444444445 0.11625 0.17777777777777778
0 0.4525 0.8933333333333333 0.2 0.2088888888888889
0 0.323125 0.26666666666666666 0.06375 0.11555555555555555
1 0.904375 0.6833333333333333 0.14875 0.18
0 0.0875 0.8711111111111111 0.1675 0.2222222222222222
0 0.12625 0.4688888888888889 0.1 0.1288888888888889
0 0.9225 0.5111111111111111 0.085 0.13333333333333333
0 0.186875 0.36444444444444446 0.08375 0.10222222222222223
0 0.165 0.6188888888888889 0.1175 0.18444444444444444
0 0.864375 0.40555555555555556 0.08375 0.10444444444444445
0 0.240625 0.2733333333333333 0.07125 0.10222222222222223
0 0.04875 0.6233333333333333 0.0975 0.14888888888888888
0 0.47375 0.35444444444444445 0.09 0.14888888888888888
0 0.739375 0.2922222222222222 0.06625 0.12222222222222222
0 0.56875 0.36666666666666664 0.085 0.12444444444444444
2 0.816875 0.3088888888888889 0.08375 0.12
0 0.58625 0.48444444444444446 0.1025 0.14222222222222222
0 0.24 0.4477777777777778 0.0925 0.1711111111111111
0 0.6075 0.6411111111111111 0.1375 0.18444444444444444
0 0.775625 0.3977777777777778 0.08125 0.09333333333333334
6 0.533125 0.27666666666666667 0.12375 0.13111111111111112
0 0.641875 0.8811111111111111 0.17875 0.2288888888888889
0 0.48375 0.4922222222222222 0.11 0.10888888888888888
