1 0.31 0.31444444444444447 0.0425 0.07777777777777778
1 0.739375 0.2911111111111111 0.03625 0.07111111111111111
1 0.96375 0.6111111111111112 0.0675 0.14666666666666667
1 0.556875 0.5077777777777778 0.06625 0.10888888888888888
2 0.818125 0.5044444444444445 0.07875 0.1111111111111111
2 0.554375 0.2866666666666667 0.04375 0.07111111111111111
1 0.8 0.35888888888888887 0.045 0.08666666666666667
1 0.7725 0.3233333333333333 0.0375 0.07777777777777778
1 0.743125 0.3611111111111111 0.05375 0.08666666666666667
1 0.49875 0.28444444444444444 0.0425 0.07111111111111111
1 0.273125 0.35777777777777775 0.04875 0.08444444444444445
1 0.15125 0.5022222222222222 0.0775 0.11555555555555555
2 0.24125 0.49 0.0775 0.14
1 0.488125 0.3611111111111111 0.05625 0.08222222222222222
1 0.494375 0.3322222222222222 0.05375 0.05555555555555555
1 0.87875 0.6188888888888889 0.085 0.14444444444444443
1 0.45625 0.49 0.09 0.13555555555555557
2 0.70875 0.3244444444444444 0.0425 0.08
1 0.060625 0.6033333333333334 0.09125 0.14444444444444443
1 0.330625 0.28 0.03875 0.08
1 0.47875 0.42777777777777776 0.0525 0.08666666666666667
1 0.334375 0.3566666666666667 0.05375 0.09111111111111111
1 0.3675 0.31222222222222223 0.04 0.08666666666666667
2 0.684375 0.29444444444444445 0.04375 0.06444444444444444
1 0.2225 0.4166666666666667 0.055 0.09555555555555556
1 0.2975 0.42 0.0725 0.10222222222222223
1 0.54875 0.43333333333333335 0.0625 0.09333333333333334
4 0.444375 0.6033333333333334 0.08625 0.18444444444444444
2 0.84625 0.4266666666666667 0.06 0.09333333333333334
1 0.565625 0.6144444444444445 0.08375 0.1622222222222222
1 0.555 0.35888888888888887 0.0575 0.09111111111111111
1 0.9025 0.5077777777777778 0.0725 0.11333333333333333
1 0.3825 0.28444444444444444 0.035 0.07111111111111111
1 0.761875 0.4177777777777778 0.05875 0.10666666666666667
