3 0.908125 0.6844444444444444 0.15375 0.18222222222222223
0 0.24875 0.2477777777777778 0.0725 0.12666666666666668
0 0.1225 0.46 0.1025 0.13333333333333333
0 0.6425 0.8822222222222222 0.1825 0.2311111111111111
2 0.5675 0.27666666666666667 0.07 0.12666666666666668
0 0.453125 0.8922222222222222 0.20125 0.2111111111111111
0 0.4875 0.2688888888888889 0.085 0.12444444444444444
2 0.240625 0.45 0.08625 0.17555555555555555
0 0.6025 0.6322222222222222 0.13 0.18
0 0.095 0.8611111111111112 0.1575 0.25555555555555554
0 0.473125 0.36 0.10125 0.13333333333333333
0 0.48125 0.48333333333333334 0.1025 0.13111111111111112
0 0.04875 0.6322222222222222 0.095 0.13555555555555557
0 0.29 0.3488888888888889 0.0875 0.13333333333333333
2 0.874375 0.3977777777777778 0.06375 0.11555555555555555
0 0.330625 0.2588888888888889 0.07125 0.12666666666666668
3 0.81875 0.5033333333333333 0.1125 0.18
7 0.40875 0.66 0.2475 0.32
2 0.90875 0.5022222222222222 0.08 0.16
0 0.1875 0.3622222222222222 0.0775 0.10666666666666667
0 0.16375 0.6255555555555555 0.145 0.2111111111111111
0 0.581875 0.49444444444444446 0.09875 0.12666666666666668
0 0.73 0.29888888888888887 0.075 0.11777777777777777
0 0.566875 0.3688888888888889 0.08375 0.1111111111111111
