2 0.11 0.8444444444444444 0.125 0.2222222222222222
2 0.25125 0.2611111111111111 0.0625 0.12222222222222222
2 0.601875 0.6088888888888889 0.11125 0.20444444444444446
2 0.14125 0.45666666666666667 0.0725 0.13111111111111112
2 0.825 0.48777777777777775 0.08 0.15777777777777777
2 0.2875 0.3411111111111111 0.06 0.15333333333333332
0 0.05375 0.63 0.1025 0.19333333333333333
2 0.465625 0.87 0.13125 0.23777777777777778
2 0.5575 0.35 0.0675 0.14444444444444443
3 0.054375 0.63 0.10125 0.20222222222222222
2 0.475625 0.5955555555555555 0.12125 0.2088888888888889
2 0.635 0.8844444444444445 0.14 0.21333333333333335
2 0.865625 0.39 0.05625 0.14
2 0.185 0.6077777777777778 0.1125 0.18444444444444444
2 0.48625 0.45555555555555555 0.09 0.1511111111111111
0 0.8275 0.3233333333333333 0.065 0.09555555555555556
2 0.785 0.3788888888888889 0.0675 0.14
2 0.905625 0.67 0.11625 0.22
2 0.570625 0.27555555555555555 0.07125 0.12
1 0.33125 0.2788888888888889 0.07 0.11777777777777777
2 0.919375 0.5011111111111111 0.06875 0.1622222222222222
0 0.74 0.29888888888888887 0.075 0.12222222222222222
1 0.489375 0.28444444444444444 0.09375 0.10222222222222223
2 0.228125 0.45 0.08625 0.15333333333333332
2 0.4675 0.35 0.075 0.13111111111111112
2 0.225 0.3422222222222222 0.0675 0.12444444444444444
2 0.5925 0.4577777777777778 0.075 0.15555555555555556
