2 0.826875 0.4922222222222222 0.08375 0.15333333333333332
2 0.4875 0.46 0.0925 0.13777777777777778
2 0.22625 0.3411111111111111 0.0675 0.12666666666666668
4 0.606875 0.61 0.09625 0.21555555555555556
2 0.469375 0.3511111111111111 0.07875 0.13777777777777778
2 0.253125 0.2588888888888889 0.06125 0.12666666666666668
4 0.744375 0.29555555555555557 0.06375 0.12444444444444444
2 0.47875 0.5944444444444444 0.12 0.2111111111111111
2 0.561875 0.34555555555555556 0.06375 0.14444444444444443
2 0.44125 0.8677777777777778 0.1425 0.25555555555555554
0 0.825625 0.33111111111111113 0.07125 0.07555555555555556
0 0.57375 0.2877777777777778 0.07 0.10444444444444445
2 0.591875 0.4622222222222222 0.08125 0.15555555555555556
2 0.054375 0.62 0.10875 0.18222222222222223
2 0.10375 0.8477777777777777 0.17 0.22444444444444445
2 0.2875 0.34444444444444444 0.06 0.14666666666666667
2 0.634375 0.8833333333333333 0.14125 0.21555555555555556
2 0.76875 0.38666666666666666 0.07 0.1288888888888889
1 0.894375 0.6666666666666666 0.11375 0.20444444444444446
1 0.484375 0.27555555555555555 0.09125 0.12444444444444444
2 0.865 0.39111111111111113 0.06 0.14222222222222222
2 0.2275 0.4488888888888889 0.0875 0.16
1 0.33 0.2733333333333333 0.0725 0.12444444444444444
2 0.136875 0.4633333333333333 0.08625 0.12666666666666668
0 0.175625 0.6188888888888889 0.11125 0.1622222222222222
2 0.920625 0.5022222222222222 0.08125 0.16444444444444445
