1 0.48875 0.36 0.0575 0.09777777777777778
1 0.5525 0.3244444444444444 0.0475 0.07111111111111111
1 0.5575 0.5088888888888888 0.0675 0.11555555555555555
1 0.84375 0.4255555555555556 0.065 0.09555555555555556
1 0.77125 0.32 0.0425 0.08888888888888889
1 0.2725 0.3433333333333333 0.055 0.11333333333333333
1 0.1525 0.5055555555555555 0.075 0.11777777777777777
1 0.8775 0.6144444444444445 0.0875 0.15777777777777777
2 0.71 0.3244444444444444 0.045 0.08
1 0.763125 0.42 0.05875 0.10666666666666667
1 0.49375 0.3322222222222222 0.05 0.06444444444444444
1 0.55125 0.28555555555555556 0.0475 0.07333333333333333
1 0.38 0.2911111111111111 0.0425 0.057777777777777775
2 0.331875 0.2777777777777778 0.03625 0.08
1 0.555 0.3611111111111111 0.0575 0.09111111111111111
1 0.176875 0.6177777777777778 0.12125 0.13777777777777778
1 0.369375 0.31555555555555553 0.04125 0.08444444444444445
1 0.565625 0.6111111111111112 0.08875 0.17333333333333334
1 0.964375 0.6077777777777778 0.06875 0.15777777777777777
1 0.241875 0.4922222222222222 0.07875 0.14
1 0.335625 0.35444444444444445 0.05375 0.09555555555555556
1 0.685 0.29333333333333333 0.0425 0.06666666666666667
3 0.81625 0.5066666666666667 0.095 0.11555555555555555
1 0.30875 0.31555555555555553 0.0375 0.07555555555555556
1 0.480625 0.4255555555555556 0.05625 0.09555555555555556
1 0.06125 0.61 0.0925 0.14
1 0.800625 0.36666666666666664 0.04625 0.08444444444444445
1 0.7425 0.36333333333333334 0.0525 0.08666666666666667
1 0.298125 0.42333333333333334 0.07875 0.1
1 0.224375 0.41333333333333333 0.06125 0.10666666666666667
1 0.903125 0.5066666666666667 0.07625 0.11555555555555555
1 0.455625 0.49333333333333335 0.09375 0.14222222222222222
2 0.496875 0.28444444444444444 0.04375 0.07111111111111111
1 0.549375 0.4411111111111111 0.06375 0.09555555555555556
2 0.74 0.2877777777777778 0.035 0.06888888888888889
