0 0.824375 0.33111111111111113 0.07125 0.07555555555555556
0 0.575 0.29 0.07 0.1
2 0.431875 0.8666666666666667 0.16875 0.2577777777777778
0 0.740625 0.29777777777777775 0.07875 0.12
2 0.225625 0.3422222222222222 0.06875 0.12444444444444444
2 0.46875 0.3511111111111111 0.0775 0.13333333333333333
2 0.924375 0.5022222222222222 0.07375 0.16444444444444445
2 0.865625 0.39111111111111113 0.05875 0.14222222222222222
2 0.13 0.46 0.1 0.1288888888888889
2 0.289375 0.34444444444444444 0.05875 0.14666666666666667
2 0.559375 0.3488888888888889 0.06375 0.14222222222222222
2 0.486875 0.4577777777777778 0.09375 0.14666666666666667
2 0.054375 0.6211111111111111 0.10875 0.18888888888888888
1 0.48625 0.2788888888888889 0.09 0.11333333333333333
2 0.10625 0.8433333333333334 0.1625 0.23333333333333334
4 0.606875 0.6111111111111112 0.09625 0.21333333333333335
2 0.825625 0.4888888888888889 0.08375 0.15555555555555556
1 0.898125 0.6733333333333333 0.12125 0.21333333333333335
2 0.77 0.38666666666666666 0.0725 0.13333333333333333
2 0.475625 0.5955555555555555 0.12375 0.2088888888888889
2 0.639375 0.8733333333333333 0.18875 0.2311111111111111
2 0.33 0.2733333333333333 0.0725 0.12444444444444444
2 0.226875 0.45 0.08625 0.16666666666666666
2 0.17625 0.6022222222222222 0.1125 0.19111111111111112
2 0.2525 0.2577777777777778 0.0625 0.12444444444444444
4 0.588125 0.46111111111111114 0.07625 0.14444444444444443
