2 0.598125 0.6066666666666667 0.10375 0.2
3 0.58375 0.45666666666666667 0.0775 0.15333333333333332
1 0.48125 0.31333333333333335 0.085 0.12444444444444444
2 0.824375 0.48777777777777775 0.07875 0.15777777777777777
2 0.575 0.2777777777777778 0.07 0.13333333333333333
2 0.86375 0.39222222222222225 0.0575 0.13111111111111112
1 0.830625 0.31222222222222223 0.06375 0.11777777777777777
2 0.48375 0.44333333333333336 0.1 0.1711111111111111
2 0.20625 0.34444444444444444 0.0575 0.12
2 0.47375 0.5988888888888889 0.1125 0.20666666666666667
2 0.45125 0.8644444444444445 0.125 0.25333333333333335
2 0.053125 0.6144444444444445 0.10625 0.1711111111111111
2 0.249375 0.2577777777777778 0.06375 0.12
3 0.101875 0.46555555555555556 0.09375 0.11777777777777777
2 0.295625 0.3388888888888889 0.07375 0.14888888888888888
2 0.2275 0.43777777777777777 0.0825 0.17777777777777778
0 0.485 0.28 0.1 0.10666666666666667
2 0.90375 0.5 0.065 0.14666666666666667
1 0.744375 0.3011111111111111 0.05625 0.11777777777777777
2 0.481875 0.34555555555555556 0.06875 0.13111111111111112
2 0.561875 0.3477777777777778 0.07125 0.15333333333333332
2 0.184375 0.61 0.11875 0.18
2 0.78 0.3788888888888889 0.0675 0.14444444444444443
5 0.6875 0.8277777777777777 0.1425 0.31333333333333335
2 0.09 0.8522222222222222 0.155 0.22
2 0.335 0.27555555555555555 0.0675 0.12444444444444444
