1 0.12875 0.4633333333333333 0.0725 0.12222222222222222
0 0.331875 0.28444444444444444 0.07125 0.1111111111111111
1 0.74375 0.3 0.0575 0.12
2 0.103125 0.8522222222222222 0.14125 0.22444444444444445
2 0.575625 0.2811111111111111 0.06875 0.13555555555555557
2 0.250625 0.2577777777777778 0.06625 0.12
2 0.21125 0.34444444444444444 0.0625 0.11555555555555555
2 0.18625 0.6077777777777778 0.12 0.18
5 0.688125 0.8266666666666667 0.14375 0.3111111111111111
2 0.823125 0.49 0.08125 0.1622222222222222
2 0.05 0.6133333333333333 0.1 0.17333333333333334
2 0.45125 0.8644444444444445 0.125 0.25333333333333335
2 0.9025 0.5011111111111111 0.065 0.14888888888888888
2 0.228125 0.4388888888888889 0.07875 0.1711111111111111
2 0.47875 0.3433333333333333 0.0725 0.13111111111111112
2 0.598125 0.6122222222222222 0.10625 0.20222222222222222
1 0.779375 0.38 0.07375 0.13777777777777778
2 0.5825 0.4588888888888889 0.075 0.14888888888888888
2 0.48375 0.44666666666666666 0.1025 0.1688888888888889
2 0.8625 0.39 0.06 0.13555555555555557
2 0.4725 0.6022222222222222 0.1175 0.2
0 0.485 0.2833333333333333 0.1 0.10444444444444445
2 0.561875 0.35 0.06875 0.14888888888888888
0 0.81875 0.3211111111111111 0.0775 0.09555555555555556
1 0.296875 0.3433333333333333 0.07625 0.14444444444444443
