2 0.575 0.28 0.07 0.1288888888888889
2 0.599375 0.6088888888888889 0.10375 0.20444444444444446
2 0.45 0.8666666666666667 0.125 0.24888888888888888
2 0.775625 0.38 0.06625 0.13333333333333333
2 0.863125 0.39111111111111113 0.05625 0.13777777777777778
2 0.823125 0.4911111111111111 0.08375 0.16
2 0.485 0.44333333333333336 0.1 0.17555555555555555
2 0.186875 0.6088888888888889 0.12125 0.18222222222222223
2 0.233125 0.44333333333333336 0.08875 0.16666666666666666
5 0.689375 0.8266666666666667 0.14125 0.3111111111111111
2 0.10375 0.8511111111111112 0.145 0.22666666666666666
2 0.903125 0.5 0.06375 0.14666666666666667
1 0.333125 0.28444444444444444 0.06875 0.1111111111111111
2 0.05 0.6155555555555555 0.1 0.17777777777777778
2 0.124375 0.46555555555555556 0.07875 0.12222222222222222
1 0.9 0.6677777777777778 0.125 0.18444444444444444
1 0.48375 0.2811111111111111 0.095 0.10444444444444445
2 0.48 0.3466666666666667 0.0675 0.13333333333333333
2 0.56125 0.35 0.0675 0.15333333333333332
1 0.744375 0.3011111111111111 0.05625 0.11777777777777777
2 0.294375 0.34 0.06875 0.14666666666666667
0 0.245625 0.2633333333333333 0.06125 0.11333333333333333
2 0.213125 0.3477777777777778 0.06875 0.11777777777777777
2 0.583125 0.4588888888888889 0.07375 0.15333333333333332
2 0.4775 0.6055555555555555 0.1175 0.19333333333333333
0 0.82375 0.3277777777777778 0.0675 0.09111111111111111
