2 0.104375 0.8522222222222222 0.14375 0.2288888888888889
2 0.745625 0.3 0.05625 0.12
2 0.57375 0.2811111111111111 0.0725 0.13555555555555557
0 0.4875 0.28555555555555556 0.095 0.1
5 0.6875 0.8277777777777777 0.1425 0.30444444444444446
2 0.484375 0.44333333333333336 0.11125 0.16666666666666666
2 0.598125 0.61 0.10625 0.20222222222222222
2 0.825625 0.31555555555555553 0.06125 0.10666666666666667
2 0.2475 0.26 0.065 0.11555555555555555
2 0.051875 0.6155555555555555 0.10375 0.17777777777777778
2 0.774375 0.38 0.07125 0.1288888888888889
2 0.861875 0.3877777777777778 0.05875 0.13555555555555557
2 0.23125 0.4444444444444444 0.0825 0.17333333333333334
2 0.295625 0.3422222222222222 0.08125 0.1511111111111111
2 0.5825 0.46 0.075 0.14222222222222222
2 0.451875 0.8633333333333333 0.12625 0.25555555555555554
2 0.48 0.3488888888888889 0.07 0.1288888888888889
3 0.89625 0.6711111111111111 0.1275 0.18666666666666668
2 0.561875 0.3522222222222222 0.07125 0.14444444444444443
2 0.339375 0.27111111111111114 0.06375 0.12
2 0.47125 0.6022222222222222 0.115 0.2
2 0.12375 0.4666666666666667 0.0775 0.12
2 0.82625 0.4866666666666667 0.08 0.15555555555555556
2 0.21375 0.34555555555555556 0.0675 0.11777777777777777
2 0.90125 0.5 0.0675 0.14666666666666667
2 0.185625 0.6044444444444445 0.11875 0.19111111111111112
