3 0.9 0.6722222222222223 0.13 0.18444444444444444
2 0.560625 0.35 0.06875 0.14444444444444443
2 0.2475 0.26 0.065 0.12
2 0.451875 0.8622222222222222 0.12625 0.2577777777777778
2 0.12 0.4666666666666667 0.08 0.12444444444444444
2 0.21125 0.34555555555555556 0.0725 0.11777777777777777
2 0.825 0.31666666666666665 0.065 0.10888888888888888
2 0.484375 0.44333333333333336 0.10875 0.1711111111111111
2 0.86375 0.39 0.0575 0.14
2 0.769375 0.37555555555555553 0.06125 0.13333333333333333
2 0.341875 0.27444444444444444 0.06125 0.12222222222222222
5 0.68875 0.8277777777777777 0.14 0.3088888888888889
2 0.57375 0.2822222222222222 0.0725 0.13333333333333333
2 0.051875 0.6166666666666667 0.10375 0.18
0 0.485625 0.28555555555555556 0.09875 0.09555555555555556
2 0.46875 0.6033333333333334 0.1125 0.20666666666666667
2 0.479375 0.3488888888888889 0.07125 0.13333333333333333
2 0.304375 0.34444444444444444 0.07875 0.1511111111111111
2 0.903125 0.5011111111111111 0.06625 0.14444444444444443
2 0.231875 0.44666666666666666 0.08125 0.17333333333333334
2 0.101875 0.8533333333333334 0.14875 0.22666666666666666
2 0.82625 0.4866666666666667 0.08 0.15555555555555556
2 0.581875 0.4588888888888889 0.07375 0.14444444444444443
2 0.745625 0.29888888888888887 0.05875 0.11777777777777777
2 0.19 0.6088888888888889 0.1125 0.18666666666666668
2 0.5975 0.61 0.1075 0.20222222222222222
