4 0.773125 0.37777777777777777 0.07375 0.13333333333333333
2 0.5975 0.6077777777777778 0.1125 0.20666666666666667
1 0.486875 0.44555555555555554 0.10125 0.16666666666666666
2 0.82875 0.49 0.08 0.15777777777777777
2 0.91375 0.49666666666666665 0.0775 0.15777777777777777
2 0.119375 0.45222222222222225 0.08625 0.14444444444444443
2 0.896875 0.6744444444444444 0.11625 0.18444444444444444
2 0.58375 0.4577777777777778 0.075 0.14666666666666667
2 0.476875 0.3433333333333333 0.09625 0.14888888888888888
2 0.83125 0.3055555555555556 0.07 0.12666666666666668
2 0.293125 0.34 0.07125 0.14222222222222222
2 0.2325 0.44 0.08 0.1688888888888889
2 0.105625 0.85 0.15125 0.2288888888888889
2 0.570625 0.35 0.07125 0.14888888888888888
0 0.483125 0.2877777777777778 0.09125 0.09111111111111111
2 0.205 0.3411111111111111 0.0675 0.12666666666666668
2 0.575625 0.2722222222222222 0.07125 0.11777777777777777
2 0.74375 0.29555555555555557 0.055 0.1288888888888889
2 0.47125 0.6044444444444445 0.1 0.20444444444444446
2 0.35625 0.25333333333333335 0.09 0.16
2 0.183125 0.6122222222222222 0.11625 0.17555555555555555
2 0.868125 0.39666666666666667 0.05375 0.13555555555555557
2 0.25375 0.2611111111111111 0.0575 0.13111111111111112
2 0.05125 0.6133333333333333 0.1025 0.17777777777777778
4 0.74375 0.2922222222222222 0.0575 0.13111111111111112
2 0.631875 0.8711111111111111 0.13125 0.22666666666666666
2 0.453125 0.8644444444444445 0.13125 0.24888888888888888
