2 0.259375 0.25 0.07375 0.12222222222222222
3 0.914375 0.5 0.07375 0.1511111111111111
2 0.1075 0.8466666666666667 0.1375 0.22666666666666666
2 0.21125 0.34 0.065 0.1288888888888889
2 0.634375 0.8744444444444445 0.12875 0.22444444444444445
2 0.48625 0.45222222222222225 0.085 0.1711111111111111
2 0.56 0.3477777777777778 0.0675 0.14444444444444443
2 0.821875 0.3 0.06875 0.13333333333333333
0 0.48125 0.28444444444444444 0.0925 0.09333333333333334
2 0.598125 0.6122222222222222 0.11375 0.20222222222222222
1 0.295 0.3377777777777778 0.0675 0.13777777777777778
2 0.4775 0.34555555555555556 0.0725 0.13555555555555557
2 0.183125 0.6111111111111112 0.11875 0.17333333333333334
2 0.868125 0.39222222222222225 0.05375 0.13555555555555557
2 0.2325 0.4411111111111111 0.0825 0.16666666666666666
2 0.575 0.27666666666666667 0.0725 0.12666666666666668
5 0.38 0.2288888888888889 0.065 0.22666666666666666
2 0.118125 0.4533333333333333 0.07625 0.14666666666666667
2 0.45625 0.8666666666666667 0.125 0.24888888888888888
2 0.744375 0.29333333333333333 0.05875 0.12444444444444444
2 0.58375 0.4577777777777778 0.075 0.1511111111111111
2 0.77875 0.37777777777777777 0.0675 0.13777777777777778
2 0.826875 0.4888888888888889 0.08375 0.16
2 0.05125 0.6077777777777778 0.1025 0.17555555555555555
2 0.475 0.6044444444444445 0.1025 0.2
2 0.889375 0.6666666666666666 0.08875 0.16444444444444445
