2 0.4775 0.34444444444444444 0.0725 0.14222222222222222
2 0.2575 0.25333333333333335 0.07 0.12
5 0.37625 0.23222222222222222 0.0675 0.22444444444444445
2 0.81875 0.3022222222222222 0.0725 0.1288888888888889
2 0.82875 0.4888888888888889 0.085 0.16
2 0.209375 0.3411111111111111 0.06625 0.13111111111111112
2 0.560625 0.3466666666666667 0.07125 0.1511111111111111
2 0.908125 0.4955555555555556 0.06875 0.16
1 0.775 0.3788888888888889 0.075 0.12222222222222222
2 0.578125 0.2777777777777778 0.07375 0.12
2 0.8925 0.67 0.09 0.15333333333333332
2 0.233125 0.44666666666666666 0.07375 0.16444444444444445
2 0.584375 0.46 0.07375 0.14222222222222222
2 0.05 0.6011111111111112 0.1 0.1711111111111111
2 0.778125 0.38222222222222224 0.07625 0.12
1 0.485 0.45666666666666667 0.1 0.14444444444444443
2 0.11875 0.4477777777777778 0.11 0.15333333333333332
0 0.4825 0.29 0.0925 0.08666666666666667
2 0.454375 0.86 0.12375 0.2577777777777778
2 0.598125 0.61 0.11375 0.20222222222222222
2 0.635625 0.8755555555555555 0.12375 0.2222222222222222
2 0.186875 0.61 0.11375 0.18
2 0.47375 0.6055555555555555 0.105 0.19777777777777777
2 0.294375 0.3377777777777778 0.06875 0.14666666666666667
2 0.865 0.39 0.0575 0.13555555555555557
2 0.105 0.8477777777777777 0.1425 0.22444444444444445
2 0.745 0.2966666666666667 0.06 0.13111111111111112
1 0.5775 0.28 0.0725 0.12
