0 0.23375 0.47333333333333333 0.11 0.14666666666666667
0 0.453125 0.8944444444444445 0.19375 0.19333333333333333
0 0.154375 0.6233333333333333 0.13125 0.20666666666666667
0 0.825 0.48777777777777775 0.1025 0.14444444444444443
0 0.648125 0.8833333333333333 0.17625 0.2288888888888889
0 0.11375 0.4777777777777778 0.115 0.1288888888888889
0 0.296875 0.37444444444444447 0.08625 0.09555555555555556
0 0.48875 0.2688888888888889 0.0825 0.12444444444444444
0 0.93 0.51 0.0975 0.14
0 0.474375 0.48777777777777775 0.12375 0.12222222222222222
0 0.4675 0.6288888888888889 0.1425 0.17777777777777778
0 0.9 0.6855555555555556 0.1125 0.20666666666666667
0 0.870625 0.40555555555555556 0.07625 0.10444444444444445
0 0.605625 0.6277777777777778 0.13125 0.20666666666666667
0 0.086875 0.8755555555555555 0.16375 0.24
0 0.479375 0.35555555555555557 0.09625 0.13333333333333333
0 0.05375 0.6322222222222222 0.0975 0.14888888888888888
0 0.745625 0.31222222222222223 0.08875 0.10444444444444445
7 0.60375 0.36777777777777776 0.16 0.20222222222222222
0 0.2075 0.35555555555555557 0.075 0.10666666666666667
0 0.590625 0.4955555555555556 0.11125 0.12
0 0.77375 0.4033333333333333 0.0825 0.09555555555555556
0 0.25 0.2733333333333333 0.07 0.10666666666666667
0 0.326875 0.2788888888888889 0.08125 0.11333333333333333
2 0.821875 0.30444444444444446 0.08125 0.13777777777777778
