0 0.48 0.35777777777777775 0.095 0.1288888888888889
0 0.58125 0.2833333333333333 0.08 0.10444444444444445
0 0.325625 0.2788888888888889 0.09125 0.10888888888888888
0 0.301875 0.35333333333333333 0.09125 0.1288888888888889
0 0.59375 0.49777777777777776 0.1125 0.12444444444444444
0 0.82625 0.5155555555555555 0.11 0.1288888888888889
1 0.824375 0.29888888888888887 0.07625 0.12222222222222222
0 0.249375 0.28555555555555556 0.07125 0.09555555555555556
7 0.608125 0.37444444444444447 0.15375 0.20222222222222222
0 0.9225 0.5177777777777778 0.095 0.13333333333333333
0 0.646875 0.8877777777777778 0.17875 0.22
2 0.209375 0.3477777777777778 0.07375 0.12222222222222222
0 0.051875 0.6044444444444445 0.10125 0.1688888888888889
0 0.11375 0.47888888888888886 0.12 0.12222222222222222
0 0.905625 0.6944444444444444 0.11375 0.19777777777777777
0 0.4675 0.6311111111111111 0.1475 0.1688888888888889
0 0.160625 0.6277777777777778 0.13375 0.19333333333333333
0 0.743125 0.31333333333333335 0.08875 0.10666666666666667
0 0.450625 0.8866666666666667 0.18125 0.20444444444444446
0 0.09 0.8755555555555555 0.1625 0.22666666666666666
0 0.234375 0.48 0.11125 0.13777777777777778
0 0.4775 0.4822222222222222 0.1275 0.13333333333333333
0 0.873125 0.4111111111111111 0.07875 0.09777777777777778
0 0.61875 0.65 0.11 0.14888888888888888
2 0.491875 0.2677777777777778 0.07625 0.13111111111111112
0 0.78625 0.39444444444444443 0.1 0.11333333333333333
