0 0.2475 0.28444444444444444 0.0675 0.09777777777777778
0 0.46625 0.6311111111111111 0.1475 0.16444444444444445
0 0.479375 0.35555555555555557 0.09125 0.12444444444444444
0 0.619375 0.6455555555555555 0.10875 0.15333333333333332
2 0.209375 0.3488888888888889 0.07125 0.12444444444444444
0 0.593125 0.49777777777777776 0.11375 0.1288888888888889
0 0.78375 0.4011111111111111 0.0875 0.10444444444444445
1 0.048125 0.6044444444444445 0.09625 0.1688888888888889
0 0.474375 0.4855555555555556 0.12375 0.13111111111111112
0 0.90625 0.6933333333333334 0.1125 0.19555555555555557
0 0.448125 0.8877777777777778 0.17875 0.22
0 0.87125 0.4122222222222222 0.08 0.09555555555555556
0 0.57875 0.28444444444444444 0.075 0.10222222222222223
0 0.16125 0.63 0.13 0.18
0 0.744375 0.31444444444444447 0.09125 0.10444444444444445
2 0.491875 0.26666666666666666 0.07875 0.1288888888888889
0 0.113125 0.47888888888888886 0.11625 0.12666666666666668
0 0.233125 0.4777777777777778 0.11125 0.14222222222222222
0 0.925625 0.5233333333333333 0.09875 0.12666666666666668
0 0.325 0.2822222222222222 0.09 0.10666666666666667
0 0.086875 0.8733333333333333 0.16375 0.22666666666666666
0 0.821875 0.5155555555555555 0.10625 0.12444444444444444
0 0.05 0.6022222222222222 0.1 0.17777777777777778
0 0.645625 0.8844444444444445 0.17625 0.22666666666666666
7 0.606875 0.36777777777777776 0.16125 0.2111111111111111
0 0.295 0.36333333333333334 0.095 0.10888888888888888
