0 0.325625 0.28444444444444444 0.09625 0.10666666666666667
0 0.476875 0.4855555555555556 0.12875 0.13555555555555557
7 0.608125 0.3877777777777778 0.14125 0.22
0 0.8725 0.41333333333333333 0.08 0.09333333333333334
0 0.480625 0.35888888888888887 0.09625 0.12666666666666668
0 0.646875 0.8844444444444445 0.17125 0.22666666666666666
0 0.906875 0.6944444444444444 0.11375 0.19777777777777777
0 0.928125 0.5311111111111111 0.10375 0.12
0 0.5775 0.2811111111111111 0.075 0.1
0 0.235 0.4777777777777778 0.1125 0.14666666666666667
0 0.295625 0.37 0.10125 0.09555555555555556
0 0.115 0.4777777777777778 0.1175 0.12444444444444444
0 0.616875 0.6477777777777778 0.11625 0.15333333333333332
0 0.1625 0.6377777777777778 0.135 0.17333333333333334
0 0.745625 0.31444444444444447 0.09375 0.10444444444444445
0 0.5925 0.48444444444444446 0.115 0.15555555555555556
2 0.49125 0.26666666666666666 0.0775 0.1288888888888889
0 0.466875 0.6311111111111111 0.14875 0.16444444444444445
0 0.45125 0.8855555555555555 0.185 0.21555555555555556
0 0.04875 0.62 0.095 0.17777777777777778
0 0.094375 0.8777777777777778 0.15375 0.2222222222222222
2 0.20875 0.3488888888888889 0.0725 0.12
0 0.245 0.28 0.07 0.10222222222222223
0 0.8225 0.5155555555555555 0.1075 0.12444444444444444
0 0.785 0.4077777777777778 0.0925 0.1
