0 0.045625 0.62 0.09125 0.15555555555555556
0 0.8225 0.5133333333333333 0.1075 0.12
0 0.091875 0.8788888888888889 0.16875 0.23777777777777778
0 0.57875 0.37222222222222223 0.0975 0.12666666666666668
0 0.1675 0.6222222222222222 0.16 0.19555555555555557
0 0.2475 0.2733333333333333 0.065 0.12
7 0.596875 0.3511111111111111 0.13375 0.16
0 0.783125 0.41333333333333333 0.09125 0.09777777777777778
0 0.239375 0.4777777777777778 0.11125 0.13777777777777778
0 0.446875 0.8977777777777778 0.19125 0.2
0 0.5975 0.49666666666666665 0.115 0.13555555555555557
2 0.3225 0.27444444444444444 0.0875 0.10888888888888888
0 0.12 0.4855555555555556 0.11 0.11777777777777777
0 0.643125 0.8844444444444445 0.18875 0.22666666666666666
0 0.473125 0.6377777777777778 0.13375 0.15555555555555556
0 0.87125 0.4 0.08 0.1111111111111111
0 0.90625 0.7055555555555556 0.1175 0.20666666666666667
0 0.933125 0.5133333333333333 0.10875 0.14666666666666667
1 0.209375 0.3477777777777778 0.07125 0.11333333333333333
0 0.8275 0.32 0.08 0.10666666666666667
0 0.485 0.4922222222222222 0.12 0.12666666666666668
0 0.47875 0.3655555555555556 0.0975 0.11333333333333333
0 0.618125 0.63 0.12375 0.18
0 0.48625 0.27555555555555555 0.0825 0.12
0 0.745625 0.31555555555555553 0.09125 0.10222222222222223
0 0.2975 0.37444444444444447 0.095 0.09111111111111111
