0 0.1175 0.4855555555555556 0.1075 0.11777777777777777
0 0.471875 0.6422222222222222 0.13125 0.1511111111111111
0 0.575625 0.29333333333333333 0.08125 0.09333333333333334
0 0.641875 0.8844444444444445 0.17125 0.2222222222222222
0 0.818125 0.5177777777777778 0.10375 0.1111111111111111
2 0.209375 0.35 0.07125 0.10888888888888888
0 0.08875 0.8722222222222222 0.17 0.23777777777777778
0 0.474375 0.34555555555555556 0.08875 0.14
0 0.78625 0.41333333333333333 0.095 0.09333333333333334
0 0.933125 0.5111111111111111 0.10625 0.14666666666666667
0 0.740625 0.29888888888888887 0.07625 0.12222222222222222
0 0.595 0.4911111111111111 0.11 0.14666666666666667
1 0.486875 0.27555555555555555 0.08625 0.12
0 0.236875 0.4777777777777778 0.10875 0.14222222222222222
0 0.168125 0.6188888888888889 0.16125 0.18888888888888888
0 0.045625 0.62 0.09125 0.14666666666666667
1 0.905 0.6933333333333334 0.115 0.18666666666666668
0 0.295 0.37444444444444447 0.095 0.09111111111111111
0 0.625625 0.6488888888888888 0.10375 0.14666666666666667
0 0.485 0.2811111111111111 0.0875 0.12666666666666668
0 0.251875 0.2677777777777778 0.06625 0.12666666666666668
0 0.87 0.3988888888888889 0.08 0.11333333333333333
0 0.481875 0.49 0.11375 0.13111111111111112
7 0.605625 0.33111111111111113 0.14875 0.2088888888888889
2 0.316875 0.2722222222222222 0.06625 0.10888888888888888
0 0.82625 0.31666666666666665 0.085 0.10888888888888888
0 0.44375 0.8966666666666666 0.19 0.19333333333333333
