0 0.11875 0.4866666666666667 0.1075 0.11555555555555555
2 0.22375 0.45111111111111113 0.0925 0.17333333333333334
0 0.9225 0.5166666666666667 0.095 0.13555555555555557
0 0.246875 0.2633333333333333 0.06125 0.12222222222222222
0 0.298125 0.37444444444444447 0.09875 0.09111111111111111
0 0.470625 0.6322222222222222 0.14125 0.1622222222222222
0 0.046875 0.62 0.09375 0.1511111111111111
0 0.445 0.9022222222222223 0.1975 0.18666666666666668
0 0.8275 0.3188888888888889 0.08 0.11333333333333333
0 0.484375 0.4922222222222222 0.12125 0.13111111111111112
0 0.625625 0.6511111111111111 0.10625 0.14222222222222222
0 0.871875 0.3988888888888889 0.07875 0.11333333333333333
0 0.74 0.30777777777777776 0.0775 0.10888888888888888
2 0.47375 0.35 0.075 0.14
0 0.165625 0.6277777777777778 0.14125 0.17555555555555555
0 0.585 0.49333333333333335 0.09 0.13777777777777778
0 0.086875 0.8711111111111111 0.16375 0.24
2 0.2075 0.35 0.0725 0.10888888888888888
0 0.783125 0.4111111111111111 0.09375 0.09777777777777778
0 0.575625 0.29 0.07375 0.10888888888888888
0 0.820625 0.5177777777777778 0.10375 0.11555555555555555
0 0.90625 0.7011111111111111 0.1125 0.2111111111111111
0 0.318125 0.2777777777777778 0.07125 0.10222222222222223
0 0.641875 0.8844444444444445 0.18375 0.22666666666666666
0 0.57125 0.3655555555555556 0.095 0.14
