0 0.605625 0.6433333333333333 0.13375 0.1711111111111111
0 0.59375 0.49666666666666665 0.1075 0.13555555555555557
0 0.870625 0.40444444444444444 0.08125 0.1111111111111111
1 0.471875 0.3522222222222222 0.08875 0.14888888888888888
0 0.574375 0.37666666666666665 0.10125 0.11333333333333333
0 0.82625 0.3188888888888889 0.0825 0.10888888888888888
0 0.1675 0.6255555555555555 0.1425 0.18
0 0.114375 0.4811111111111111 0.11125 0.12666666666666668
0 0.046875 0.6266666666666667 0.09375 0.1688888888888889
0 0.92125 0.5166666666666667 0.09 0.13111111111111112
0 0.586875 0.28444444444444444 0.09125 0.1288888888888889
0 0.74 0.3022222222222222 0.0725 0.1111111111111111
0 0.901875 0.6811111111111111 0.12125 0.18888888888888888
0 0.48375 0.27666666666666667 0.09 0.11777777777777777
0 0.469375 0.6333333333333333 0.14875 0.15555555555555556
0 0.784375 0.4122222222222222 0.08875 0.1
0 0.25 0.2611111111111111 0.065 0.12666666666666668
2 0.22125 0.45555555555555555 0.0975 0.17333333333333334
0 0.814375 0.5177777777777778 0.10125 0.11555555555555555
0 0.483125 0.48777777777777775 0.12125 0.13111111111111112
7 0.60125 0.2877777777777778 0.1375 0.1622222222222222
0 0.084375 0.8911111111111111 0.16625 0.20444444444444446
0 0.33125 0.27666666666666667 0.065 0.12222222222222222
0 0.445625 0.9 0.19125 0.18666666666666668
0 0.291875 0.37333333333333335 0.09375 0.09333333333333334
2 0.2125 0.3388888888888889 0.07 0.12666666666666668
0 0.639375 0.8877777777777778 0.17875 0.22
