0 0.640625 0.8866666666666667 0.18375 0.21777777777777776
2 0.875 0.4033333333333333 0.0675 0.12666666666666668
0 0.595625 0.49444444444444446 0.10625 0.12222222222222222
0 0.48375 0.5011111111111111 0.1175 0.11777777777777777
0 0.159375 0.6377777777777778 0.13875 0.17333333333333334
0 0.475625 0.6455555555555555 0.13875 0.15333333333333332
0 0.25375 0.26 0.065 0.12
0 0.294375 0.37444444444444447 0.09125 0.09555555555555556
0 0.22875 0.47444444444444445 0.105 0.15777777777777777
0 0.89875 0.6722222222222223 0.125 0.18444444444444444
0 0.444375 0.8988888888888888 0.19125 0.18888888888888888
0 0.605 0.6322222222222222 0.125 0.18888888888888888
0 0.115625 0.47555555555555556 0.10875 0.1288888888888889
0 0.825 0.3233333333333333 0.0825 0.1
0 0.92125 0.5155555555555555 0.095 0.13777777777777778
0 0.49375 0.27666666666666667 0.075 0.10888888888888888
0 0.0475 0.6211111111111111 0.095 0.16666666666666666
0 0.814375 0.5 0.09625 0.14666666666666667
7 0.348125 0.29 0.14875 0.18888888888888888
0 0.56875 0.37333333333333335 0.0975 0.12
0 0.08375 0.8966666666666666 0.16 0.18888888888888888
0 0.781875 0.4077777777777778 0.09125 0.09111111111111111
0 0.484375 0.37555555555555553 0.07625 0.09777777777777778
0 0.575 0.2922222222222222 0.0775 0.09555555555555556
3 0.215 0.3288888888888889 0.0675 0.14222222222222222
0 0.743125 0.30666666666666664 0.06875 0.1111111111111111
