2 0.295 0.34444444444444444 0.085 0.14222222222222222
0 0.784375 0.41333333333333333 0.08875 0.09777777777777778
0 0.10875 0.48444444444444446 0.1175 0.12
0 0.928125 0.5244444444444445 0.08875 0.13777777777777778
2 0.4775 0.34555555555555556 0.0625 0.14
0 0.82625 0.31222222222222223 0.0875 0.12222222222222222
2 0.215625 0.33444444444444443 0.07125 0.13111111111111112
0 0.59375 0.5011111111111111 0.1075 0.12222222222222222
1 0.47625 0.46555555555555556 0.1175 0.1622222222222222
1 0.29375 0.34444444444444444 0.0875 0.14222222222222222
1 0.563125 0.36 0.10125 0.14666666666666667
0 0.090625 0.8811111111111111 0.17875 0.21555555555555556
1 0.221875 0.44666666666666666 0.09375 0.18222222222222223
0 0.468125 0.6388888888888888 0.15375 0.1622222222222222
0 0.6425 0.8855555555555555 0.1875 0.22444444444444445
0 0.59875 0.62 0.1075 0.21333333333333335
0 0.87 0.40444444444444444 0.0825 0.1111111111111111
0 0.9075 0.6733333333333333 0.135 0.19111111111111112
0 0.740625 0.3244444444444444 0.07625 0.08444444444444445
1 0.4825 0.32555555555555554 0.0725 0.13555555555555557
0 0.583125 0.2911111111111111 0.07625 0.1111111111111111
0 0.164375 0.6622222222222223 0.12875 0.14222222222222222
1 0.49 0.2811111111111111 0.085 0.11333333333333333
0 0.324375 0.2677777777777778 0.07375 0.11777777777777777
0 0.24875 0.2577777777777778 0.0675 0.13333333333333333
0 0.8175 0.5233333333333333 0.1 0.11777777777777777
0 0.05 0.6366666666666667 0.1 0.13111111111111112
0 0.441875 0.8955555555555555 0.18875 0.2
