0 0.640625 0.8866666666666667 0.18625 0.2222222222222222
0 0.6075 0.6466666666666666 0.1325 0.17777777777777778
0 0.095625 0.8622222222222222 0.16625 0.23555555555555555
2 0.220625 0.45 0.08625 0.18
0 0.826875 0.3277777777777778 0.09125 0.08666666666666667
0 0.4675 0.6388888888888888 0.15 0.1622222222222222
0 0.58 0.28555555555555556 0.085 0.11333333333333333
0 0.050625 0.6411111111111111 0.10125 0.12666666666666668
0 0.475 0.4888888888888889 0.1225 0.1288888888888889
0 0.92625 0.5166666666666667 0.085 0.13555555555555557
0 0.255 0.2544444444444444 0.0675 0.12222222222222222
0 0.488125 0.2777777777777778 0.09125 0.1111111111111111
0 0.8275 0.5011111111111111 0.1 0.13555555555555557
0 0.443125 0.8922222222222222 0.18375 0.21555555555555556
0 0.318125 0.2677777777777778 0.06875 0.11777777777777777
3 0.935625 0.6811111111111111 0.12125 0.20666666666666667
0 0.78375 0.4111111111111111 0.09 0.09777777777777778
1 0.4775 0.34555555555555556 0.0675 0.14
1 0.575 0.3622222222222222 0.065 0.13333333333333333
0 0.740625 0.3233333333333333 0.07625 0.08222222222222222
0 0.17 0.6533333333333333 0.13 0.15555555555555556
0 0.110625 0.48444444444444446 0.11625 0.12
0 0.59125 0.4888888888888889 0.105 0.1288888888888889
0 0.289375 0.37 0.08375 0.10444444444444445
0 0.873125 0.4 0.07875 0.11555555555555555
2 0.210625 0.3433333333333333 0.06625 0.11777777777777777
