0 0.58 0.2811111111111111 0.075 0.12666666666666668
0 0.785625 0.4122222222222222 0.09375 0.1
0 0.609375 0.6422222222222222 0.13375 0.17333333333333334
1 0.116875 0.4677777777777778 0.10375 0.13555555555555557
0 0.938125 0.5222222222222223 0.11875 0.13777777777777778
0 0.325625 0.27 0.07625 0.11777777777777777
0 0.47125 0.6288888888888889 0.1525 0.18666666666666668
0 0.74 0.30333333333333334 0.0775 0.11777777777777777
0 0.87625 0.41555555555555557 0.07 0.09777777777777778
0 0.594375 0.48777777777777775 0.11625 0.13111111111111112
0 0.905 0.6733333333333333 0.1325 0.17777777777777778
0 0.566875 0.37555555555555553 0.10375 0.11555555555555555
0 0.09375 0.8888888888888888 0.1775 0.2
0 0.479375 0.4866666666666667 0.12375 0.13333333333333333
0 0.2225 0.45555555555555555 0.095 0.17777777777777778
0 0.8175 0.5011111111111111 0.1025 0.14
0 0.49625 0.2811111111111111 0.0725 0.10444444444444445
0 0.826875 0.3211111111111111 0.08375 0.11333333333333333
0 0.16375 0.65 0.1375 0.1622222222222222
0 0.29125 0.37444444444444447 0.09 0.09555555555555556
0 0.256875 0.2577777777777778 0.07125 0.12
0 0.445625 0.8911111111111111 0.19375 0.2088888888888889
7 0.4425 0.33111111111111113 0.1475 0.20444444444444446
0 0.64375 0.8833333333333333 0.185 0.2288888888888889
