0 0.73875 0.32 0.08 0.09333333333333334
0 0.16375 0.6566666666666666 0.135 0.15333333333333332
0 0.643125 0.8877777777777778 0.19125 0.22
0 0.87125 0.41888888888888887 0.0825 0.1
0 0.909375 0.6711111111111111 0.13875 0.18222222222222223
0 0.2525 0.25222222222222224 0.07 0.11333333333333333
0 0.825 0.31666666666666665 0.085 0.11333333333333333
0 0.5 0.2866666666666667 0.07 0.09777777777777778
3 0.206875 0.3377777777777778 0.07375 0.12444444444444444
7 0.44625 0.35444444444444445 0.1575 0.2111111111111111
0 0.580625 0.2822222222222222 0.07125 0.1288888888888889
2 0.32625 0.2677777777777778 0.075 0.11333333333333333
1 0.593125 0.4911111111111111 0.11375 0.14222222222222222
0 0.45375 0.8855555555555555 0.1775 0.22
0 0.56375 0.36 0.095 0.1511111111111111
0 0.4775 0.4866666666666667 0.1225 0.13777777777777778
0 0.46875 0.63 0.15 0.18444444444444444
0 0.78375 0.4111111111111111 0.09 0.09777777777777778
0 0.289375 0.37444444444444447 0.08875 0.09555555555555556
0 0.09125 0.8844444444444445 0.1775 0.2
0 0.049375 0.6411111111111111 0.09875 0.12222222222222222
0 0.60875 0.6577777777777778 0.13 0.14222222222222222
0 0.9375 0.5233333333333333 0.115 0.13555555555555557
2 0.115 0.4677777777777778 0.11 0.13555555555555557
0 0.224375 0.45 0.09625 0.1711111111111111
0 0.820625 0.52 0.10625 0.12
