0 0.2575 0.2644444444444444 0.0725 0.12444444444444444
0 0.49 0.38333333333333336 0.0775 0.10444444444444445
2 0.225 0.34555555555555556 0.07 0.12666666666666668
1 0.5925 0.4911111111111111 0.1025 0.13777777777777778
0 0.436875 0.9044444444444445 0.19875 0.18222222222222223
0 0.580625 0.29333333333333333 0.08375 0.10666666666666667
0 0.158125 0.6533333333333333 0.13125 0.16444444444444445
0 0.29875 0.34555555555555556 0.08 0.14444444444444443
7 0.24375 0.6022222222222222 0.225 0.35555555555555557
0 0.82 0.5133333333333333 0.1 0.1288888888888889
0 0.08375 0.8744444444444445 0.1575 0.21555555555555556
0 0.48375 0.49444444444444446 0.1125 0.12222222222222222
0 0.606875 0.6411111111111111 0.12875 0.18888888888888888
0 0.938125 0.5288888888888889 0.11625 0.14666666666666667
0 0.7725 0.4 0.09 0.09777777777777778
0 0.64125 0.8888888888888888 0.19 0.21777777777777776
0 0.874375 0.4011111111111111 0.07375 0.11777777777777777
0 0.83 0.31777777777777777 0.0775 0.1111111111111111
0 0.115 0.4722222222222222 0.11 0.13111111111111112
0 0.465625 0.63 0.14875 0.1711111111111111
0 0.48625 0.29444444444444445 0.09 0.09111111111111111
2 0.33375 0.26666666666666666 0.0625 0.12
0 0.905625 0.6688888888888889 0.14125 0.18222222222222223
0 0.745 0.32666666666666666 0.0775 0.07555555555555556
0 0.563125 0.3622222222222222 0.08125 0.1288888888888889
0 0.049375 0.62 0.09875 0.14666666666666667
