0 0.08625 0.8777777777777778 0.1525 0.21333333333333335
0 0.485 0.49333333333333335 0.115 0.12444444444444444
0 0.873125 0.4033333333333333 0.07875 0.11777777777777777
0 0.4875 0.3788888888888889 0.08 0.10444444444444445
0 0.05 0.6111111111111112 0.1 0.18666666666666668
1 0.595 0.49 0.105 0.13555555555555557
0 0.82 0.5222222222222223 0.105 0.12444444444444444
0 0.44 0.9022222222222223 0.195 0.19111111111111112
0 0.94 0.5333333333333333 0.1175 0.14222222222222222
0 0.265 0.2588888888888889 0.0575 0.12222222222222222
0 0.74375 0.32666666666666666 0.0775 0.07555555555555556
0 0.90625 0.6711111111111111 0.1425 0.17777777777777778
2 0.118125 0.4722222222222222 0.10625 0.13555555555555557
2 0.328125 0.2677777777777778 0.06375 0.12222222222222222
0 0.5675 0.3622222222222222 0.0875 0.13333333333333333
0 0.83125 0.31777777777777777 0.0775 0.1111111111111111
0 0.5825 0.2922222222222222 0.0825 0.10888888888888888
0 0.776875 0.3977777777777778 0.10125 0.10222222222222223
0 0.640625 0.8877777777777778 0.19375 0.21555555555555556
0 0.488125 0.2777777777777778 0.09375 0.11555555555555555
0 0.15875 0.6511111111111111 0.1275 0.16444444444444445
0 0.608125 0.6366666666666667 0.13375 0.18444444444444444
0 0.47 0.6288888888888889 0.1525 0.18222222222222223
