0 0.088125 0.8722222222222222 0.16625 0.2288888888888889
0 0.29875 0.3522222222222222 0.0675 0.12666666666666668
0 0.6375 0.8833333333333333 0.1775 0.2288888888888889
0 0.7475 0.30444444444444446 0.065 0.10666666666666667
0 0.78625 0.41444444444444445 0.09 0.09555555555555556
0 0.47375 0.34555555555555556 0.0925 0.14
2 0.870625 0.4011111111111111 0.07375 0.12222222222222222
0 0.159375 0.6444444444444445 0.13125 0.17777777777777778
0 0.60875 0.6422222222222222 0.1325 0.18666666666666668
0 0.574375 0.2822222222222222 0.07125 0.11555555555555555
0 0.490625 0.2877777777777778 0.08875 0.09111111111111111
0 0.4825 0.49777777777777776 0.115 0.12
0 0.443125 0.9066666666666666 0.19625 0.17777777777777778
2 0.3225 0.27 0.0675 0.11777777777777777
0 0.8175 0.5188888888888888 0.105 0.12222222222222222
3 0.915 0.5222222222222223 0.0925 0.1511111111111111
1 0.590625 0.48777777777777775 0.10625 0.14
2 0.223125 0.44 0.09125 0.19555555555555557
0 0.045625 0.6366666666666667 0.08375 0.12222222222222222
0 0.115 0.48444444444444446 0.1075 0.12
0 0.47 0.6466666666666666 0.1425 0.13777777777777778
0 0.9 0.6733333333333333 0.135 0.18666666666666668
0 0.23875 0.2611111111111111 0.07 0.13111111111111112
0 0.573125 0.37444444444444447 0.10125 0.12222222222222222
2 0.819375 0.3111111111111111 0.07125 0.11555555555555555
