0 0.593125 0.4855555555555556 0.10875 0.12666666666666668
0 0.82 0.5166666666666667 0.1075 0.13111111111111112
2 0.325625 0.2722222222222222 0.07125 0.11777777777777777
0 0.56875 0.3655555555555556 0.1025 0.13555555555555557
0 0.919375 0.5288888888888889 0.09875 0.13777777777777778
0 0.635625 0.8844444444444445 0.17375 0.21777777777777776
2 0.2225 0.4411111111111111 0.09 0.18888888888888888
0 0.7475 0.3 0.06 0.10666666666666667
2 0.875 0.40444444444444444 0.0825 0.11555555555555555
2 0.47625 0.3477777777777778 0.065 0.14
2 0.111875 0.4722222222222222 0.11125 0.13555555555555557
0 0.574375 0.2833333333333333 0.07625 0.11777777777777777
2 0.25375 0.25 0.0725 0.12222222222222222
0 0.04375 0.6388888888888888 0.085 0.14
0 0.29875 0.3511111111111111 0.0675 0.12444444444444444
0 0.45 0.8922222222222222 0.1825 0.2111111111111111
0 0.609375 0.6422222222222222 0.13375 0.18222222222222223
0 0.785 0.41333333333333333 0.0875 0.09333333333333334
0 0.0875 0.8644444444444445 0.1675 0.23555555555555555
0 0.471875 0.6244444444444445 0.14375 0.17333333333333334
0 0.159375 0.65 0.12875 0.16666666666666666
0 0.470625 0.48333333333333334 0.12375 0.12666666666666668
1 0.485 0.27111111111111114 0.09 0.12
0 0.90125 0.6766666666666666 0.135 0.18
