2 0.293125 0.34555555555555556 0.06375 0.14888888888888888
2 0.931875 0.5044444444444445 0.10375 0.1688888888888889
2 0.585 0.47444444444444445 0.08 0.14
2 0.1075 0.8477777777777777 0.1325 0.22
0 0.161875 0.6377777777777778 0.12875 0.18666666666666668
2 0.228125 0.3388888888888889 0.06875 0.12666666666666668
2 0.8225 0.4911111111111111 0.0825 0.1511111111111111
2 0.6275 0.8811111111111111 0.1475 0.2288888888888889
2 0.048125 0.6188888888888889 0.09375 0.19777777777777777
2 0.865625 0.39666666666666667 0.05875 0.12222222222222222
2 0.23 0.44 0.09 0.17333333333333334
4 0.74625 0.29777777777777775 0.0725 0.12444444444444444
0 0.575625 0.28 0.07625 0.1111111111111111
1 0.78375 0.4 0.085 0.1111111111111111
2 0.493125 0.27444444444444444 0.06875 0.11777777777777777
3 0.8925 0.6666666666666666 0.0925 0.16444444444444445
2 0.33 0.2677777777777778 0.06 0.12222222222222222
2 0.488125 0.45666666666666667 0.08375 0.14888888888888888
2 0.10125 0.47555555555555556 0.1 0.13777777777777778
1 0.599375 0.6022222222222222 0.11125 0.20444444444444446
2 0.82875 0.30333333333333334 0.0775 0.12666666666666668
2 0.4525 0.8533333333333334 0.125 0.27111111111111114
4 0.471875 0.5944444444444444 0.10875 0.22
2 0.24875 0.25222222222222224 0.07 0.12222222222222222
0 0.57 0.36666666666666664 0.1 0.1288888888888889
