0 0.575 0.2811111111111111 0.0775 0.11333333333333333
2 0.25125 0.25555555555555554 0.065 0.12
2 0.785625 0.39555555555555555 0.08875 0.11555555555555555
2 0.569375 0.3655555555555556 0.10375 0.14
1 0.569375 0.36333333333333334 0.10375 0.13555555555555557
4 0.469375 0.61 0.09875 0.20222222222222222
2 0.62875 0.8811111111111111 0.1475 0.22
2 0.106875 0.8466666666666667 0.13125 0.2222222222222222
2 0.48625 0.4622222222222222 0.0975 0.13777777777777778
2 0.45125 0.8633333333333333 0.1275 0.24666666666666667
4 0.606875 0.6133333333333333 0.09375 0.21333333333333335
2 0.585625 0.47444444444444445 0.08125 0.14
2 0.82375 0.49333333333333335 0.08 0.14666666666666667
2 0.226875 0.34 0.07125 0.12444444444444444
2 0.32875 0.2677777777777778 0.0625 0.11777777777777777
2 0.045625 0.6188888888888889 0.09125 0.19777777777777777
2 0.8275 0.3055555555555556 0.075 0.12666666666666668
2 0.8675 0.3988888888888889 0.055 0.11777777777777777
2 0.22875 0.4388888888888889 0.09 0.17555555555555555
2 0.491875 0.27555555555555555 0.06625 0.11555555555555555
4 0.7475 0.29777777777777775 0.07 0.12
0 0.1625 0.6344444444444445 0.13 0.19333333333333333
2 0.93125 0.5011111111111111 0.1 0.15777777777777777
2 0.89125 0.6666666666666666 0.0875 0.16
2 0.0975 0.47555555555555556 0.1075 0.14222222222222222
2 0.2925 0.3466666666666667 0.0625 0.14222222222222222
