2 0.829375 0.30333333333333334 0.07625 0.12666666666666668
4 0.469375 0.6055555555555555 0.09875 0.20666666666666667
2 0.22875 0.4388888888888889 0.0875 0.17555555555555555
2 0.629375 0.8822222222222222 0.14875 0.21777777777777776
2 0.894375 0.6677777777777778 0.08625 0.15333333333333332
4 0.60625 0.6166666666666667 0.0975 0.2111111111111111
2 0.106875 0.8466666666666667 0.13125 0.2222222222222222
2 0.931875 0.5011111111111111 0.09875 0.15777777777777777
2 0.451875 0.8622222222222222 0.12625 0.25333333333333335
2 0.256875 0.2544444444444444 0.06625 0.11777777777777777
2 0.4825 0.4622222222222222 0.1075 0.13777777777777778
2 0.821875 0.49444444444444446 0.08375 0.14888888888888888
2 0.0975 0.47555555555555556 0.1075 0.13777777777777778
2 0.778125 0.39111111111111113 0.07875 0.12444444444444444
2 0.226875 0.34 0.06875 0.12444444444444444
4 0.745625 0.2966666666666667 0.07125 0.12222222222222222
4 0.32875 0.2777777777777778 0.0675 0.09777777777777778
2 0.585625 0.4711111111111111 0.08125 0.13333333333333333
2 0.0475 0.6211111111111111 0.095 0.19333333333333333
2 0.29375 0.3466666666666667 0.0625 0.14666666666666667
0 0.160625 0.6355555555555555 0.13375 0.19111111111111112
0 0.56625 0.36333333333333334 0.095 0.13555555555555557
2 0.4925 0.27666666666666667 0.0675 0.11777777777777777
0 0.574375 0.2822222222222222 0.07625 0.1111111111111111
2 0.868125 0.4 0.05375 0.12
