2 0.90375 0.6711111111111111 0.075 0.1511111111111111
3 0.77875 0.3811111111111111 0.0725 0.14888888888888888
2 0.23 0.44222222222222224 0.0925 0.17333333333333334
2 0.6 0.6066666666666667 0.11 0.20444444444444446
2 0.451875 0.8622222222222222 0.12625 0.2577777777777778
2 0.91125 0.5033333333333333 0.075 0.14444444444444443
2 0.586875 0.47333333333333333 0.08625 0.13777777777777778
0 0.483125 0.35444444444444445 0.08125 0.12666666666666668
0 0.16125 0.6488888888888888 0.1375 0.17777777777777778
2 0.8225 0.48444444444444446 0.085 0.15555555555555556
2 0.22375 0.3411111111111111 0.07 0.12666666666666668
2 0.0475 0.6188888888888889 0.0925 0.20222222222222222
0 0.58 0.2822222222222222 0.0875 0.12444444444444444
2 0.626875 0.8811111111111111 0.14625 0.22
2 0.826875 0.3088888888888889 0.08625 0.13333333333333333
2 0.4925 0.27666666666666667 0.0675 0.11333333333333333
2 0.253125 0.2511111111111111 0.06125 0.1288888888888889
2 0.10625 0.8466666666666667 0.1325 0.22666666666666666
2 0.869375 0.4077777777777778 0.05625 0.11333333333333333
2 0.481875 0.46555555555555556 0.11125 0.14444444444444443
0 0.3275 0.2611111111111111 0.0625 0.13555555555555557
0 0.568125 0.3688888888888889 0.09125 0.13777777777777778
2 0.47625 0.6044444444444445 0.1275 0.2088888888888889
3 0.101875 0.48333333333333334 0.10125 0.12666666666666668
