2 0.329375 0.2577777777777778 0.06625 0.14222222222222222
2 0.584375 0.4722222222222222 0.08375 0.14
2 0.82 0.4922222222222222 0.08 0.14444444444444443
2 0.63125 0.88 0.15 0.22666666666666666
2 0.473125 0.3411111111111111 0.08375 0.14
2 0.105 0.8488888888888889 0.1325 0.21777777777777776
0 0.57625 0.28 0.075 0.12
2 0.6 0.6077777777777778 0.1125 0.19777777777777777
2 0.4925 0.2733333333333333 0.0675 0.11555555555555555
2 0.475 0.5966666666666667 0.1225 0.2111111111111111
2 0.293125 0.3433333333333333 0.06375 0.14444444444444443
2 0.82 0.31 0.075 0.11333333333333333
2 0.0475 0.6177777777777778 0.095 0.19555555555555557
2 0.450625 0.8622222222222222 0.12625 0.25333333333333335
2 0.480625 0.4533333333333333 0.11125 0.15555555555555556
0 0.565 0.36444444444444446 0.095 0.13333333333333333
2 0.250625 0.24888888888888888 0.06375 0.1288888888888889
0 0.785 0.4066666666666667 0.085 0.09333333333333334
2 0.23125 0.3411111111111111 0.0675 0.13111111111111112
2 0.91375 0.5011111111111111 0.0725 0.14888888888888888
2 0.86625 0.4 0.0575 0.12
0 0.159375 0.6455555555555555 0.13625 0.18
2 0.1 0.4722222222222222 0.1075 0.13555555555555557
2 0.895 0.67 0.0875 0.15333333333333332
2 0.2275 0.44333333333333336 0.085 0.16666666666666666
