2 0.295 0.3466666666666667 0.0625 0.13777777777777778
2 0.6 0.6033333333333334 0.11 0.19777777777777777
2 0.229375 0.44666666666666666 0.09125 0.16444444444444445
2 0.328125 0.2577777777777778 0.07125 0.13333333333333333
2 0.62875 0.8788888888888889 0.1475 0.22
0 0.5775 0.28444444444444444 0.0775 0.11555555555555555
2 0.585625 0.4722222222222222 0.08375 0.14
2 0.108125 0.48333333333333334 0.09625 0.12222222222222222
2 0.474375 0.5988888888888889 0.12125 0.20666666666666667
0 0.56375 0.3622222222222222 0.095 0.13777777777777778
2 0.820625 0.4911111111111111 0.08375 0.1511111111111111
2 0.0475 0.6088888888888889 0.0925 0.19555555555555557
2 0.896875 0.6677777777777778 0.09125 0.15333333333333332
0 0.161875 0.6488888888888888 0.13375 0.17777777777777778
2 0.4775 0.3477777777777778 0.075 0.12666666666666668
0 0.785625 0.40555555555555556 0.08375 0.09555555555555556
2 0.913125 0.5011111111111111 0.07125 0.14888888888888888
2 0.86625 0.3988888888888889 0.0575 0.12222222222222222
2 0.105 0.8477777777777777 0.1325 0.22
2 0.818125 0.31444444444444447 0.07125 0.11333333333333333
2 0.45125 0.8588888888888889 0.1275 0.25555555555555554
2 0.481875 0.45 0.10875 0.1622222222222222
2 0.2525 0.25 0.0625 0.12666666666666668
2 0.226875 0.3522222222222222 0.07125 0.11777777777777777
2 0.493125 0.2733333333333333 0.06375 0.11555555555555555
