2 0.575 0.27555555555555555 0.07 0.12
2 0.631875 0.8711111111111111 0.12375 0.24
2 0.895625 0.6711111111111111 0.08875 0.1511111111111111
2 0.104375 0.8377777777777777 0.15625 0.26222222222222225
2 0.5825 0.4677777777777778 0.08 0.14
2 0.46875 0.5988888888888889 0.1025 0.2111111111111111
2 0.8625 0.39 0.055 0.13111111111111112
2 0.253125 0.24888888888888888 0.06375 0.13333333333333333
2 0.216875 0.34555555555555556 0.07375 0.11777777777777777
3 0.81875 0.4855555555555556 0.0925 0.16666666666666666
4 0.5575 0.3488888888888889 0.065 0.13777777777777778
2 0.115625 0.4711111111111111 0.07625 0.13777777777777778
2 0.48 0.3377777777777778 0.0775 0.14666666666666667
4 0.773125 0.3711111111111111 0.05875 0.1511111111111111
4 0.2925 0.3422222222222222 0.065 0.14666666666666667
2 0.918125 0.4988888888888889 0.06625 0.15777777777777777
2 0.489375 0.44 0.08875 0.17333333333333334
2 0.229375 0.44 0.07375 0.17333333333333334
2 0.49375 0.27 0.0775 0.11777777777777777
2 0.81375 0.29777777777777775 0.065 0.1288888888888889
2 0.45125 0.8577777777777778 0.1225 0.28444444444444444
2 0.0425 0.6044444444444445 0.085 0.18666666666666668
2 0.32375 0.25555555555555554 0.0575 0.13333333333333333
2 0.16625 0.61 0.1025 0.20222222222222222
4 0.164375 0.6088888888888889 0.10875 0.20444444444444446
2 0.605 0.5988888888888889 0.085 0.22
