2 0.86875 0.3977777777777778 0.0575 0.12444444444444444
2 0.454375 0.86 0.12375 0.26222222222222225
2 0.2575 0.25 0.065 0.12666666666666668
2 0.5775 0.28 0.0725 0.12444444444444444
2 0.478125 0.3411111111111111 0.08125 0.14888888888888888
2 0.82125 0.49 0.0825 0.15777777777777777
2 0.04625 0.6133333333333333 0.0925 0.18222222222222223
2 0.583125 0.47444444444444445 0.07625 0.13555555555555557
2 0.74375 0.3011111111111111 0.0625 0.12222222222222222
2 0.919375 0.49444444444444446 0.08125 0.1622222222222222
2 0.104375 0.8455555555555555 0.16875 0.22444444444444445
2 0.165 0.6155555555555555 0.11 0.2088888888888889
2 0.221875 0.3511111111111111 0.07125 0.12
2 0.79125 0.38222222222222224 0.0625 0.12444444444444444
2 0.820625 0.3088888888888889 0.07625 0.11555555555555555
2 0.294375 0.3433333333333333 0.06375 0.14888888888888888
2 0.22875 0.4388888888888889 0.085 0.17555555555555555
3 0.11125 0.47888888888888886 0.0875 0.12222222222222222
3 0.919375 0.49333333333333335 0.07875 0.16
2 0.33 0.25666666666666665 0.0625 0.14
2 0.63 0.88 0.1475 0.22666666666666666
3 0.485625 0.4588888888888889 0.09875 0.14
0 0.490625 0.28444444444444444 0.08625 0.10666666666666667
2 0.59875 0.6088888888888889 0.11 0.19555555555555557
5 0.72 0.43777777777777777 0.085 0.24444444444444444
3 0.22125 0.3488888888888889 0.0725 0.12444444444444444
2 0.890625 0.6655555555555556 0.08875 0.15777777777777777
2 0.47125 0.6044444444444445 0.1025 0.20444444444444446
