2 0.201875 0.07111111111111111 0.07875 0.14222222222222222
2 0.148125 0.14555555555555555 0.08625 0.1711111111111111
2 0.38625 0.5 0.1375 0.3377777777777778
2 0.304375 0.8566666666666667 0.22125 0.2822222222222222
2 0.9425 0.5233333333333333 0.115 0.30444444444444446
2 0.59 0.14555555555555555 0.1125 0.20222222222222222
2 0.434375 0.31222222222222223 0.11375 0.2511111111111111
2 0.801875 0.06888888888888889 0.09125 0.13777777777777778
2 0.9525 0.17222222222222222 0.0925 0.21555555555555556
2 0.049375 0.24444444444444444 0.09375 0.24888888888888888
2 0.094375 0.07 0.08875 0.14
2 0.470625 0.15888888888888889 0.08375 0.18888888888888888
2 0.06625 0.47555555555555556 0.1325 0.28444444444444444
2 0.581875 0.30777777777777776 0.16625 0.26
2 0.3225 0.07 0.0775 0.14
2 0.868125 0.30444444444444446 0.12875 0.2222222222222222
0 0.75375 0.03222222222222222 0.0625 0.06444444444444444
2 0.50625 0.07888888888888888 0.0775 0.14
2 0.214375 0.27 0.10375 0.24222222222222223
2 0.905 0.07666666666666666 0.0925 0.15333333333333332
2 0.6025 0.05555555555555555 0.0725 0.10666666666666667
2 0.569375 0.5133333333333333 0.21875 0.3377777777777778
2 0.559375 0.8466666666666667 0.18625 0.30666666666666664
2 0.818125 0.16777777777777778 0.09125 0.18
2 0.266875 0.15333333333333332 0.08875 0.2
