3 0.88875 0.22333333333333333 0.085 0.14888888888888888
2 0.65125 0.27111111111111114 0.08 0.16444444444444445
2 0.43625 0.5366666666666666 0.1225 0.26
2 0.81875 0.7244444444444444 0.155 0.28888888888888886
2 0.366875 0.3088888888888889 0.07125 0.14666666666666667
2 0.063125 0.52 0.11625 0.24888888888888888
2 0.051875 0.31222222222222223 0.07625 0.15333333333333332
2 0.2225 0.2411111111111111 0.075 0.12222222222222222
2 0.62125 0.21666666666666667 0.0725 0.14888888888888888
2 0.973125 0.21777777777777776 0.05125 0.13333333333333333
2 0.47375 0.30333333333333334 0.0725 0.14888888888888888
1 0.94625 0.3022222222222222 0.09 0.1288888888888889
2 0.324375 0.39222222222222225 0.08625 0.1711111111111111
2 0.121875 0.4022222222222222 0.08875 0.18666666666666668
2 0.26 0.7388888888888889 0.1375 0.32666666666666666
2 0.431875 0.3788888888888889 0.09625 0.18444444444444444
2 0.80875 0.37666666666666665 0.0925 0.19333333333333333
2 0.024375 0.23555555555555555 0.04875 0.14666666666666667
2 0.47625 0.24333333333333335 0.0775 0.11333333333333333
2 0.37375 0.22333333333333333 0.0825 0.14
2 0.8825 0.49 0.1325 0.23777777777777778
2 0.440625 0.75 0.20875 0.35333333333333333
2 0.126875 0.2411111111111111 0.07875 0.14888888888888888
2 0.735625 0.5188888888888888 0.11875 0.2111111111111111
2 0.675625 0.3788888888888889 0.09125 0.18
2 0.19 0.3055555555555556 0.0875 0.15333333333333332
2 0.750625 0.2777777777777778 0.07875 0.1688888888888889
2 0.719375 0.20666666666666667 0.06875 0.16444444444444445
2 0.32375 0.5744444444444444 0.1275 0.2511111111111111
2 0.02375 0.40444444444444444 0.0475 0.18666666666666668
