2 0.750625 0.2833333333333333 0.08625 0.18444444444444444
2 0.645 0.27444444444444444 0.0875 0.18
2 0.95 0.28555555555555556 0.09 0.16666666666666666
2 0.0625 0.5255555555555556 0.1225 0.23777777777777778
2 0.8825 0.48333333333333334 0.1425 0.2688888888888889
2 0.481875 0.3088888888888889 0.07875 0.15555555555555556
2 0.71625 0.21555555555555556 0.0675 0.13777777777777778
2 0.804375 0.3788888888888889 0.08875 0.2111111111111111
2 0.889375 0.21777777777777776 0.08375 0.14666666666666667
2 0.373125 0.21888888888888888 0.07625 0.13111111111111112
2 0.435 0.38222222222222224 0.1125 0.19555555555555557
2 0.0225 0.2411111111111111 0.045 0.13555555555555557
2 0.18375 0.3088888888888889 0.0875 0.1688888888888889
2 0.361875 0.31444444444444447 0.07875 0.14
2 0.6175 0.21555555555555556 0.0625 0.14666666666666667
2 0.3025 0.5355555555555556 0.115 0.2577777777777778
2 0.81625 0.7277777777777777 0.1375 0.3
2 0.25 0.7422222222222222 0.1575 0.3244444444444444
2 0.12125 0.23444444444444446 0.0825 0.15333333333333332
2 0.728125 0.5144444444444445 0.11875 0.22
2 0.443125 0.75 0.23625 0.35333333333333333
2 0.678125 0.37777777777777777 0.09875 0.18666666666666668
2 0.471875 0.22444444444444445 0.08875 0.13777777777777778
2 0.126875 0.3988888888888889 0.10125 0.18888888888888888
2 0.223125 0.24 0.07375 0.13333333333333333
2 0.024375 0.4022222222222222 0.04875 0.18666666666666668
2 0.34 0.39666666666666667 0.0775 0.18444444444444444
2 0.054375 0.30777777777777776 0.08375 0.1711111111111111
2 0.44875 0.53 0.17 0.2688888888888889
