2 0.64875 0.2777777777777778 0.095 0.17777777777777778
2 0.44375 0.7533333333333333 0.225 0.36
2 0.47125 0.30444444444444446 0.08 0.14666666666666667
2 0.67625 0.38222222222222224 0.0975 0.17777777777777778
2 0.064375 0.5333333333333333 0.12375 0.2222222222222222
2 0.621875 0.21777777777777776 0.05625 0.1511111111111111
2 0.730625 0.5011111111111111 0.11375 0.22444444444444445
2 0.37125 0.22444444444444445 0.075 0.13777777777777778
2 0.8125 0.7377777777777778 0.1775 0.32
2 0.290625 0.5366666666666666 0.13125 0.2688888888888889
2 0.22375 0.24444444444444444 0.0725 0.1288888888888889
2 0.33875 0.4 0.0825 0.19111111111111112
2 0.359375 0.31555555555555553 0.08125 0.14666666666666667
2 0.81 0.3688888888888889 0.095 0.22666666666666666
2 0.125625 0.4022222222222222 0.09875 0.18222222222222223
2 0.183125 0.30777777777777776 0.08125 0.15333333333333332
2 0.05125 0.3088888888888889 0.08 0.1688888888888889
2 0.439375 0.3788888888888889 0.10625 0.19333333333333333
2 0.891875 0.2222222222222222 0.08375 0.14666666666666667
2 0.748125 0.28444444444444444 0.08375 0.17777777777777778
2 0.4775 0.23 0.0775 0.13111111111111112
1 0.949375 0.29777777777777775 0.09375 0.15555555555555556
2 0.12375 0.2411111111111111 0.0775 0.15777777777777777
5 0.725625 0.16 0.09375 0.24444444444444444
2 0.025 0.4066666666666667 0.05 0.17777777777777778
2 0.2525 0.7466666666666667 0.1625 0.32
2 0.020625 0.2477777777777778 0.04125 0.12666666666666668
2 0.44625 0.54 0.1725 0.2577777777777778
2 0.880625 0.5011111111111111 0.12875 0.2288888888888889
