2 0.7175 0.2222222222222222 0.0725 0.14666666666666667
2 0.448125 0.5355555555555556 0.15125 0.26666666666666666
2 0.47625 0.2866666666666667 0.08 0.16444444444444445
2 0.125625 0.40444444444444444 0.09875 0.19555555555555557
2 0.89 0.22333333333333333 0.0825 0.15333333333333332
2 0.026875 0.23333333333333334 0.05375 0.13777777777777778
2 0.888125 0.49 0.12375 0.2511111111111111
1 0.94625 0.28 0.0925 0.17333333333333334
2 0.36375 0.32 0.0925 0.14222222222222222
2 0.6475 0.27555555555555555 0.085 0.19111111111111112
2 0.024375 0.4033333333333333 0.04875 0.20222222222222222
2 0.366875 0.23222222222222222 0.09125 0.14
2 0.81875 0.7344444444444445 0.18 0.33555555555555555
2 0.7525 0.2822222222222222 0.0825 0.17777777777777778
2 0.67875 0.37777777777777777 0.09 0.18666666666666668
2 0.22125 0.23666666666666666 0.0775 0.14
2 0.24875 0.7622222222222222 0.135 0.29777777777777775
2 0.0675 0.5333333333333333 0.12 0.22666666666666666
2 0.454375 0.38 0.10375 0.18666666666666668
2 0.81 0.3711111111111111 0.0875 0.19111111111111112
2 0.44375 0.7522222222222222 0.2225 0.33555555555555555
2 0.1175 0.24222222222222223 0.08 0.14222222222222222
2 0.334375 0.41333333333333333 0.10625 0.18666666666666668
2 0.733125 0.5011111111111111 0.11625 0.23333333333333334
2 0.623125 0.22555555555555556 0.06375 0.13111111111111112
2 0.175625 0.30444444444444446 0.08375 0.16
2 0.051875 0.30666666666666664 0.08375 0.17333333333333334
2 0.30125 0.5644444444444444 0.1475 0.2577777777777778
