2 0.458125 0.3811111111111111 0.09875 0.18444444444444444
2 0.819375 0.7488888888888889 0.18125 0.3466666666666667
2 0.475 0.29333333333333333 0.0875 0.16444444444444445
2 0.891875 0.2222222222222222 0.08625 0.1511111111111111
2 0.369375 0.22333333333333333 0.07125 0.14444444444444443
2 0.725625 0.21444444444444444 0.08125 0.15777777777777777
2 0.68 0.38222222222222224 0.09 0.18222222222222223
2 0.176875 0.30777777777777776 0.08375 0.1622222222222222
2 0.75125 0.27666666666666667 0.08 0.1711111111111111
2 0.445 0.5355555555555556 0.15 0.2577777777777778
2 0.365625 0.31444444444444447 0.09125 0.14888888888888888
2 0.281875 0.5555555555555556 0.13375 0.24888888888888888
2 0.32875 0.4 0.085 0.18666666666666668
2 0.0475 0.3055555555555556 0.0775 0.16666666666666666
2 0.026875 0.2311111111111111 0.05375 0.13333333333333333
2 0.97125 0.1988888888888889 0.0575 0.13555555555555557
2 0.619375 0.21 0.06625 0.15333333333333332
2 0.50125 0.2311111111111111 0.0625 0.13777777777777778
2 0.6475 0.2733333333333333 0.09 0.18666666666666668
2 0.221875 0.2388888888888889 0.07625 0.14
2 0.89 0.4866666666666667 0.1275 0.25333333333333335
2 0.440625 0.7533333333333333 0.22375 0.3377777777777778
2 0.73 0.5011111111111111 0.1125 0.2288888888888889
2 0.11875 0.24666666666666667 0.0775 0.14222222222222222
1 0.948125 0.29555555555555557 0.09375 0.15555555555555556
2 0.24875 0.7588888888888888 0.135 0.29555555555555557
2 0.02375 0.4088888888888889 0.0475 0.19111111111111112
2 0.070625 0.5222222222222223 0.12125 0.25333333333333335
2 0.813125 0.37555555555555553 0.09125 0.19111111111111112
2 0.13 0.4 0.0925 0.18666666666666668
