2 0.458125 0.3811111111111111 0.09875 0.18444444444444444
2 0.44 0.7555555555555555 0.2225 0.3333333333333333
2 0.046875 0.3055555555555556 0.07875 0.16666666666666666
2 0.62 0.21 0.0675 0.14
2 0.73625 0.2222222222222222 0.0775 0.13777777777777778
2 0.115625 0.24333333333333335 0.08375 0.14888888888888888
2 0.02875 0.39666666666666667 0.0575 0.20222222222222222
2 0.729375 0.5011111111111111 0.11125 0.2288888888888889
1 0.95 0.29555555555555557 0.095 0.16
2 0.071875 0.5233333333333333 0.12375 0.26
2 0.475 0.2911111111111111 0.0875 0.16444444444444445
2 0.89125 0.22333333333333333 0.085 0.15333333333333332
2 0.249375 0.7644444444444445 0.13875 0.28444444444444444
2 0.498125 0.2311111111111111 0.06375 0.13777777777777778
2 0.365625 0.31666666666666665 0.09125 0.14888888888888888
2 0.815625 0.37555555555555553 0.09375 0.2
2 0.890625 0.4855555555555556 0.12625 0.2511111111111111
2 0.648125 0.27444444444444444 0.09125 0.18888888888888888
2 0.030625 0.2288888888888889 0.05875 0.13333333333333333
2 0.446875 0.5366666666666666 0.15125 0.26
2 0.125625 0.4011111111111111 0.09375 0.18888888888888888
2 0.81875 0.74 0.18 0.3288888888888889
2 0.221875 0.2388888888888889 0.07625 0.14
2 0.751875 0.2822222222222222 0.08125 0.16444444444444445
2 0.1775 0.3088888888888889 0.0825 0.16
2 0.276875 0.5577777777777778 0.13875 0.24888888888888888
2 0.97375 0.2011111111111111 0.0525 0.13555555555555557
2 0.325625 0.4033333333333333 0.09375 0.18
2 0.680625 0.38222222222222224 0.09375 0.18222222222222223
2 0.36875 0.2222222222222222 0.0725 0.14222222222222222
