2 0.466875 0.38333333333333336 0.11875 0.19333333333333333
2 0.815625 0.37 0.09875 0.2111111111111111
4 0.114375 0.20222222222222222 0.08625 0.2
2 0.07 0.5233333333333333 0.1175 0.25555555555555554
2 0.439375 0.7566666666666667 0.22375 0.33555555555555555
2 0.04375 0.31444444444444447 0.08 0.1622222222222222
2 0.89125 0.49777777777777776 0.115 0.2311111111111111
2 0.021875 0.4122222222222222 0.04375 0.18444444444444444
2 0.031875 0.22777777777777777 0.06375 0.13111111111111112
2 0.44625 0.54 0.1525 0.25333333333333335
1 0.953125 0.29 0.08375 0.15333333333333332
2 0.364375 0.3188888888888889 0.09375 0.14888888888888888
2 0.68375 0.37444444444444447 0.1025 0.19333333333333333
2 0.713125 0.21666666666666667 0.06625 0.13111111111111112
5 0.490625 0.24333333333333335 0.09375 0.2688888888888889
1 0.325 0.4 0.12 0.16
2 0.83 0.7477777777777778 0.1825 0.34
2 0.12375 0.39555555555555555 0.0975 0.19555555555555557
2 0.885 0.22 0.1 0.16
2 0.73125 0.5133333333333333 0.115 0.20444444444444446
2 0.178125 0.30666666666666664 0.08375 0.16
2 0.371875 0.23 0.06625 0.14
2 0.615 0.21333333333333335 0.0675 0.1511111111111111
2 0.648125 0.2733333333333333 0.08875 0.18666666666666668
2 0.221875 0.24 0.07875 0.13777777777777778
2 0.24875 0.7655555555555555 0.1425 0.2822222222222222
2 0.75 0.27666666666666667 0.075 0.17555555555555555
