2 0.736875 0.5177777777777778 0.12125 0.21777777777777776
2 0.289375 0.5466666666666666 0.13625 0.2577777777777778
2 0.7225 0.21888888888888888 0.0675 0.14444444444444443
2 0.365625 0.32 0.09125 0.14666666666666667
2 0.46375 0.38666666666666666 0.12 0.2
2 0.21875 0.24666666666666667 0.08 0.12444444444444444
2 0.33625 0.40555555555555556 0.095 0.18444444444444444
2 0.04375 0.31777777777777777 0.0775 0.16
2 0.375 0.2222222222222222 0.0775 0.14222222222222222
3 0.888125 0.22111111111111112 0.09375 0.14444444444444443
2 0.125 0.4011111111111111 0.095 0.18888888888888888
2 0.068125 0.5266666666666666 0.11625 0.25333333333333335
2 0.64625 0.27555555555555555 0.0825 0.18666666666666668
2 0.750625 0.2811111111111111 0.08125 0.17555555555555555
2 0.885 0.48 0.1275 0.28444444444444444
2 0.441875 0.7555555555555555 0.22375 0.3244444444444444
2 0.970625 0.20222222222222222 0.05625 0.1511111111111111
2 0.48125 0.3 0.075 0.1511111111111111
2 0.48375 0.22555555555555556 0.0725 0.12666666666666668
2 0.175625 0.31 0.08625 0.14888888888888888
2 0.813125 0.37777777777777777 0.09125 0.19111111111111112
2 0.8125 0.7255555555555555 0.23 0.31777777777777777
2 0.6225 0.21555555555555556 0.06 0.15555555555555556
2 0.445 0.5411111111111111 0.1525 0.25555555555555554
2 0.025625 0.40555555555555556 0.05125 0.18
2 0.954375 0.29 0.08875 0.16666666666666666
2 0.249375 0.7677777777777778 0.13875 0.2911111111111111
2 0.685 0.3811111111111111 0.105 0.19333333333333333
2 0.029375 0.2311111111111111 0.05875 0.13333333333333333
2 0.114375 0.23777777777777778 0.08625 0.13777777777777778
