2 0.9025 0.7677777777777778 0.1925 0.33111111111111113
2 0.339375 0.7522222222222222 0.13625 0.32222222222222224
2 0.9525 0.5 0.0925 0.28888888888888886
2 0.303125 0.24333333333333335 0.07875 0.13555555555555557
4 0.695625 0.18666666666666668 0.10125 0.20444444444444446
2 0.838125 0.29555555555555557 0.07875 0.17777777777777778
2 0.4125 0.4033333333333333 0.09 0.18444444444444444
2 0.0475 0.30777777777777776 0.08 0.16666666666666666
2 0.441875 0.31222222222222223 0.07375 0.1622222222222222
2 0.80125 0.5188888888888888 0.11 0.23777777777777778
2 0.145625 0.3022222222222222 0.06875 0.16444444444444445
2 0.455 0.23666666666666666 0.0775 0.14
2 0.79625 0.23444444444444446 0.065 0.13555555555555557
2 0.8975 0.39666666666666667 0.0875 0.19777777777777777
2 0.2125 0.4011111111111111 0.0925 0.18888888888888888
2 0.375625 0.5577777777777778 0.11125 0.24
2 0.115625 0.23555555555555555 0.07625 0.14666666666666667
2 0.965625 0.23777777777777778 0.06875 0.16444444444444445
2 0.160625 0.5122222222222222 0.09875 0.2288888888888889
2 0.509375 0.39555555555555555 0.08875 0.18222222222222223
2 0.56 0.3 0.075 0.18222222222222223
2 0.2575 0.31555555555555553 0.085 0.16
2 0.5275 0.5266666666666666 0.125 0.24444444444444444
2 0.07375 0.5088888888888888 0.1125 0.2222222222222222
2 0.10125 0.3933333333333333 0.08 0.1688888888888889
2 0.764375 0.39444444444444443 0.10625 0.18444444444444444
2 0.028125 0.2311111111111111 0.05625 0.14222222222222222
2 0.21375 0.25222222222222224 0.065 0.13111111111111112
2 0.73375 0.29333333333333333 0.08 0.17777777777777778
