2 0.25875 0.31777777777777777 0.09 0.16
2 0.406875 0.41 0.08125 0.19333333333333333
2 0.506875 0.7433333333333333 0.19375 0.35333333333333333
2 0.16125 0.5133333333333333 0.1 0.22666666666666666
2 0.795625 0.5277777777777778 0.13625 0.23777777777777778
2 0.095 0.40444444444444444 0.085 0.18666666666666668
2 0.336875 0.7555555555555555 0.13875 0.3422222222222222
2 0.558125 0.31222222222222223 0.07875 0.1622222222222222
2 0.765625 0.4 0.09125 0.18666666666666668
2 0.0475 0.3088888888888889 0.0825 0.16444444444444445
2 0.149375 0.31 0.06375 0.14888888888888888
2 0.38125 0.5544444444444444 0.11 0.24666666666666667
2 0.071875 0.5277777777777778 0.09875 0.20666666666666667
2 0.965 0.24 0.0675 0.16
2 0.215625 0.24222222222222223 0.06375 0.13333333333333333
2 0.3025 0.24333333333333335 0.075 0.13555555555555557
2 0.5325 0.5388888888888889 0.1225 0.26
2 0.11375 0.2388888888888889 0.0625 0.14
2 0.51125 0.39666666666666667 0.0925 0.18444444444444444
2 0.8375 0.29777777777777775 0.08 0.17777777777777778
2 0.02625 0.23333333333333334 0.0525 0.13777777777777778
2 0.734375 0.29 0.08125 0.18
2 0.45375 0.2411111111111111 0.08 0.14
2 0.8 0.23555555555555555 0.07 0.13777777777777778
2 0.210625 0.4011111111111111 0.09375 0.18
2 0.89875 0.7766666666666666 0.2 0.3622222222222222
2 0.898125 0.3977777777777778 0.09375 0.19555555555555557
2 0.441875 0.32222222222222224 0.08125 0.14666666666666667
2 0.955625 0.49777777777777776 0.08875 0.28
2 0.705 0.22555555555555556 0.07 0.15333333333333332
