2 0.8925 0.7322222222222222 0.1575 0.30444444444444446
2 0.11625 0.23666666666666666 0.065 0.14444444444444443
2 0.37875 0.5488888888888889 0.1175 0.26222222222222225
2 0.163125 0.5088888888888888 0.10125 0.23555555555555555
2 0.83625 0.29333333333333333 0.0825 0.18222222222222223
2 0.788125 0.5111111111111111 0.11625 0.24
2 0.556875 0.3111111111111111 0.09375 0.17777777777777778
2 0.22625 0.23 0.0675 0.13111111111111112
2 0.45625 0.23444444444444446 0.07 0.14888888888888888
2 0.4125 0.4077777777777778 0.095 0.18888888888888888
2 0.14875 0.3088888888888889 0.0725 0.16
2 0.533125 0.53 0.13375 0.25555555555555554
2 0.8925 0.3788888888888889 0.085 0.22444444444444445
2 0.766875 0.4 0.09875 0.18666666666666668
2 0.51125 0.39222222222222225 0.0925 0.18
2 0.705 0.22444444444444445 0.0625 0.16
2 0.046875 0.30777777777777776 0.08125 0.17555555555555555
2 0.096875 0.3988888888888889 0.07625 0.18444444444444444
2 0.9475 0.49 0.1 0.31333333333333335
2 0.2525 0.3188888888888889 0.0875 0.15333333333333332
2 0.21375 0.38666666666666666 0.0875 0.2
2 0.3 0.2411111111111111 0.0725 0.14444444444444443
2 0.513125 0.7644444444444445 0.21625 0.31555555555555553
2 0.79375 0.22666666666666666 0.0675 0.1688888888888889
2 0.968125 0.23 0.06125 0.1711111111111111
2 0.029375 0.23555555555555555 0.05875 0.14666666666666667
2 0.066875 0.5122222222222222 0.11875 0.2288888888888889
2 0.32875 0.7466666666666667 0.125 0.3511111111111111
2 0.7325 0.2866666666666667 0.0825 0.18222222222222223
2 0.44125 0.31555555555555553 0.065 0.16
