2 0.898125 0.4088888888888889 0.08875 0.18666666666666668
2 0.44 0.31555555555555553 0.08 0.15555555555555556
2 0.02625 0.23777777777777778 0.0525 0.1511111111111111
2 0.26 0.3244444444444444 0.085 0.1511111111111111
2 0.79625 0.23444444444444446 0.0675 0.14
2 0.326875 0.7533333333333333 0.13125 0.3288888888888889
2 0.531875 0.5388888888888889 0.12375 0.24666666666666667
2 0.455 0.23333333333333334 0.0725 0.14666666666666667
2 0.30125 0.2544444444444444 0.08 0.11777777777777777
2 0.205625 0.4011111111111111 0.10125 0.18888888888888888
2 0.515625 0.7522222222222222 0.20625 0.32222222222222224
2 0.17625 0.52 0.1025 0.23555555555555555
2 0.1125 0.23777777777777778 0.0575 0.13777777777777778
2 0.77 0.3988888888888889 0.1025 0.18444444444444444
2 0.215 0.24333333333333335 0.0725 0.14444444444444443
2 0.96875 0.2388888888888889 0.0625 0.1622222222222222
5 0.075625 0.44555555555555554 0.11875 0.3488888888888889
2 0.70375 0.22555555555555556 0.07 0.15333333333333332
2 0.55625 0.31333333333333335 0.0775 0.15555555555555556
2 0.510625 0.39666666666666667 0.09125 0.18
2 0.735625 0.29333333333333333 0.08375 0.17777777777777778
2 0.893125 0.7811111111111111 0.20125 0.35777777777777775
2 0.149375 0.3111111111111111 0.06625 0.14666666666666667
2 0.956875 0.5177777777777778 0.08625 0.25333333333333335
2 0.805 0.5311111111111111 0.105 0.2311111111111111
2 0.380625 0.5544444444444444 0.11125 0.24666666666666667
2 0.411875 0.4088888888888889 0.07375 0.18222222222222223
2 0.839375 0.2966666666666667 0.08125 0.17555555555555555
2 0.0425 0.2688888888888889 0.0625 0.09333333333333334
