2 0.55875 0.31444444444444447 0.0775 0.15777777777777777
2 0.205625 0.4022222222222222 0.10125 0.18222222222222223
2 0.51125 0.39555555555555555 0.09 0.17333333333333334
2 0.113125 0.2388888888888889 0.05625 0.13555555555555557
2 0.380625 0.5566666666666666 0.11125 0.24222222222222223
5 0.076875 0.4444444444444444 0.11625 0.3511111111111111
2 0.531875 0.5366666666666666 0.12375 0.2511111111111111
2 0.04125 0.27111111111111114 0.065 0.09333333333333334
2 0.259375 0.3233333333333333 0.08375 0.15777777777777777
2 0.175625 0.52 0.10625 0.2311111111111111
2 0.894375 0.7811111111111111 0.19875 0.3622222222222222
2 0.796875 0.23444444444444446 0.06875 0.14
2 0.213125 0.24444444444444444 0.06875 0.14666666666666667
2 0.44375 0.32 0.07 0.1511111111111111
2 0.840625 0.29888888888888887 0.08125 0.18
2 0.150625 0.31333333333333335 0.06875 0.14666666666666667
2 0.955625 0.5166666666666667 0.08625 0.24666666666666667
2 0.404375 0.4066666666666667 0.08375 0.18222222222222223
2 0.8075 0.5266666666666666 0.105 0.24
2 0.4525 0.23777777777777778 0.075 0.14222222222222222
2 0.70375 0.22555555555555556 0.07 0.15333333333333332
2 0.89875 0.4066666666666667 0.09 0.18666666666666668
2 0.30125 0.2511111111111111 0.0775 0.12
2 0.028125 0.23666666666666666 0.05625 0.14888888888888888
2 0.516875 0.7533333333333333 0.20375 0.32
2 0.328125 0.76 0.13125 0.3288888888888889
2 0.735625 0.2911111111111111 0.08375 0.17333333333333334
2 0.96875 0.23666666666666666 0.0625 0.1622222222222222
2 0.77125 0.4 0.105 0.18666666666666668
