2 0.805625 0.5277777777777778 0.10625 0.23777777777777778
5 0.075 0.44666666666666666 0.1175 0.3511111111111111
2 0.51125 0.39555555555555555 0.0925 0.17777777777777778
2 0.556875 0.31444444444444447 0.07875 0.15777777777777777
2 0.406875 0.41 0.07625 0.18888888888888888
2 0.79625 0.23555555555555555 0.0675 0.13777777777777778
2 0.516875 0.7522222222222222 0.20375 0.32222222222222224
2 0.895625 0.7755555555555556 0.19625 0.3511111111111111
2 0.30125 0.25222222222222224 0.08 0.12222222222222222
2 0.703125 0.22555555555555556 0.06875 0.15333333333333332
2 0.968125 0.2388888888888889 0.06125 0.15777777777777777
2 0.326875 0.7588888888888888 0.13125 0.33111111111111113
2 0.90125 0.40444444444444444 0.095 0.18666666666666668
2 0.2075 0.4033333333333333 0.0975 0.18
2 0.38125 0.5566666666666666 0.1125 0.24222222222222223
2 0.53125 0.5388888888888889 0.1225 0.24222222222222223
2 0.15125 0.31444444444444447 0.07 0.14888888888888888
2 0.77 0.39666666666666667 0.1 0.18444444444444444
2 0.454375 0.23777777777777778 0.07875 0.16
2 0.44125 0.3188888888888889 0.0725 0.14888888888888888
2 0.17375 0.5211111111111111 0.1025 0.23777777777777778
2 0.260625 0.3233333333333333 0.08375 0.15333333333333332
2 0.73625 0.2911111111111111 0.085 0.17333333333333334
2 0.84 0.29888888888888887 0.0825 0.18
2 0.02625 0.23333333333333334 0.0525 0.14666666666666667
2 0.041875 0.27444444444444444 0.06625 0.09555555555555556
2 0.11375 0.2411111111111111 0.06 0.14444444444444443
2 0.214375 0.24555555555555555 0.07125 0.14444444444444443
3 0.956875 0.5055555555555555 0.08125 0.2644444444444444
