2 0.768125 0.4 0.09625 0.19111111111111112
2 0.300625 0.25333333333333335 0.08375 0.11555555555555555
2 0.511875 0.4011111111111111 0.08875 0.18
2 0.455625 0.24 0.08125 0.1511111111111111
2 0.840625 0.2966666666666667 0.08125 0.18
2 0.9575 0.49777777777777776 0.085 0.28888888888888886
2 0.110625 0.23666666666666666 0.05875 0.14
2 0.96875 0.24 0.0625 0.1688888888888889
2 0.17 0.5177777777777778 0.1025 0.23555555555555555
2 0.03125 0.23777777777777778 0.0625 0.1511111111111111
5 0.075625 0.46 0.11625 0.3377777777777778
2 0.438125 0.3211111111111111 0.07875 0.14888888888888888
2 0.516875 0.7555555555555555 0.21375 0.3333333333333333
2 0.7975 0.23333333333333334 0.07 0.14222222222222222
2 0.3275 0.7522222222222222 0.13 0.34444444444444444
2 0.704375 0.23 0.06875 0.15333333333333332
2 0.558125 0.3188888888888889 0.08125 0.15777777777777777
2 0.531875 0.5377777777777778 0.12375 0.25333333333333335
2 0.26125 0.32555555555555554 0.0875 0.15333333333333332
2 0.806875 0.5255555555555556 0.10875 0.24666666666666667
2 0.408125 0.40555555555555556 0.07875 0.18
2 0.04125 0.2688888888888889 0.0675 0.10222222222222223
2 0.213125 0.24888888888888888 0.06875 0.14222222222222222
2 0.15 0.3111111111111111 0.0725 0.14666666666666667
2 0.735 0.2922222222222222 0.085 0.1711111111111111
2 0.2125 0.4033333333333333 0.095 0.18
2 0.894375 0.7844444444444445 0.18875 0.36
2 0.381875 0.5555555555555556 0.10875 0.24888888888888888
2 0.900625 0.40555555555555556 0.09625 0.19333333333333333
