2 0.516875 0.7555555555555555 0.20375 0.3244444444444444
2 0.53125 0.5333333333333333 0.1225 0.24888888888888888
2 0.2125 0.24666666666666667 0.0675 0.14222222222222222
2 0.028125 0.23777777777777778 0.05375 0.14666666666666667
2 0.558125 0.31444444444444447 0.07875 0.15333333333333332
2 0.895 0.7788888888888889 0.2025 0.34
2 0.704375 0.2288888888888889 0.07125 0.15555555555555556
2 0.95625 0.5 0.085 0.28888888888888886
2 0.408125 0.4066666666666667 0.08375 0.18666666666666668
2 0.80625 0.5255555555555556 0.1075 0.24222222222222223
5 0.079375 0.45111111111111113 0.11125 0.3511111111111111
2 0.260625 0.3233333333333333 0.08875 0.14888888888888888
2 0.795 0.23444444444444446 0.07 0.14
2 0.150625 0.31333333333333335 0.06875 0.14666666666666667
2 0.735625 0.29333333333333333 0.08625 0.17333333333333334
2 0.900625 0.40444444444444444 0.09375 0.18666666666666668
2 0.328125 0.7533333333333333 0.12875 0.3377777777777778
2 0.21125 0.4022222222222222 0.0925 0.17777777777777778
2 0.3 0.25222222222222224 0.08 0.12222222222222222
2 0.43875 0.31444444444444447 0.075 0.14888888888888888
2 0.381875 0.5566666666666666 0.11125 0.24666666666666667
2 0.041875 0.2722222222222222 0.06375 0.09555555555555556
2 0.110625 0.23777777777777778 0.06125 0.13777777777777778
2 0.968125 0.23777777777777778 0.06125 0.1688888888888889
2 0.17 0.5177777777777778 0.105 0.24
2 0.840625 0.29777777777777775 0.08125 0.17777777777777778
2 0.769375 0.3977777777777778 0.09625 0.18222222222222223
2 0.45625 0.23222222222222222 0.095 0.14888888888888888
2 0.511875 0.4011111111111111 0.09125 0.1711111111111111
