2 0.805 0.5311111111111111 0.11 0.23555555555555555
2 0.11 0.24 0.06 0.13777777777777778
2 0.326875 0.7566666666666667 0.12875 0.33111111111111113
2 0.893125 0.7766666666666666 0.20375 0.3488888888888889
2 0.703125 0.22555555555555556 0.06875 0.15333333333333332
2 0.899375 0.4066666666666667 0.08875 0.18666666666666668
2 0.51125 0.3977777777777778 0.0925 0.17777777777777778
2 0.95375 0.5033333333333333 0.0875 0.2866666666666667
2 0.210625 0.24666666666666667 0.06875 0.13777777777777778
2 0.209375 0.40444444444444444 0.09875 0.17777777777777778
2 0.531875 0.5366666666666666 0.12375 0.2511111111111111
2 0.299375 0.25222222222222224 0.08125 0.12222222222222222
2 0.5575 0.31444444444444447 0.0775 0.15777777777777777
2 0.1725 0.52 0.1025 0.23555555555555555
2 0.0275 0.23777777777777778 0.055 0.1511111111111111
2 0.04125 0.27444444444444444 0.065 0.09555555555555556
2 0.798125 0.23444444444444446 0.06875 0.14
2 0.735625 0.29333333333333333 0.08375 0.17777777777777778
2 0.436875 0.3188888888888889 0.08125 0.14888888888888888
2 0.151875 0.3111111111111111 0.07125 0.14666666666666667
2 0.518125 0.7533333333333333 0.20625 0.32
2 0.380625 0.5555555555555556 0.11375 0.24444444444444444
2 0.25875 0.3244444444444444 0.085 0.1511111111111111
5 0.075625 0.44555555555555554 0.11625 0.3488888888888889
2 0.45625 0.23444444444444446 0.075 0.14444444444444443
2 0.76875 0.3988888888888889 0.095 0.18888888888888888
2 0.966875 0.23777777777777778 0.06125 0.16
2 0.408125 0.41 0.08125 0.18444444444444444
2 0.84 0.29777777777777775 0.0825 0.17777777777777778
