2 0.21 0.40444444444444444 0.095 0.17777777777777778
2 0.17125 0.52 0.1025 0.24
2 0.77 0.4 0.095 0.18666666666666668
2 0.0275 0.2388888888888889 0.055 0.14888888888888888
2 0.703125 0.22555555555555556 0.06875 0.15333333333333332
2 0.455625 0.23222222222222222 0.07375 0.14888888888888888
2 0.109375 0.23777777777777778 0.06125 0.13777777777777778
2 0.408125 0.4122222222222222 0.08375 0.18444444444444444
2 0.21125 0.2477777777777778 0.07 0.14
2 0.325625 0.7544444444444445 0.12875 0.33111111111111113
2 0.2575 0.3244444444444444 0.0875 0.1511111111111111
2 0.531875 0.5355555555555556 0.12375 0.24888888888888888
2 0.04125 0.2733333333333333 0.065 0.09333333333333334
2 0.518125 0.7533333333333333 0.20875 0.3244444444444444
2 0.558125 0.31333333333333335 0.07875 0.16
2 0.300625 0.25333333333333335 0.08125 0.12
2 0.798125 0.23444444444444446 0.06875 0.14
2 0.43625 0.31666666666666665 0.0825 0.15333333333333332
2 0.380625 0.5566666666666666 0.11125 0.24666666666666667
2 0.735625 0.2922222222222222 0.08375 0.1711111111111111
5 0.075625 0.4488888888888889 0.12125 0.3422222222222222
2 0.51125 0.39666666666666667 0.0925 0.17555555555555555
2 0.804375 0.5311111111111111 0.10875 0.23555555555555555
2 0.15125 0.3111111111111111 0.07 0.14666666666666667
2 0.954375 0.5011111111111111 0.08625 0.25555555555555554
2 0.84125 0.29888888888888887 0.08 0.18
2 0.9 0.4066666666666667 0.09 0.18666666666666668
2 0.8925 0.7788888888888889 0.2 0.33555555555555555
2 0.966875 0.23666666666666666 0.06125 0.16666666666666666
