2 0.516875 0.7544444444444445 0.20625 0.32222222222222224
2 0.211875 0.24555555555555555 0.06875 0.13555555555555557
2 0.41125 0.4122222222222222 0.0825 0.18444444444444444
2 0.703125 0.22555555555555556 0.06875 0.15333333333333332
2 0.38 0.5588888888888889 0.1125 0.23777777777777778
2 0.90125 0.4077777777777778 0.0925 0.18888888888888888
5 0.075625 0.44555555555555554 0.11875 0.35777777777777775
2 0.9675 0.23555555555555555 0.065 0.16444444444444445
2 0.2125 0.40444444444444444 0.0925 0.17777777777777778
2 0.736875 0.2922222222222222 0.08875 0.17555555555555555
2 0.171875 0.5166666666666667 0.10125 0.23777777777777778
2 0.259375 0.32555555555555554 0.08375 0.14888888888888888
2 0.435625 0.31555555555555553 0.08375 0.1511111111111111
2 0.765 0.4022222222222222 0.0925 0.18222222222222223
2 0.5325 0.5366666666666666 0.1225 0.25555555555555554
2 0.893125 0.7766666666666666 0.20125 0.3488888888888889
2 0.301875 0.2544444444444444 0.07875 0.11777777777777777
2 0.799375 0.23555555555555555 0.07125 0.14222222222222222
2 0.958125 0.5188888888888888 0.08125 0.24666666666666667
2 0.55875 0.31333333333333335 0.08 0.16
2 0.025625 0.2388888888888889 0.05125 0.14888888888888888
2 0.04 0.27 0.06 0.09111111111111111
2 0.805 0.53 0.1075 0.23777777777777778
2 0.455 0.23222222222222222 0.0775 0.14888888888888888
2 0.506875 0.4177777777777778 0.10125 0.2088888888888889
2 0.15125 0.31333333333333335 0.0675 0.14666666666666667
2 0.32625 0.7544444444444445 0.1275 0.33111111111111113
2 0.109375 0.23777777777777778 0.05875 0.13333333333333333
2 0.84 0.29777777777777775 0.0825 0.17777777777777778
