2 0.558125 0.3211111111111111 0.07875 0.14444444444444443
2 0.9675 0.23555555555555555 0.0625 0.16
2 0.45625 0.23555555555555555 0.0725 0.14666666666666667
2 0.0675 0.5188888888888888 0.1125 0.2288888888888889
2 0.40875 0.4111111111111111 0.08 0.18666666666666668
2 0.955 0.5222222222222223 0.09 0.23555555555555555
2 0.32625 0.7544444444444445 0.1275 0.32666666666666666
2 0.10875 0.2388888888888889 0.0625 0.14
2 0.89125 0.78 0.1875 0.3466666666666667
2 0.80375 0.5333333333333333 0.1075 0.2222222222222222
2 0.170625 0.5188888888888888 0.10375 0.23777777777777778
2 0.15 0.31333333333333335 0.07 0.14666666666666667
2 0.553125 0.25 0.08625 0.14888888888888888
2 0.739375 0.2911111111111111 0.09125 0.17777777777777778
2 0.2575 0.32222222222222224 0.0875 0.15555555555555556
2 0.531875 0.5366666666666666 0.12375 0.24666666666666667
2 0.50875 0.3977777777777778 0.0975 0.17777777777777778
2 0.764375 0.4011111111111111 0.09125 0.18444444444444444
2 0.0925 0.41 0.0875 0.17555555555555555
2 0.301875 0.25333333333333335 0.07875 0.12
2 0.20875 0.24333333333333335 0.0675 0.13555555555555557
2 0.378125 0.5577777777777778 0.11375 0.24888888888888888
2 0.798125 0.23666666666666666 0.06875 0.14
2 0.025 0.23 0.05 0.14
2 0.901875 0.40444444444444444 0.08875 0.19111111111111112
2 0.6975 0.22777777777777777 0.06 0.15777777777777777
2 0.839375 0.29888888888888887 0.08125 0.18
2 0.050625 0.30777777777777776 0.08625 0.1622222222222222
2 0.211875 0.40555555555555556 0.09375 0.18
2 0.51625 0.7522222222222222 0.205 0.32222222222222224
2 0.436875 0.3211111111111111 0.08375 0.14888888888888888
