2 0.765625 0.39444444444444443 0.10375 0.18444444444444444
2 0.26125 0.3111111111111111 0.08 0.16
2 0.213125 0.24222222222222223 0.07125 0.13333333333333333
2 0.96875 0.24222222222222223 0.06 0.1511111111111111
2 0.513125 0.39666666666666667 0.09375 0.18
2 0.210625 0.3977777777777778 0.09375 0.18666666666666668
2 0.09125 0.3988888888888889 0.08 0.17555555555555555
2 0.1475 0.31333333333333335 0.07 0.14666666666666667
2 0.89625 0.7722222222222223 0.195 0.33555555555555555
2 0.409375 0.4088888888888889 0.07875 0.17777777777777778
2 0.838125 0.29555555555555557 0.08125 0.18222222222222223
2 0.3025 0.2477777777777778 0.0725 0.13111111111111112
2 0.520625 0.7522222222222222 0.21375 0.32222222222222224
2 0.15375 0.5188888888888888 0.0975 0.2288888888888889
2 0.0625 0.5277777777777778 0.1025 0.22444444444444445
3 0.454375 0.2388888888888889 0.07375 0.13555555555555557
2 0.73375 0.2922222222222222 0.08 0.17555555555555555
2 0.326875 0.7422222222222222 0.14375 0.3333333333333333
2 0.791875 0.23666666666666666 0.05875 0.14888888888888888
2 0.025625 0.2477777777777778 0.05125 0.12666666666666668
2 0.90625 0.3888888888888889 0.0975 0.2222222222222222
5 0.7 0.16666666666666666 0.0775 0.25333333333333335
2 0.049375 0.30777777777777776 0.08125 0.16666666666666666
2 0.106875 0.23777777777777778 0.05625 0.13333333333333333
2 0.810625 0.5344444444444445 0.12125 0.22444444444444445
2 0.438125 0.32555555555555554 0.08625 0.14
2 0.5575 0.3111111111111111 0.075 0.1688888888888889
2 0.386875 0.5522222222222222 0.10375 0.24666666666666667
2 0.9475 0.5311111111111111 0.105 0.24
2 0.53125 0.5388888888888889 0.1275 0.24666666666666667
