2 0.21125 0.24555555555555555 0.07 0.13555555555555557
2 0.81 0.5388888888888889 0.1225 0.22
2 0.025625 0.24555555555555555 0.05125 0.12666666666666668
2 0.45375 0.24 0.0725 0.1288888888888889
2 0.389375 0.5644444444444444 0.10875 0.23555555555555555
2 0.063125 0.5244444444444445 0.10625 0.2222222222222222
2 0.32625 0.7433333333333333 0.1425 0.32666666666666666
2 0.155625 0.5177777777777778 0.09875 0.22666666666666666
2 0.306875 0.24888888888888888 0.07125 0.1288888888888889
2 0.895 0.7722222222222223 0.2 0.34444444444444444
2 0.52 0.7533333333333333 0.2125 0.3333333333333333
2 0.26375 0.30666666666666664 0.08 0.16444444444444445
2 0.04875 0.30666666666666664 0.0825 0.16444444444444445
2 0.905625 0.39111111111111113 0.09875 0.20444444444444446
2 0.1475 0.31444444444444447 0.0725 0.14444444444444443
2 0.8375 0.29777777777777775 0.0825 0.18222222222222223
2 0.5575 0.31222222222222223 0.075 0.1622222222222222
2 0.793125 0.23333333333333334 0.06625 0.13777777777777778
5 0.698125 0.16444444444444445 0.07875 0.25333333333333335
2 0.515625 0.3977777777777778 0.09625 0.17777777777777778
2 0.53125 0.5433333333333333 0.1275 0.24666666666666667
2 0.7325 0.2922222222222222 0.08 0.18
2 0.946875 0.5333333333333333 0.10375 0.24
2 0.765625 0.39666666666666667 0.10375 0.18444444444444444
2 0.109375 0.24 0.05875 0.14222222222222222
2 0.968125 0.24222222222222223 0.05875 0.1511111111111111
2 0.093125 0.4066666666666667 0.08125 0.17777777777777778
2 0.4075 0.4077777777777778 0.0875 0.18
2 0.439375 0.3233333333333333 0.08625 0.14
2 0.21 0.3977777777777778 0.095 0.18222222222222223
