2 0.425625 0.5788888888888889 0.10375 0.2288888888888889
2 0.115 0.21777777777777776 0.0675 0.11555555555555555
2 0.53 0.16111111111111112 0.0575 0.12222222222222222
2 0.508125 0.22333333333333333 0.07125 0.12222222222222222
2 0.371875 0.21666666666666667 0.06625 0.12222222222222222
2 0.045625 0.2788888888888889 0.08875 0.16666666666666666
2 0.280625 0.39111111111111113 0.09125 0.1688888888888889
2 0.57625 0.40444444444444444 0.1325 0.2
2 0.86625 0.29888888888888887 0.0675 0.1711111111111111
2 0.565 0.8955555555555555 0.1575 0.20444444444444446
2 0.793125 0.41555555555555557 0.10125 0.16
1 0.6125 0.17222222222222222 0.0775 0.11333333333333333
2 0.76375 0.29888888888888887 0.085 0.15333333333333332
2 0.569375 0.5744444444444444 0.17125 0.2688888888888889
2 0.185625 0.16444444444444445 0.06125 0.1111111111111111
2 0.24875 0.16111111111111112 0.05 0.11777777777777777
2 0.61 0.22 0.07 0.1111111111111111
2 0.924375 0.8722222222222222 0.14875 0.2511111111111111
2 0.33125 0.28555555555555556 0.0725 0.14444444444444443
2 0.053125 0.5233333333333333 0.10125 0.20666666666666667
2 0.49125 0.3 0.0875 0.1511111111111111
2 0.7425 0.21444444444444444 0.0675 0.13555555555555557
1 0.965 0.23777777777777778 0.0675 0.15555555555555556
2 0.248125 0.2877777777777778 0.06875 0.14444444444444443
2 0.138125 0.2922222222222222 0.08375 0.14
2 0.93375 0.18222222222222223 0.0625 0.1111111111111111
2 0.37375 0.8644444444444445 0.1575 0.26666666666666666
2 0.198125 0.22444444444444445 0.05875 0.11555555555555555
2 0.449375 0.41333333333333333 0.10375 0.19555555555555557
2 0.713125 0.16666666666666666 0.06375 0.1288888888888889
2 0.4075 0.16444444444444445 0.06 0.10222222222222223
2 0.9075 0.38222222222222224 0.1125 0.23555555555555555
0 0.320625 0.17333333333333334 0.05875 0.08888888888888889
2 0.28125 0.21666666666666667 0.06 0.13555555555555557
2 0.21875 0.37555555555555553 0.085 0.16
2 0.85125 0.5822222222222222 0.115 0.23555555555555555
1 0.798125 0.1711111111111111 0.06625 0.12
2 0.821875 0.22555555555555556 0.06375 0.14888888888888888
2 0.165625 0.5288888888888889 0.10625 0.2088888888888889
2 0.59875 0.29333333333333333 0.0925 0.1511111111111111
