2 0.36875 0.21666666666666667 0.0725 0.12222222222222222
2 0.970625 0.2388888888888889 0.05625 0.14888888888888888
2 0.794375 0.4166666666666667 0.09875 0.16666666666666666
2 0.123125 0.2111111111111111 0.07625 0.12
2 0.568125 0.5733333333333334 0.17125 0.27555555555555555
2 0.25375 0.16111111111111112 0.0525 0.11777777777777777
2 0.24625 0.28888888888888886 0.0575 0.13777777777777778
2 0.339375 0.2877777777777778 0.06375 0.14
2 0.166875 0.5344444444444445 0.10375 0.20666666666666667
0 0.324375 0.17333333333333334 0.05625 0.08888888888888889
2 0.79375 0.1711111111111111 0.055 0.11555555555555555
2 0.18625 0.17 0.06 0.10888888888888888
2 0.128125 0.3 0.07625 0.12444444444444444
2 0.85 0.5833333333333334 0.115 0.2288888888888889
2 0.82375 0.22666666666666666 0.065 0.1511111111111111
2 0.9325 0.18555555555555556 0.06 0.11333333333333333
2 0.19875 0.22777777777777777 0.0625 0.10444444444444445
2 0.525625 0.16444444444444445 0.06625 0.11555555555555555
2 0.58 0.4122222222222222 0.135 0.20222222222222222
2 0.741875 0.21 0.06375 0.13555555555555557
2 0.595625 0.28888888888888886 0.09875 0.15555555555555556
2 0.566875 0.8977777777777778 0.15375 0.19555555555555557
2 0.219375 0.37333333333333335 0.07125 0.1688888888888889
2 0.7025 0.1922222222222222 0.055 0.08666666666666667
2 0.2825 0.22 0.06 0.12444444444444444
2 0.149375 0.37555555555555553 0.09625 0.17333333333333334
2 0.86875 0.30666666666666664 0.09 0.16
1 0.6075 0.17333333333333334 0.085 0.10222222222222223
2 0.450625 0.43777777777777777 0.10375 0.2222222222222222
2 0.486875 0.3011111111111111 0.09875 0.12666666666666668
2 0.051875 0.5255555555555556 0.09625 0.19777777777777777
2 0.04375 0.2833333333333333 0.085 0.16666666666666666
2 0.76375 0.29777777777777775 0.0875 0.15555555555555556
2 0.2875 0.37333333333333335 0.085 0.18666666666666668
2 0.50375 0.22777777777777777 0.075 0.12222222222222222
2 0.40625 0.17 0.0625 0.10444444444444445
2 0.924375 0.4166666666666667 0.09625 0.18
2 0.9275 0.8833333333333333 0.145 0.2288888888888889
2 0.425 0.5822222222222222 0.1075 0.2311111111111111
