1 0.621875 0.45 0.11375 0.17555555555555555
1 0.63875 0.5544444444444444 0.1275 0.1622222222222222
1 0.931875 0.45666666666666667 0.09375 0.18888888888888888
1 0.420625 0.18666666666666668 0.04125 0.10222222222222223
1 0.4075 0.2111111111111111 0.0425 0.08888888888888889
1 0.144375 0.45444444444444443 0.08125 0.1711111111111111
1 0.250625 0.29 0.06125 0.10444444444444445
1 0.310625 0.5555555555555556 0.11625 0.19555555555555557
1 0.454375 0.37666666666666665 0.08375 0.14
1 0.804375 0.2733333333333333 0.05875 0.12
1 0.770625 0.5333333333333333 0.11375 0.2222222222222222
1 0.29 0.2111111111111111 0.0475 0.10222222222222223
1 0.6075 0.36444444444444446 0.0775 0.15555555555555556
2 0.83 0.20777777777777778 0.04 0.08222222222222222
1 0.38875 0.25555555555555554 0.0525 0.09333333333333334
1 0.431875 0.5544444444444444 0.12125 0.20222222222222222
1 0.37625 0.3088888888888889 0.06 0.1288888888888889
1 0.88 0.3844444444444444 0.0725 0.1511111111111111
1 0.1 0.38333333333333336 0.0625 0.13555555555555557
1 0.586875 0.2611111111111111 0.05625 0.12666666666666668
2 0.140625 0.3277777777777778 0.06125 0.11777777777777777
1 0.6825 0.3088888888888889 0.06 0.14222222222222222
1 0.22875 0.32666666666666666 0.065 0.12
1 0.781875 0.23333333333333334 0.04875 0.09777777777777778
1 0.32375 0.44666666666666666 0.1075 0.16
1 0.575625 0.21 0.05125 0.09111111111111111
1 0.234375 0.21777777777777776 0.03875 0.09777777777777778
1 0.4625 0.27555555555555555 0.0725 0.10222222222222223
1 0.923125 0.31555555555555553 0.05625 0.1288888888888889
1 0.6675 0.25333333333333335 0.0575 0.10666666666666667
1 0.1925 0.3688888888888889 0.07 0.14666666666666667
1 0.361875 0.3688888888888889 0.07125 0.15555555555555556
1 0.849375 0.31333333333333335 0.07375 0.14666666666666667
1 0.69375 0.36666666666666664 0.0675 0.15555555555555556
1 0.04 0.4588888888888889 0.075 0.14888888888888888
1 0.175625 0.2811111111111111 0.04875 0.09555555555555556
1 0.8525 0.23555555555555555 0.0525 0.10666666666666667
1 0.43875 0.44666666666666666 0.095 0.16
1 0.763125 0.19555555555555557 0.04625 0.12
1 0.269375 0.25222222222222224 0.05125 0.09555555555555556
1 0.208125 0.24888888888888888 0.04375 0.09777777777777778
1 0.6075 0.31333333333333335 0.0775 0.12
1 0.45625 0.3111111111111111 0.0775 0.1288888888888889
1 0.080625 0.5488888888888889 0.10875 0.18666666666666668
