1 0.775 0.5488888888888889 0.1125 0.21777777777777776
1 0.639375 0.19111111111111112 0.04375 0.09777777777777778
1 0.09875 0.38 0.06 0.13333333333333333
1 0.176875 0.27666666666666667 0.05375 0.09555555555555556
1 0.43375 0.5544444444444444 0.115 0.20222222222222222
1 0.59125 0.2644444444444444 0.0625 0.10666666666666667
1 0.42125 0.18222222222222223 0.0425 0.10222222222222223
1 0.456875 0.31444444444444447 0.07625 0.12666666666666668
1 0.36 0.37333333333333335 0.0725 0.15555555555555556
1 0.324375 0.4477777777777778 0.10375 0.16666666666666666
1 0.78 0.23555555555555555 0.05 0.09777777777777778
1 0.969375 0.3788888888888889 0.05625 0.15777777777777777
1 0.290625 0.21 0.04625 0.1
1 0.308125 0.5511111111111111 0.11875 0.19111111111111112
1 0.39625 0.23333333333333334 0.05 0.10666666666666667
1 0.206875 0.24888888888888888 0.04375 0.09333333333333334
1 0.25125 0.2911111111111111 0.0625 0.10222222222222223
1 0.80625 0.2722222222222222 0.0625 0.12666666666666668
1 0.454375 0.38 0.08375 0.14222222222222222
1 0.925 0.31444444444444447 0.0625 0.12222222222222222
1 0.668125 0.25666666666666665 0.05625 0.11777777777777777
1 0.6175 0.45111111111111113 0.1 0.18666666666666668
2 0.140625 0.3277777777777778 0.05625 0.12222222222222222
1 0.6075 0.3688888888888889 0.08 0.14666666666666667
2 0.82875 0.2111111111111111 0.04 0.08444444444444445
1 0.880625 0.38333333333333336 0.07375 0.15333333333333332
1 0.605625 0.30444444444444446 0.07375 0.10666666666666667
1 0.375625 0.31222222222222223 0.06375 0.13555555555555557
1 0.14375 0.45444444444444443 0.0825 0.1711111111111111
1 0.846875 0.31444444444444447 0.07125 0.15333333333333332
1 0.411875 0.2111111111111111 0.03875 0.09333333333333334
1 0.19375 0.37777777777777777 0.075 0.13333333333333333
1 0.9325 0.4577777777777778 0.0875 0.19111111111111112
1 0.386875 0.2611111111111111 0.04875 0.10444444444444445
1 0.234375 0.21777777777777776 0.04125 0.09777777777777778
1 0.228125 0.32666666666666666 0.06875 0.12
1 0.729375 0.4411111111111111 0.08125 0.16666666666666666
1 0.43875 0.4488888888888889 0.095 0.16444444444444445
1 0.85375 0.23777777777777778 0.0525 0.09777777777777778
1 0.764375 0.2011111111111111 0.04875 0.11777777777777777
1 0.27 0.2511111111111111 0.05 0.09777777777777778
1 0.68125 0.30444444444444446 0.06 0.14666666666666667
