1 0.040625 0.4633333333333333 0.07625 0.15333333333333332
1 0.43125 0.5544444444444444 0.1225 0.20222222222222222
1 0.20875 0.25333333333333335 0.045 0.09777777777777778
1 0.784375 0.23666666666666666 0.05375 0.1
1 0.773125 0.21666666666666667 0.05125 0.10888888888888888
1 0.84625 0.31777777777777777 0.075 0.14222222222222222
1 0.30875 0.5533333333333333 0.1175 0.19555555555555557
1 0.82875 0.21222222222222223 0.0425 0.08666666666666667
1 0.595625 0.2777777777777778 0.06625 0.11555555555555555
1 0.37875 0.31333333333333335 0.0575 0.13333333333333333
1 0.235 0.21888888888888888 0.0425 0.09555555555555556
1 0.456875 0.31444444444444447 0.07875 0.13111111111111112
1 0.88125 0.3811111111111111 0.07 0.14
1 0.668125 0.2544444444444444 0.05875 0.11333333333333333
1 0.2275 0.32666666666666666 0.0675 0.11555555555555555
1 0.7225 0.44333333333333336 0.0925 0.17555555555555555
1 0.440625 0.4488888888888889 0.09625 0.15555555555555556
1 0.193125 0.38 0.06875 0.13333333333333333
1 0.391875 0.2388888888888889 0.05375 0.11333333333333333
1 0.8575 0.24222222222222223 0.0575 0.10222222222222223
1 0.144375 0.4588888888888889 0.08625 0.16666666666666666
1 0.80375 0.2788888888888889 0.065 0.11777777777777777
1 0.96875 0.37777777777777777 0.06 0.13777777777777778
1 0.77375 0.5488888888888889 0.1225 0.2222222222222222
1 0.925625 0.3211111111111111 0.05875 0.13111111111111112
1 0.140625 0.32555555555555554 0.05875 0.11777777777777777
1 0.175625 0.28444444444444444 0.04875 0.09333333333333334
1 0.36 0.37 0.0775 0.14444444444444443
1 0.08 0.55 0.1125 0.19333333333333333
1 0.608125 0.3711111111111111 0.08125 0.14666666666666667
1 0.42125 0.18333333333333332 0.0425 0.10444444444444445
1 0.604375 0.45666666666666667 0.09125 0.1711111111111111
1 0.273125 0.25333333333333335 0.04875 0.09333333333333334
1 0.291875 0.2111111111111111 0.04625 0.09777777777777778
1 0.41375 0.21444444444444444 0.04 0.09555555555555556
1 0.45625 0.3788888888888889 0.085 0.14
1 0.25125 0.29 0.065 0.09555555555555556
1 0.100625 0.3811111111111111 0.06625 0.13111111111111112
1 0.608125 0.30666666666666664 0.07625 0.10666666666666667
1 0.324375 0.4477777777777778 0.11375 0.16666666666666666
1 0.89375 0.2733333333333333 0.0425 0.09777777777777778
1 0.931875 0.4666666666666667 0.09375 0.17777777777777778
1 0.683125 0.30777777777777776 0.06375 0.14444444444444443
