1 0.845625 0.31555555555555553 0.07125 0.13777777777777778
1 0.1725 0.2788888888888889 0.0475 0.09111111111111111
1 0.64125 0.20666666666666667 0.045 0.09777777777777778
1 0.39125 0.24666666666666667 0.0575 0.1111111111111111
1 0.453125 0.31333333333333335 0.08375 0.12444444444444444
1 0.420625 0.17777777777777778 0.04125 0.09777777777777778
1 0.829375 0.20777777777777778 0.03875 0.08222222222222222
1 0.804375 0.27444444444444444 0.06625 0.11333333333333333
1 0.61625 0.45222222222222225 0.115 0.17555555555555555
1 0.078125 0.5477777777777778 0.11625 0.18888888888888888
1 0.781875 0.2388888888888889 0.05375 0.10444444444444445
1 0.763125 0.19555555555555557 0.04875 0.12
1 0.625 0.5533333333333333 0.11 0.1688888888888889
1 0.88125 0.3811111111111111 0.0775 0.14888888888888888
1 0.891875 0.27 0.04625 0.09555555555555556
1 0.233125 0.21555555555555556 0.04125 0.09333333333333334
1 0.249375 0.28555555555555556 0.06875 0.1
2 0.9675 0.38333333333333336 0.06 0.1622222222222222
1 0.93125 0.46111111111111114 0.0875 0.18
1 0.455 0.37444444444444447 0.085 0.14
1 0.205625 0.25 0.04375 0.1
1 0.924375 0.31444444444444447 0.06125 0.12222222222222222
1 0.411875 0.21 0.04125 0.09555555555555556
1 0.3625 0.36777777777777776 0.0725 0.15333333333333332
1 0.098125 0.37777777777777777 0.06625 0.13777777777777778
1 0.306875 0.5488888888888889 0.11875 0.19555555555555557
1 0.66625 0.25555555555555554 0.0575 0.1111111111111111
1 0.190625 0.37777777777777777 0.07125 0.1288888888888889
1 0.853125 0.23666666666666666 0.05125 0.09555555555555556
1 0.375 0.31 0.0625 0.13555555555555557
1 0.695625 0.37 0.07375 0.14888888888888888
1 0.68125 0.29777777777777775 0.06 0.1288888888888889
1 0.289375 0.2111111111111111 0.04625 0.09777777777777778
1 0.224375 0.3244444444444444 0.07375 0.11555555555555555
1 0.43875 0.44666666666666666 0.1 0.1511111111111111
1 0.143125 0.45555555555555555 0.08625 0.16444444444444445
1 0.429375 0.5544444444444444 0.12625 0.19777777777777777
1 0.325 0.4444444444444444 0.105 0.1688888888888889
1 0.580625 0.16444444444444445 0.04875 0.08
1 0.589375 0.26666666666666666 0.05875 0.10666666666666667
1 0.9675 0.3811111111111111 0.06 0.15777777777777777
1 0.6075 0.3655555555555556 0.0825 0.14
1 0.605625 0.3055555555555556 0.07625 0.10444444444444445
1 0.269375 0.25222222222222224 0.05125 0.09111111111111111
1 0.14125 0.32222222222222224 0.0575 0.12
