1 0.965625 0.3788888888888889 0.06125 0.1622222222222222
1 0.58 0.16666666666666666 0.05 0.08444444444444445
1 0.88125 0.3811111111111111 0.0775 0.15333333333333332
1 0.576875 0.20777777777777778 0.05875 0.09555555555555556
1 0.360625 0.36777777777777776 0.07375 0.15333333333333332
1 0.70125 0.37 0.0825 0.14444444444444443
1 0.85375 0.23555555555555555 0.0525 0.09333333333333334
1 0.615 0.45444444444444443 0.1125 0.1711111111111111
1 0.605625 0.30777777777777776 0.07875 0.10888888888888888
1 0.763125 0.19444444444444445 0.04875 0.11777777777777777
1 0.20625 0.24888888888888888 0.045 0.09777777777777778
1 0.455 0.37666666666666665 0.085 0.13555555555555557
1 0.140625 0.32222222222222224 0.05625 0.12
1 0.624375 0.5566666666666666 0.11125 0.1711111111111111
1 0.828125 0.20777777777777778 0.04125 0.08222222222222222
1 0.58875 0.26666666666666666 0.0625 0.1111111111111111
1 0.60875 0.36666666666666664 0.085 0.13777777777777778
1 0.68125 0.3011111111111111 0.0625 0.12666666666666668
1 0.43625 0.4444444444444444 0.1 0.15555555555555556
1 0.3075 0.55 0.115 0.19333333333333333
1 0.0375 0.4577777777777778 0.0675 0.1511111111111111
1 0.420625 0.18 0.04125 0.09777777777777778
1 0.4125 0.2111111111111111 0.04 0.09333333333333334
1 0.4525 0.3111111111111111 0.085 0.12444444444444444
1 0.893125 0.2722222222222222 0.04375 0.09555555555555556
1 0.375625 0.3088888888888889 0.06375 0.13777777777777778
1 0.80375 0.27444444444444444 0.0675 0.11333333333333333
1 0.078125 0.5455555555555556 0.11375 0.18444444444444444
1 0.17375 0.28444444444444444 0.0425 0.09333333333333334
1 0.25 0.2866666666666667 0.065 0.09777777777777778
1 0.476875 0.1988888888888889 0.04875 0.09111111111111111
1 0.143125 0.4533333333333333 0.08875 0.16
1 0.645 0.20444444444444446 0.0475 0.09333333333333334
1 0.325 0.44333333333333336 0.105 0.16666666666666666
1 0.42875 0.5533333333333333 0.1275 0.19111111111111112
1 0.29 0.21 0.0475 0.09555555555555556
1 0.190625 0.37777777777777777 0.07125 0.1288888888888889
1 0.666875 0.2577777777777778 0.05875 0.1111111111111111
1 0.225 0.3277777777777778 0.0725 0.11333333333333333
1 0.27 0.25333333333333335 0.0525 0.09333333333333334
1 0.39625 0.22777777777777777 0.0475 0.10444444444444445
1 0.933125 0.46 0.09125 0.18222222222222223
1 0.78125 0.23777777777777778 0.0525 0.10666666666666667
1 0.101875 0.38 0.06625 0.13777777777777778
1 0.38875 0.2544444444444444 0.06 0.1
1 0.23375 0.21666666666666667 0.04 0.09555555555555556
1 0.925 0.31444444444444447 0.06 0.11777777777777777
1 0.84625 0.31777777777777777 0.0725 0.13777777777777778
