1 0.37 0.31666666666666665 0.0725 0.13555555555555557
1 0.41375 0.21333333333333335 0.04 0.09333333333333334
1 0.851875 0.24666666666666667 0.05125 0.10666666666666667
1 0.65375 0.24222222222222223 0.05 0.10666666666666667
1 0.14375 0.46111111111111114 0.0975 0.1622222222222222
1 0.308125 0.5533333333333333 0.11375 0.18666666666666668
1 0.2725 0.25555555555555554 0.045 0.09777777777777778
1 0.764375 0.2011111111111111 0.04625 0.12222222222222222
1 0.966875 0.3844444444444444 0.05625 0.16
1 0.585625 0.26555555555555554 0.04625 0.1
1 0.673125 0.26222222222222225 0.05625 0.1111111111111111
1 0.144375 0.3244444444444444 0.05125 0.12444444444444444
1 0.0775 0.5488888888888889 0.1175 0.18222222222222223
1 0.588125 0.23444444444444446 0.06375 0.10444444444444445
1 0.580625 0.17555555555555555 0.06625 0.09777777777777778
1 0.32625 0.44222222222222224 0.11 0.1688888888888889
1 0.225625 0.3233333333333333 0.06625 0.11333333333333333
1 0.425625 0.18222222222222223 0.03875 0.09777777777777778
1 0.6175 0.4577777777777778 0.1225 0.16444444444444445
1 0.205 0.24888888888888888 0.04 0.08888888888888889
1 0.58 0.2111111111111111 0.0775 0.09777777777777778
1 0.19375 0.37666666666666665 0.065 0.12222222222222222
1 0.360625 0.37333333333333335 0.07125 0.16
1 0.784375 0.23555555555555555 0.04625 0.10222222222222223
1 0.7775 0.5433333333333333 0.1175 0.20222222222222222
1 0.845 0.31666666666666665 0.075 0.13555555555555557
1 0.61 0.3688888888888889 0.0875 0.14222222222222222
1 0.035 0.45666666666666667 0.0675 0.15777777777777777
1 0.4575 0.37444444444444447 0.0775 0.12666666666666668
1 0.4825 0.20444444444444446 0.05 0.08888888888888889
1 0.704375 0.36777777777777776 0.08875 0.14
1 0.394375 0.2388888888888889 0.05125 0.10888888888888888
1 0.806875 0.2733333333333333 0.06875 0.11555555555555555
1 0.478125 0.18 0.05375 0.09777777777777778
1 0.634375 0.18888888888888888 0.04125 0.10222222222222223
1 0.25125 0.28888888888888886 0.0575 0.09777777777777778
1 0.63125 0.5511111111111111 0.13 0.18666666666666668
1 0.725625 0.45111111111111113 0.09375 0.18222222222222223
1 0.68625 0.30777777777777776 0.0725 0.13555555555555557
1 0.93125 0.4622222222222222 0.0925 0.18666666666666668
1 0.828125 0.21666666666666667 0.05125 0.09111111111111111
1 0.0975 0.3844444444444444 0.065 0.14666666666666667
1 0.890625 0.2788888888888889 0.04625 0.12666666666666668
1 0.238125 0.22111111111111112 0.03625 0.09555555555555556
1 0.64125 0.2111111111111111 0.045 0.08888888888888889
1 0.604375 0.31222222222222223 0.08375 0.11777777777777777
1 0.175 0.2811111111111111 0.0425 0.09111111111111111
1 0.435625 0.44333333333333336 0.10375 0.15333333333333332
1 0.87875 0.3844444444444444 0.075 0.1511111111111111
1 0.29625 0.21555555555555556 0.0425 0.1111111111111111
1 0.9275 0.31555555555555553 0.06 0.12
1 0.43 0.5522222222222222 0.1225 0.19777777777777777
1 0.454375 0.30666666666666664 0.07375 0.12
