1 0.964375 0.6111111111111112 0.06625 0.1511111111111111
1 0.551875 0.3244444444444444 0.05875 0.08
2 0.79875 0.36 0.0475 0.09333333333333334
2 0.56625 0.6111111111111112 0.09 0.1688888888888889
2 0.84375 0.4222222222222222 0.0625 0.09777777777777778
1 0.4425 0.6088888888888889 0.1 0.17777777777777778
2 0.488125 0.3566666666666667 0.05875 0.1
2 0.9 0.5033333333333333 0.0675 0.12666666666666668
2 0.33125 0.27555555555555555 0.0375 0.07555555555555556
2 0.555 0.5055555555555555 0.0675 0.10888888888888888
2 0.4975 0.28555555555555556 0.045 0.07333333333333333
5 0.271875 0.3411111111111111 0.04875 0.11777777777777777
2 0.310625 0.31666666666666665 0.03625 0.07333333333333333
2 0.33625 0.35444444444444445 0.055 0.1
1 0.874375 0.6155555555555555 0.08875 0.1511111111111111
1 0.380625 0.2822222222222222 0.03875 0.07111111111111111
2 0.554375 0.36444444444444446 0.05875 0.08444444444444445
2 0.768125 0.3211111111111111 0.04125 0.08666666666666667
1 0.55375 0.5033333333333333 0.0675 0.10888888888888888
1 0.553125 0.2911111111111111 0.04125 0.05333333333333334
2 0.68625 0.29 0.0375 0.06444444444444444
2 0.708125 0.3233333333333333 0.04375 0.07777777777777778
2 0.451875 0.4955555555555556 0.10375 0.14666666666666667
2 0.73875 0.29 0.035 0.06888888888888889
2 0.816875 0.5066666666666667 0.08875 0.11555555555555555
1 0.548125 0.43666666666666665 0.06375 0.09111111111111111
2 0.765625 0.4177777777777778 0.05625 0.1111111111111111
3 0.16875 0.6066666666666667 0.0975 0.17333333333333334
2 0.240625 0.49333333333333335 0.07375 0.14222222222222222
1 0.36875 0.31666666666666665 0.04 0.08222222222222222
2 0.225625 0.4111111111111111 0.05625 0.1111111111111111
2 0.153125 0.49777777777777776 0.08125 0.12444444444444444
3 0.064375 0.6077777777777778 0.08625 0.14444444444444443
2 0.7375 0.36333333333333334 0.05 0.09111111111111111
2 0.481875 0.4288888888888889 0.05125 0.09333333333333334
