1 0.463125 0.26666666666666666 0.06875 0.09777777777777778
1 0.663125 0.25222222222222224 0.06125 0.10444444444444445
1 0.361875 0.36666666666666664 0.07125 0.1511111111111111
1 0.390625 0.23444444444444446 0.05625 0.10444444444444445
1 0.4375 0.44666666666666666 0.1 0.15555555555555556
1 0.605625 0.30777777777777776 0.07875 0.10888888888888888
1 0.17375 0.2877777777777778 0.05 0.09555555555555556
1 0.61625 0.45444444444444443 0.115 0.1711111111111111
1 0.645 0.5555555555555556 0.1225 0.1688888888888889
1 0.454375 0.31333333333333335 0.08125 0.12
1 0.781875 0.2388888888888889 0.05375 0.10444444444444445
1 0.853125 0.2411111111111111 0.05375 0.09555555555555556
1 0.100625 0.38 0.06875 0.13777777777777778
1 0.803125 0.2733333333333333 0.06625 0.11555555555555555
1 0.325625 0.4444444444444444 0.10375 0.16444444444444445
1 0.269375 0.2544444444444444 0.05375 0.08666666666666667
1 0.845625 0.32 0.07375 0.13333333333333333
1 0.1425 0.45666666666666667 0.0875 0.1622222222222222
1 0.696875 0.3711111111111111 0.07375 0.13777777777777778
1 0.829375 0.21 0.04125 0.08222222222222222
1 0.03875 0.4577777777777778 0.07 0.1511111111111111
1 0.249375 0.2911111111111111 0.06875 0.09777777777777778
1 0.42 0.1811111111111111 0.0425 0.1
1 0.57875 0.16777777777777778 0.0525 0.08666666666666667
1 0.30625 0.5466666666666666 0.115 0.19111111111111112
1 0.073125 0.5488888888888889 0.11875 0.19111111111111112
1 0.589375 0.2611111111111111 0.06125 0.11777777777777777
1 0.6075 0.36666666666666664 0.0825 0.13777777777777778
1 0.893125 0.27444444444444444 0.04375 0.09555555555555556
1 0.205625 0.2511111111111111 0.04625 0.10222222222222223
1 0.475 0.19777777777777777 0.05 0.09333333333333334
1 0.645 0.21 0.0475 0.08666666666666667
1 0.773125 0.5488888888888889 0.12625 0.21333333333333335
1 0.2325 0.21555555555555556 0.04 0.09333333333333334
1 0.88 0.38222222222222224 0.075 0.14666666666666667
1 0.1425 0.3233333333333333 0.0575 0.11777777777777777
1 0.190625 0.3844444444444444 0.07125 0.12
1 0.428125 0.5555555555555556 0.12625 0.19555555555555557
1 0.9675 0.3788888888888889 0.06 0.15333333333333332
1 0.723125 0.44 0.08875 0.17333333333333334
1 0.28875 0.2111111111111111 0.0475 0.09777777777777778
1 0.373125 0.3088888888888889 0.06625 0.1288888888888889
1 0.924375 0.31777777777777777 0.06125 0.11555555555555555
1 0.226875 0.33111111111111113 0.07125 0.1111111111111111
1 0.57625 0.21444444444444444 0.055 0.1
1 0.681875 0.29777777777777775 0.06125 0.1288888888888889
1 0.931875 0.46111111111111114 0.09125 0.18
1 0.7625 0.19333333333333333 0.0475 0.11555555555555555
1 0.41125 0.21444444444444444 0.04 0.09111111111111111
1 0.454375 0.37444444444444447 0.08625 0.14
