1 0.724375 0.45 0.08875 0.18888888888888888
1 0.03875 0.4633333333333333 0.0725 0.14
1 0.606875 0.3088888888888889 0.08125 0.1111111111111111
1 0.966875 0.3844444444444444 0.06375 0.14666666666666667
1 0.17375 0.2877777777777778 0.055 0.09111111111111111
1 0.145 0.46 0.085 0.16
1 0.831875 0.2088888888888889 0.03625 0.07111111111111111
1 0.614375 0.45666666666666667 0.10375 0.1711111111111111
1 0.698125 0.37333333333333335 0.07625 0.13777777777777778
1 0.393125 0.2288888888888889 0.05625 0.08888888888888889
1 0.27125 0.25555555555555554 0.05 0.08444444444444445
1 0.663125 0.2477777777777778 0.06125 0.11333333333333333
1 0.14375 0.32222222222222224 0.0575 0.11555555555555555
1 0.76375 0.1988888888888889 0.05 0.11777777777777777
1 0.1925 0.38666666666666666 0.075 0.12
1 0.250625 0.2911111111111111 0.06375 0.09777777777777778
1 0.7825 0.2411111111111111 0.0525 0.10888888888888888
1 0.325 0.45 0.1075 0.16666666666666666
1 0.475625 0.20333333333333334 0.04875 0.09111111111111111
1 0.58125 0.1711111111111111 0.055 0.09333333333333334
1 0.308125 0.55 0.11625 0.19333333333333333
1 0.41125 0.21666666666666667 0.04 0.08666666666666667
1 0.775625 0.5511111111111111 0.12375 0.21777777777777776
1 0.891875 0.27555555555555555 0.04625 0.09777777777777778
1 0.683125 0.30444444444444446 0.06375 0.14222222222222222
1 0.1025 0.38333333333333336 0.0675 0.14
1 0.581875 0.22111111111111112 0.06125 0.1
1 0.43875 0.4488888888888889 0.0975 0.16
1 0.455625 0.31444444444444447 0.08125 0.11777777777777777
1 0.84625 0.32 0.0725 0.13333333333333333
1 0.226875 0.3288888888888889 0.06875 0.1111111111111111
1 0.428125 0.56 0.12875 0.19555555555555557
1 0.465 0.26666666666666666 0.07 0.10222222222222223
1 0.85375 0.24444444444444444 0.055 0.10222222222222223
1 0.881875 0.38555555555555554 0.07125 0.14444444444444443
1 0.206875 0.25333333333333335 0.04625 0.10222222222222223
1 0.23375 0.22111111111111112 0.04 0.09555555555555556
1 0.9325 0.46555555555555556 0.0925 0.17555555555555555
1 0.643125 0.5633333333333334 0.12375 0.1622222222222222
1 0.363125 0.3711111111111111 0.07375 0.14666666666666667
1 0.608125 0.3711111111111111 0.08625 0.1511111111111111
1 0.374375 0.3088888888888889 0.06125 0.1288888888888889
1 0.455625 0.37777777777777777 0.08875 0.13777777777777778
1 0.29 0.21333333333333335 0.0475 0.09777777777777778
1 0.388125 0.27 0.04875 0.10888888888888888
1 0.590625 0.2511111111111111 0.05625 0.11555555555555555
1 0.805 0.27555555555555555 0.065 0.1288888888888889
1 0.42125 0.18333333333333332 0.04 0.1
1 0.924375 0.32 0.06125 0.12
