1 0.969375 0.39444444444444443 0.05875 0.13111111111111112
0 0.289375 0.21444444444444444 0.05875 0.09111111111111111
0 0.73875 0.47888888888888886 0.11 0.11333333333333333
1 0.175625 0.29 0.05625 0.11333333333333333
0 0.688125 0.3288888888888889 0.07875 0.08888888888888889
0 0.38875 0.24222222222222223 0.0625 0.08
0 0.59 0.24333333333333335 0.0625 0.07777777777777778
1 0.475 0.20333333333333334 0.0475 0.08666666666666667
0 0.2475 0.2966666666666667 0.0675 0.07777777777777778
0 0.609375 0.31555555555555553 0.08625 0.11555555555555555
0 0.605 0.38222222222222224 0.085 0.12
0 0.771875 0.5711111111111111 0.12875 0.14666666666666667
0 0.22375 0.32555555555555554 0.07 0.10444444444444445
0 0.20875 0.2544444444444444 0.0475 0.1
1 0.435625 0.4488888888888889 0.09375 0.1511111111111111
1 0.13625 0.3288888888888889 0.065 0.11555555555555555
0 0.8575 0.2588888888888889 0.05 0.08666666666666667
0 0.710625 0.3988888888888889 0.09375 0.09555555555555556
0 0.094375 0.3977777777777778 0.08375 0.10222222222222223
0 0.934375 0.46555555555555556 0.10125 0.1622222222222222
0 0.450625 0.31555555555555553 0.07875 0.11555555555555555
0 0.786875 0.24333333333333335 0.05375 0.09111111111111111
0 0.365 0.34 0.075 0.10666666666666667
0 0.27375 0.2644444444444444 0.0575 0.07111111111111111
0 0.303125 0.5655555555555556 0.11375 0.14444444444444443
0 0.926875 0.33444444444444443 0.06375 0.10444444444444445
0 0.194375 0.3877777777777778 0.08375 0.11777777777777777
0 0.385 0.2822222222222222 0.055 0.08444444444444445
1 0.93375 0.46555555555555556 0.1025 0.1622222222222222
0 0.806875 0.29333333333333333 0.07875 0.08
0 0.319375 0.45666666666666667 0.10125 0.15333333333333332
0 0.45125 0.37444444444444447 0.0875 0.13111111111111112
0 0.889375 0.28 0.05875 0.10666666666666667
0 0.58 0.19555555555555557 0.06 0.09333333333333334
0 0.42375 0.5611111111111111 0.1225 0.18
0 0.83 0.2111111111111111 0.0475 0.08888888888888889
0 0.0425 0.47555555555555556 0.0825 0.1288888888888889
0 0.081875 0.5677777777777778 0.12375 0.12666666666666668
0 0.235625 0.22333333333333333 0.04625 0.09555555555555556
0 0.6425 0.21333333333333335 0.05 0.07555555555555556
1 0.763125 0.19333333333333333 0.05375 0.11555555555555555
1 0.139375 0.46 0.09625 0.14666666666666667
0 0.6575 0.25 0.055 0.09111111111111111
0 0.675625 0.2811111111111111 0.06625 0.08222222222222222
0 0.850625 0.33555555555555555 0.07625 0.09777777777777778
