0 0.29625 0.22333333333333333 0.05 0.07777777777777778
0 0.23625 0.22111111111111112 0.0475 0.09555555555555556
1 0.3875 0.23777777777777778 0.0675 0.09777777777777778
0 0.6875 0.33 0.0775 0.09111111111111111
0 0.30125 0.5711111111111111 0.1125 0.14666666666666667
0 0.431875 0.45555555555555555 0.10625 0.1511111111111111
0 0.658125 0.24 0.06125 0.08444444444444445
0 0.73875 0.4666666666666667 0.12 0.14222222222222222
0 0.673125 0.2833333333333333 0.06875 0.07777777777777778
0 0.098125 0.39666666666666667 0.09375 0.1
2 0.926875 0.3188888888888889 0.06375 0.12666666666666668
0 0.8325 0.2222222222222222 0.0525 0.07555555555555556
0 0.89 0.4011111111111111 0.0775 0.11777777777777777
0 0.705625 0.3988888888888889 0.09125 0.09111111111111111
0 0.8575 0.26222222222222225 0.0525 0.08
0 0.77 0.5711111111111111 0.1225 0.14222222222222222
2 0.139375 0.32555555555555554 0.06625 0.12222222222222222
0 0.60875 0.32 0.085 0.10222222222222223
0 0.36125 0.37333333333333335 0.0825 0.13333333333333333
0 0.2475 0.2966666666666667 0.0625 0.08222222222222222
0 0.081875 0.5677777777777778 0.12125 0.13111111111111112
0 0.851875 0.34 0.07625 0.09777777777777778
1 0.47625 0.17333333333333334 0.055 0.09777777777777778
0 0.449375 0.3233333333333333 0.08125 0.10444444444444445
0 0.4525 0.37666666666666665 0.085 0.12666666666666668
0 0.8875 0.2822222222222222 0.0625 0.10222222222222223
0 0.20375 0.25555555555555554 0.06 0.09333333333333334
0 0.131875 0.47333333333333333 0.09875 0.1288888888888889
0 0.64375 0.18777777777777777 0.055 0.07333333333333333
0 0.22375 0.33666666666666667 0.0725 0.09555555555555556
0 0.5875 0.2822222222222222 0.0625 0.07555555555555556
0 0.805 0.29555555555555557 0.0775 0.08
0 0.274375 0.2544444444444444 0.05625 0.09111111111111111
0 0.58 0.19 0.06 0.08222222222222222
0 0.586875 0.23333333333333334 0.05875 0.08444444444444445
0 0.60625 0.38 0.09 0.11555555555555555
1 0.968125 0.38666666666666666 0.06125 0.13777777777777778
0 0.173125 0.3055555555555556 0.05125 0.09111111111111111
0 0.37375 0.3188888888888889 0.0725 0.11777777777777777
0 0.424375 0.5633333333333334 0.12125 0.18444444444444444
0 0.04 0.48333333333333334 0.08 0.10888888888888888
0 0.786875 0.24555555555555555 0.05625 0.09111111111111111
0 0.194375 0.3988888888888889 0.08125 0.10444444444444445
0 0.463125 0.24555555555555555 0.06375 0.08666666666666667
0 0.320625 0.4722222222222222 0.10625 0.13111111111111112
0 0.938125 0.47444444444444445 0.10125 0.14444444444444443
0 0.76625 0.21333333333333335 0.0525 0.08444444444444445
