2 0.93375 0.46 0.095 0.1688888888888889
0 0.300625 0.5711111111111111 0.11875 0.16
2 0.03875 0.46555555555555556 0.075 0.14444444444444443
2 0.086875 0.5477777777777778 0.10875 0.1711111111111111
1 0.649375 0.22111111111111112 0.04625 0.11777777777777777
0 0.229375 0.34444444444444444 0.07125 0.09333333333333334
1 0.320625 0.4677777777777778 0.10875 0.15333333333333332
2 0.1775 0.29555555555555557 0.045 0.10222222222222223
0 0.274375 0.25222222222222224 0.04875 0.09111111111111111
1 0.690625 0.3111111111111111 0.05625 0.1111111111111111
2 0.926875 0.3188888888888889 0.06625 0.12666666666666668
2 0.67125 0.26555555555555554 0.06 0.11333333333333333
2 0.805 0.27666666666666667 0.065 0.12666666666666668
2 0.858125 0.24 0.04375 0.08444444444444445
1 0.454375 0.38 0.08375 0.12
2 0.78875 0.2388888888888889 0.0425 0.10444444444444445
2 0.774375 0.5433333333333333 0.13375 0.20222222222222222
2 0.475625 0.17888888888888888 0.05625 0.11333333333333333
2 0.891875 0.2733333333333333 0.04375 0.1111111111111111
2 0.195625 0.39 0.07375 0.12222222222222222
2 0.6075 0.3111111111111111 0.085 0.12444444444444444
0 0.248125 0.2966666666666667 0.06875 0.08222222222222222
2 0.7675 0.19666666666666666 0.0425 0.11333333333333333
2 0.88125 0.3877777777777778 0.0725 0.14888888888888888
1 0.0975 0.39111111111111113 0.0775 0.11555555555555555
2 0.4675 0.2311111111111111 0.0575 0.10666666666666667
2 0.83125 0.21222222222222223 0.04 0.08222222222222222
2 0.850625 0.32222222222222224 0.05625 0.14666666666666667
1 0.430625 0.45222222222222225 0.10375 0.1622222222222222
1 0.4275 0.5555555555555556 0.1175 0.21777777777777776
1 0.7225 0.45666666666666667 0.0925 0.15777777777777777
2 0.3925 0.23444444444444446 0.0625 0.10444444444444445
2 0.591875 0.2688888888888889 0.06125 0.10666666666666667
2 0.41375 0.21444444444444444 0.04 0.08666666666666667
1 0.29375 0.21555555555555556 0.0525 0.09333333333333334
2 0.708125 0.37222222222222223 0.09125 0.13111111111111112
2 0.45125 0.30777777777777776 0.0725 0.13111111111111112
5 0.13125 0.30666666666666664 0.06 0.17333333333333334
2 0.36625 0.36 0.0725 0.16444444444444445
2 0.419375 0.17888888888888888 0.04125 0.09555555555555556
2 0.97125 0.39 0.055 0.13111111111111112
