1 0.319375 0.45 0.10375 0.1622222222222222
1 0.42625 0.5455555555555556 0.125 0.18
2 0.41875 0.1811111111111111 0.04 0.09111111111111111
1 0.19375 0.38666666666666666 0.08 0.12
1 0.723125 0.46 0.08625 0.14666666666666667
2 0.03875 0.4588888888888889 0.0775 0.14
1 0.6875 0.3111111111111111 0.06 0.12444444444444444
0 0.269375 0.24888888888888888 0.04625 0.09333333333333334
2 0.175 0.29 0.0575 0.10888888888888888
0 0.248125 0.29333333333333333 0.06625 0.08888888888888889
1 0.93 0.3244444444444444 0.0675 0.1111111111111111
2 0.474375 0.17333333333333334 0.05625 0.10666666666666667
1 0.43 0.45222222222222225 0.1 0.15333333333333332
1 0.585 0.23333333333333334 0.0525 0.10222222222222223
1 0.610625 0.3655555555555556 0.07625 0.11333333333333333
2 0.768125 0.19777777777777777 0.04625 0.1111111111111111
2 0.41375 0.21555555555555556 0.04 0.08444444444444445
1 0.648125 0.2088888888888889 0.04375 0.08888888888888889
1 0.97 0.4 0.055 0.12444444444444444
1 0.673125 0.2677777777777778 0.04625 0.09555555555555556
1 0.879375 0.3844444444444444 0.07375 0.1511111111111111
0 0.225 0.33444444444444443 0.07 0.10444444444444445
0 0.293125 0.21666666666666667 0.05125 0.09111111111111111
1 0.706875 0.3811111111111111 0.08875 0.12666666666666668
2 0.58 0.17888888888888888 0.055 0.09555555555555556
2 0.4525 0.30777777777777776 0.0725 0.13111111111111112
1 0.4525 0.37777777777777777 0.0825 0.12444444444444444
1 0.854375 0.2477777777777778 0.05375 0.09555555555555556
1 0.36 0.37333333333333335 0.0675 0.1511111111111111
1 0.078125 0.5488888888888889 0.11125 0.15555555555555556
1 0.84625 0.31777777777777777 0.0675 0.1288888888888889
2 0.8025 0.2788888888888889 0.065 0.10888888888888888
1 0.82875 0.21333333333333335 0.04 0.08444444444444445
1 0.0975 0.3811111111111111 0.0775 0.12666666666666668
1 0.140625 0.3277777777777778 0.06375 0.11333333333333333
1 0.301875 0.5577777777777778 0.11625 0.18666666666666668
1 0.615625 0.31 0.07375 0.11777777777777777
1 0.655 0.24333333333333335 0.045 0.10444444444444445
2 0.786875 0.2411111111111111 0.04375 0.09555555555555556
1 0.37125 0.3111111111111111 0.07 0.13777777777777778
2 0.205 0.2588888888888889 0.0425 0.08666666666666667
2 0.933125 0.4688888888888889 0.08875 0.17333333333333334
1 0.59125 0.27 0.06 0.10444444444444445
2 0.773125 0.5433333333333333 0.12375 0.20222222222222222
1 0.38875 0.23555555555555555 0.0625 0.10222222222222223
1 0.13875 0.4577777777777778 0.0875 0.14222222222222222
