2 0.58625 0.16777777777777778 0.035 0.08666666666666667
2 0.805625 0.2677777777777778 0.05375 0.12666666666666668
2 0.294375 0.21555555555555556 0.05375 0.09777777777777778
2 0.42875 0.4444444444444444 0.0925 0.1688888888888889
2 0.82875 0.20444444444444446 0.04 0.08888888888888889
2 0.1425 0.32555555555555554 0.0575 0.11777777777777777
2 0.47 0.26666666666666666 0.055 0.1111111111111111
2 0.7725 0.5422222222222223 0.125 0.19555555555555557
2 0.785 0.2311111111111111 0.0425 0.10666666666666667
2 0.2475 0.28444444444444444 0.0525 0.10222222222222223
2 0.206875 0.2511111111111111 0.04125 0.10666666666666667
2 0.763125 0.19666666666666666 0.04125 0.11333333333333333
2 0.60625 0.30444444444444446 0.07 0.11555555555555555
2 0.598125 0.22 0.03625 0.08444444444444445
2 0.648125 0.20222222222222222 0.04875 0.09777777777777778
2 0.178125 0.2866666666666667 0.05125 0.10222222222222223
2 0.684375 0.30777777777777776 0.05625 0.13111111111111112
2 0.23625 0.21555555555555556 0.0375 0.08888888888888889
2 0.87875 0.38 0.07 0.1511111111111111
2 0.455625 0.37666666666666665 0.07375 0.13555555555555557
2 0.3625 0.3688888888888889 0.065 0.1511111111111111
2 0.725625 0.43666666666666665 0.07875 0.17555555555555555
2 0.855625 0.24222222222222223 0.04875 0.11555555555555555
2 0.850625 0.31444444444444447 0.05625 0.13555555555555557
2 0.32625 0.4444444444444444 0.085 0.1688888888888889
2 0.473125 0.17222222222222222 0.05625 0.10444444444444445
2 0.140625 0.45666666666666667 0.07875 0.14888888888888888
2 0.419375 0.18 0.03875 0.10222222222222223
2 0.4125 0.21222222222222223 0.035 0.08222222222222222
2 0.584375 0.26555555555555554 0.05625 0.10888888888888888
2 0.965625 0.38555555555555554 0.06375 0.13111111111111112
2 0.04125 0.45555555555555555 0.08 0.14666666666666667
2 0.664375 0.2633333333333333 0.04625 0.11333333333333333
2 0.42875 0.5433333333333333 0.1075 0.18888888888888888
2 0.476875 0.22444444444444445 0.05125 0.08
2 0.934375 0.46444444444444444 0.09375 0.17777777777777778
2 0.084375 0.5488888888888889 0.09625 0.1688888888888889
2 0.628125 0.17888888888888888 0.03375 0.09111111111111111
2 0.30625 0.5488888888888889 0.1 0.17333333333333334
2 0.643125 0.5544444444444444 0.11125 0.18888888888888888
2 0.270625 0.2477777777777778 0.04375 0.09555555555555556
2 0.568125 0.20777777777777778 0.03625 0.10444444444444445
2 0.375625 0.30666666666666664 0.06875 0.13777777777777778
2 0.614375 0.3655555555555556 0.08125 0.14
2 0.624375 0.44555555555555554 0.09875 0.1711111111111111
2 0.395625 0.23444444444444446 0.05375 0.10888888888888888
2 0.70125 0.3622222222222222 0.06 0.13777777777777778
2 0.45625 0.3111111111111111 0.06 0.11555555555555555
2 0.926875 0.3233333333333333 0.05625 0.13555555555555557
2 0.1 0.37666666666666665 0.07 0.12666666666666668
2 0.225 0.32666666666666666 0.06 0.11555555555555555
2 0.1925 0.38222222222222224 0.0825 0.12444444444444444
2 0.89125 0.2733333333333333 0.045 0.10222222222222223
