2 0.65 0.2 0.05 0.09333333333333334
2 0.6425 0.5588888888888889 0.1125 0.18444444444444444
2 0.58625 0.16777777777777778 0.035 0.08666666666666667
2 0.28625 0.21 0.04 0.09111111111111111
2 0.22625 0.3277777777777778 0.0575 0.11777777777777777
2 0.14125 0.32666666666666666 0.055 0.12
2 0.685 0.31222222222222223 0.0575 0.13555555555555557
2 0.210625 0.25 0.04125 0.1
2 0.805625 0.27 0.05375 0.13111111111111112
2 0.458125 0.3111111111111111 0.05875 0.11555555555555555
2 0.454375 0.37666666666666665 0.07875 0.13555555555555557
2 0.3775 0.30666666666666664 0.0625 0.13777777777777778
2 0.6225 0.44555555555555554 0.0975 0.1711111111111111
2 0.365 0.36777777777777776 0.065 0.15333333333333332
2 0.41375 0.21666666666666667 0.0425 0.09111111111111111
2 0.42875 0.5455555555555556 0.1075 0.18888888888888888
2 0.268125 0.25222222222222224 0.04625 0.09111111111111111
2 0.325 0.4477777777777778 0.085 0.16666666666666666
2 0.8925 0.2722222222222222 0.045 0.11333333333333333
2 0.7025 0.36666666666666664 0.0625 0.14222222222222222
2 0.934375 0.4622222222222222 0.09125 0.17777777777777778
2 0.1025 0.38 0.0725 0.1288888888888889
2 0.141875 0.4588888888888889 0.07875 0.15333333333333332
2 0.236875 0.21444444444444444 0.03625 0.08666666666666667
2 0.42 0.18 0.04 0.09777777777777778
2 0.584375 0.26666666666666666 0.06375 0.10666666666666667
2 0.59875 0.22 0.0425 0.08444444444444445
2 0.393125 0.23555555555555555 0.05625 0.10222222222222223
2 0.929375 0.32666666666666666 0.05875 0.13777777777777778
2 0.76375 0.19777777777777777 0.0425 0.1111111111111111
2 0.56875 0.2088888888888889 0.0375 0.10222222222222223
2 0.665625 0.2644444444444444 0.04625 0.1111111111111111
2 0.879375 0.38333333333333336 0.07125 0.14888888888888888
2 0.965625 0.3888888888888889 0.06625 0.12444444444444444
2 0.77375 0.5411111111111111 0.1225 0.20222222222222222
2 0.629375 0.1811111111111111 0.03375 0.09555555555555556
2 0.475625 0.22111111111111112 0.05375 0.07777777777777778
2 0.785625 0.23444444444444446 0.04375 0.10444444444444445
2 0.854375 0.24333333333333335 0.04875 0.10444444444444445
2 0.30625 0.55 0.0975 0.1711111111111111
2 0.608125 0.3088888888888889 0.07875 0.11555555555555555
2 0.475 0.17555555555555555 0.0575 0.10666666666666667
2 0.85125 0.31666666666666665 0.0575 0.13111111111111112
2 0.72375 0.4388888888888889 0.08 0.17555555555555555
2 0.6125 0.36777777777777776 0.0775 0.14444444444444443
2 0.17875 0.28888888888888886 0.055 0.10666666666666667
2 0.248125 0.2866666666666667 0.05375 0.10222222222222223
2 0.084375 0.5488888888888889 0.09875 0.1688888888888889
2 0.650625 0.24555555555555555 0.03625 0.09111111111111111
2 0.1925 0.38333333333333336 0.0875 0.12666666666666668
2 0.829375 0.2088888888888889 0.04125 0.09333333333333334
2 0.43 0.44222222222222224 0.0975 0.17333333333333334
2 0.043125 0.45555555555555555 0.08125 0.1511111111111111
2 0.470625 0.26666666666666666 0.05125 0.11555555555555555
