2 0.29125 0.21555555555555556 0.0475 0.09777777777777778
2 0.569375 0.20555555555555555 0.03625 0.09555555555555556
2 0.45625 0.37555555555555553 0.08 0.13777777777777778
2 0.323125 0.44555555555555554 0.08875 0.1711111111111111
2 0.643125 0.5522222222222222 0.10875 0.18888888888888888
2 0.586875 0.16444444444444445 0.03375 0.08
2 0.43 0.4444444444444444 0.0925 0.1688888888888889
2 0.730625 0.4444444444444444 0.07375 0.17777777777777778
2 0.890625 0.27111111111111114 0.05125 0.12
2 0.19 0.3888888888888889 0.0775 0.11555555555555555
2 0.17625 0.28888888888888886 0.0525 0.10666666666666667
2 0.76625 0.19777777777777777 0.0425 0.11555555555555555
2 0.615625 0.36666666666666664 0.07125 0.14666666666666667
2 0.88 0.38333333333333336 0.0675 0.15333333333333332
2 0.851875 0.31555555555555553 0.05625 0.13333333333333333
2 0.4175 0.2111111111111111 0.04 0.09777777777777778
2 0.93125 0.4588888888888889 0.0875 0.1711111111111111
2 0.040625 0.45666666666666667 0.07375 0.15333333333333332
2 0.431875 0.5444444444444444 0.09875 0.19555555555555557
2 0.608125 0.31 0.07125 0.12666666666666668
2 0.141875 0.32555555555555554 0.05125 0.11777777777777777
2 0.933125 0.3244444444444444 0.06125 0.12
2 0.268125 0.25222222222222224 0.04125 0.09111111111111111
2 0.235625 0.21888888888888888 0.03875 0.09555555555555556
2 0.6425 0.23555555555555555 0.0425 0.09777777777777778
2 0.8575 0.23 0.0475 0.10888888888888888
2 0.9625 0.39555555555555555 0.0725 0.13333333333333333
2 0.784375 0.24 0.04125 0.09777777777777778
2 0.088125 0.5522222222222222 0.10875 0.1711111111111111
2 0.698125 0.36 0.06625 0.1688888888888889
2 0.598125 0.22444444444444445 0.04125 0.09777777777777778
2 0.45625 0.31 0.0625 0.11777777777777777
2 0.388125 0.23666666666666666 0.05125 0.10444444444444445
2 0.5825 0.2677777777777778 0.0525 0.11777777777777777
2 0.375625 0.30333333333333334 0.06625 0.13111111111111112
2 0.140625 0.4588888888888889 0.07625 0.14
2 0.694375 0.30777777777777776 0.06875 0.12666666666666668
2 0.77375 0.5444444444444444 0.125 0.2
2 0.475 0.2222222222222222 0.0475 0.08444444444444445
2 0.645 0.18222222222222223 0.0475 0.08888888888888889
2 0.10125 0.37333333333333335 0.075 0.1511111111111111
2 0.626875 0.44666666666666666 0.10375 0.16444444444444445
1 0.22125 0.3322222222222222 0.065 0.10888888888888888
2 0.306875 0.5511111111111111 0.10125 0.17333333333333334
2 0.24875 0.28444444444444444 0.0475 0.09777777777777778
2 0.805 0.26555555555555554 0.0525 0.12666666666666668
2 0.47375 0.17666666666666667 0.055 0.10888888888888888
2 0.423125 0.17666666666666667 0.03875 0.10444444444444445
2 0.36375 0.36666666666666664 0.065 0.15555555555555556
2 0.83 0.20777777777777778 0.0375 0.09555555555555556
2 0.20875 0.25333333333333335 0.045 0.10222222222222223
2 0.665625 0.2644444444444444 0.05125 0.11555555555555555
