1 0.334375 0.35444444444444445 0.05375 0.09555555555555556
1 0.7425 0.3622222222222222 0.0575 0.08444444444444445
1 0.150625 0.5022222222222222 0.08125 0.11555555555555555
1 0.55375 0.5044444444444445 0.065 0.1111111111111111
1 0.553125 0.36444444444444446 0.05875 0.08
1 0.709375 0.3277777777777778 0.04375 0.07333333333333333
1 0.05625 0.6088888888888889 0.0925 0.14222222222222222
1 0.54375 0.43444444444444447 0.0725 0.1
1 0.763125 0.4177777777777778 0.05625 0.10666666666666667
1 0.225 0.4122222222222222 0.055 0.10444444444444445
1 0.48 0.4266666666666667 0.0525 0.09333333333333334
1 0.36875 0.3188888888888889 0.04 0.07333333333333333
1 0.29625 0.43 0.0775 0.08666666666666667
2 0.686875 0.2922222222222222 0.03875 0.06444444444444444
1 0.551875 0.32222222222222224 0.05625 0.08
1 0.273125 0.35777777777777775 0.05375 0.08888888888888889
1 0.328125 0.27666666666666667 0.04125 0.08222222222222222
1 0.739375 0.29 0.03625 0.06888888888888889
2 0.496875 0.28555555555555556 0.04125 0.07333333333333333
1 0.379375 0.2811111111111111 0.03875 0.07333333333333333
1 0.16125 0.5977777777777777 0.0925 0.15555555555555556
1 0.87625 0.6177777777777778 0.0875 0.1511111111111111
1 0.564375 0.6144444444444445 0.08625 0.1622222222222222
5 0.435625 0.58 0.11625 0.24
1 0.896875 0.5088888888888888 0.06875 0.1111111111111111
1 0.81625 0.5122222222222222 0.0875 0.1
1 0.308125 0.31666666666666665 0.03875 0.07333333333333333
1 0.551875 0.28888888888888886 0.04125 0.057777777777777775
1 0.965 0.6122222222222222 0.065 0.14888888888888888
2 0.845625 0.4211111111111111 0.05625 0.09111111111111111
2 0.79875 0.35888888888888887 0.0475 0.09111111111111111
2 0.486875 0.35888888888888887 0.05625 0.09555555555555556
1 0.770625 0.32222222222222224 0.03625 0.08
1 0.464375 0.4955555555555556 0.07625 0.14222222222222222
