2 0.141875 0.32666666666666666 0.05375 0.12444444444444444
2 0.6275 0.17666666666666667 0.035 0.1
2 0.5675 0.20777777777777778 0.0375 0.09555555555555556
2 0.6275 0.43777777777777777 0.0825 0.14666666666666667
2 0.826875 0.20666666666666667 0.03625 0.09777777777777778
2 0.289375 0.21444444444444444 0.05125 0.1
2 0.885625 0.2722222222222222 0.04875 0.10444444444444445
2 0.42625 0.4411111111111111 0.0775 0.1622222222222222
2 0.0425 0.45555555555555555 0.075 0.1511111111111111
2 0.4575 0.37333333333333335 0.075 0.13777777777777778
2 0.36125 0.37 0.0625 0.15333333333333332
2 0.08875 0.55 0.1025 0.18
2 0.235 0.21777777777777776 0.035 0.08888888888888889
2 0.388125 0.23777777777777778 0.04875 0.11555555555555555
2 0.649375 0.19444444444444445 0.03875 0.06888888888888889
2 0.6125 0.3655555555555556 0.0725 0.14444444444444443
2 0.5875 0.1688888888888889 0.0325 0.08444444444444445
2 0.673125 0.27 0.04125 0.11333333333333333
2 0.7 0.3711111111111111 0.0575 0.14666666666666667
2 0.194375 0.38222222222222224 0.07625 0.1288888888888889
2 0.24625 0.2877777777777778 0.0525 0.1
2 0.928125 0.3244444444444444 0.05375 0.13777777777777778
2 0.3225 0.44666666666666666 0.0825 0.16444444444444445
2 0.105625 0.37333333333333335 0.06125 0.14666666666666667
2 0.933125 0.4622222222222222 0.09125 0.1688888888888889
2 0.45625 0.30777777777777776 0.055 0.11777777777777777
2 0.376875 0.3055555555555556 0.06375 0.13555555555555557
2 0.205625 0.25 0.04125 0.10444444444444445
2 0.26625 0.2511111111111111 0.045 0.09333333333333334
2 0.7325 0.42777777777777776 0.075 0.1711111111111111
2 0.7625 0.1988888888888889 0.0425 0.11777777777777777
2 0.691875 0.30666666666666664 0.05375 0.12444444444444444
2 0.47625 0.17777777777777778 0.055 0.10222222222222223
2 0.775625 0.54 0.11875 0.21333333333333335
2 0.415625 0.21222222222222223 0.04375 0.09111111111111111
2 0.173125 0.2877777777777778 0.04625 0.09555555555555556
2 0.804375 0.2688888888888889 0.05125 0.12444444444444444
2 0.59 0.2311111111111111 0.0475 0.1111111111111111
2 0.84875 0.31333333333333335 0.0575 0.13333333333333333
2 0.853125 0.23333333333333334 0.04375 0.09333333333333334
2 0.224375 0.32666666666666666 0.05875 0.12
2 0.42125 0.18222222222222223 0.04 0.09777777777777778
2 0.645625 0.55 0.10125 0.18444444444444444
2 0.140625 0.4588888888888889 0.07875 0.14888888888888888
2 0.473125 0.21777777777777776 0.04625 0.08444444444444445
2 0.6075 0.30777777777777776 0.07 0.12222222222222222
2 0.430625 0.5455555555555556 0.09375 0.20222222222222222
2 0.97125 0.38222222222222224 0.055 0.13777777777777778
2 0.30875 0.55 0.09 0.18
2 0.881875 0.37666666666666665 0.06125 0.14444444444444443
2 0.786875 0.23777777777777778 0.03875 0.10222222222222223
