1 0.875 0.3877777777777778 0.075 0.14
1 0.3675 0.3244444444444444 0.075 0.10666666666666667
1 0.421875 0.5544444444444444 0.12125 0.18
1 0.360625 0.37555555555555553 0.07125 0.13333333333333333
0 0.78125 0.5555555555555556 0.115 0.18222222222222223
1 0.13125 0.4666666666666667 0.0975 0.13333333333333333
0 0.29125 0.22333333333333333 0.055 0.08222222222222222
0 0.580625 0.18777777777777777 0.04875 0.07333333333333333
1 0.209375 0.25222222222222224 0.04625 0.09111111111111111
0 0.45375 0.32 0.0775 0.12
1 0.14125 0.3277777777777778 0.07 0.11777777777777777
2 0.176875 0.28888888888888886 0.05375 0.10666666666666667
0 0.04 0.47555555555555556 0.08 0.11555555555555555
1 0.924375 0.3277777777777778 0.05875 0.12222222222222222
1 0.3025 0.5577777777777778 0.0975 0.15555555555555556
1 0.60625 0.3211111111111111 0.085 0.10444444444444445
0 0.57625 0.21555555555555556 0.055 0.07555555555555556
1 0.384375 0.26555555555555554 0.05625 0.08222222222222222
1 0.614375 0.4577777777777778 0.11375 0.13777777777777778
0 0.615625 0.4588888888888889 0.11375 0.13555555555555557
1 0.45125 0.37666666666666665 0.0825 0.14
1 0.610625 0.37555555555555553 0.07875 0.12444444444444444
0 0.264375 0.25555555555555554 0.05125 0.08444444444444445
1 0.96625 0.39222222222222225 0.0625 0.13555555555555557
0 0.4525 0.37555555555555553 0.08 0.13333333333333333
0 0.590625 0.2388888888888889 0.06375 0.08666666666666667
1 0.42875 0.45666666666666667 0.1025 0.15777777777777777
0 0.320625 0.46444444444444444 0.09875 0.13333333333333333
0 0.835625 0.22 0.04125 0.06666666666666667
1 0.768125 0.19777777777777777 0.05375 0.1111111111111111
1 0.705 0.37555555555555553 0.065 0.10666666666666667
0 0.63625 0.19111111111111112 0.055 0.07555555555555556
0 0.888125 0.2788888888888889 0.05375 0.09555555555555556
1 0.075625 0.5655555555555556 0.11125 0.13555555555555557
2 0.474375 0.18444444444444444 0.04625 0.10222222222222223
0 0.606875 0.3211111111111111 0.08625 0.10888888888888888
1 0.22375 0.3333333333333333 0.0775 0.10666666666666667
1 0.096875 0.38222222222222224 0.08125 0.12
1 0.93125 0.46444444444444444 0.0925 0.1688888888888889
0 0.85375 0.25555555555555554 0.0525 0.09333333333333334
0 0.805625 0.27666666666666667 0.07125 0.11777777777777777
0 0.624375 0.5688888888888889 0.10375 0.16
1 0.2475 0.28555555555555556 0.0525 0.1
0 0.791875 0.26 0.06125 0.08888888888888889
0 0.851875 0.3288888888888889 0.08125 0.10666666666666667
1 0.696875 0.3188888888888889 0.08625 0.11333333333333333
0 0.19125 0.39666666666666667 0.0875 0.1
