2 0.17375 0.28888888888888886 0.05 0.10222222222222223
1 0.3875 0.24 0.05 0.08444444444444445
0 0.728125 0.4677777777777778 0.08625 0.13111111111111112
1 0.60875 0.3288888888888889 0.08 0.10666666666666667
1 0.585625 0.25666666666666665 0.06375 0.12222222222222222
0 0.42375 0.5511111111111111 0.12 0.18666666666666668
1 0.425 0.4533333333333333 0.095 0.15555555555555556
5 0.266875 0.25666666666666665 0.04625 0.15777777777777777
1 0.9675 0.39 0.0575 0.13111111111111112
1 0.67375 0.2644444444444444 0.0575 0.1111111111111111
0 0.463125 0.28555555555555556 0.06875 0.08222222222222222
1 0.69625 0.31777777777777777 0.085 0.12
0 0.85 0.2544444444444444 0.055 0.1
0 0.789375 0.24222222222222223 0.04625 0.08888888888888889
0 0.2225 0.3433333333333333 0.0775 0.09111111111111111
0 0.453125 0.3211111111111111 0.07625 0.10888888888888888
0 0.699375 0.33 0.08875 0.11333333333333333
2 0.234375 0.22 0.04125 0.09333333333333334
0 0.581875 0.18222222222222223 0.05125 0.07555555555555556
1 0.615625 0.4533333333333333 0.11125 0.14666666666666667
1 0.099375 0.38222222222222224 0.07375 0.12
1 0.4225 0.5511111111111111 0.12 0.19111111111111112
0 0.80375 0.27666666666666667 0.0675 0.12222222222222222
2 0.208125 0.2544444444444444 0.04875 0.09555555555555556
1 0.388125 0.27555555555555555 0.05375 0.08888888888888889
0 0.635625 0.19111111111111112 0.05375 0.07111111111111111
1 0.0725 0.5633333333333334 0.12 0.13555555555555557
1 0.1325 0.4622222222222222 0.0975 0.13333333333333333
0 0.03875 0.47 0.0775 0.13111111111111112
0 0.830625 0.22333333333333333 0.03875 0.07333333333333333
2 0.474375 0.18222222222222223 0.04375 0.10222222222222223
0 0.6425 0.5777777777777777 0.1375 0.16444444444444445
0 0.606875 0.3233333333333333 0.08375 0.10444444444444445
1 0.84875 0.3277777777777778 0.075 0.11333333333333333
1 0.930625 0.46444444444444444 0.09125 0.16444444444444445
0 0.70625 0.38222222222222224 0.0925 0.12
1 0.924375 0.3244444444444444 0.05625 0.12
1 0.610625 0.37333333333333335 0.07875 0.12
1 0.14125 0.3277777777777778 0.0625 0.11777777777777777
1 0.87875 0.3844444444444444 0.075 0.1511111111111111
0 0.3725 0.3211111111111111 0.0725 0.10888888888888888
0 0.4525 0.37 0.08 0.13555555555555557
1 0.360625 0.37 0.06875 0.14444444444444443
