2 0.73875 0.44222222222222224 0.075 0.18666666666666668
1 0.849375 0.2477777777777778 0.04625 0.09555555555555556
2 0.21 0.2544444444444444 0.0425 0.1
2 0.455 0.3788888888888889 0.0775 0.13555555555555557
2 0.666875 0.26555555555555554 0.04875 0.11777777777777777
2 0.85125 0.31555555555555553 0.06 0.13777777777777778
2 0.043125 0.46111111111111114 0.07875 0.15333333333333332
2 0.785 0.2388888888888889 0.045 0.09555555555555556
2 0.888125 0.27111111111111114 0.04625 0.10666666666666667
2 0.80375 0.27555555555555555 0.0575 0.12444444444444444
2 0.849375 0.27666666666666667 0.05125 0.13111111111111112
2 0.246875 0.2866666666666667 0.04625 0.10222222222222223
2 0.14 0.4633333333333333 0.085 0.13555555555555557
2 0.41625 0.21222222222222223 0.0425 0.08666666666666667
2 0.19375 0.38666666666666666 0.085 0.12444444444444444
2 0.074375 0.5588888888888889 0.11875 0.14888888888888888
2 0.92375 0.3277777777777778 0.0575 0.13111111111111112
2 0.58375 0.1688888888888889 0.0375 0.08
2 0.650625 0.20777777777777778 0.05125 0.09555555555555556
2 0.101875 0.38222222222222224 0.07625 0.1288888888888889
2 0.47625 0.21444444444444444 0.04 0.08222222222222222
2 0.640625 0.56 0.13125 0.2
2 0.238125 0.22 0.04375 0.09333333333333334
2 0.69 0.3088888888888889 0.06 0.12444444444444444
2 0.45625 0.31777777777777777 0.0625 0.12444444444444444
2 0.826875 0.21666666666666667 0.03625 0.09111111111111111
2 0.765625 0.2 0.04375 0.1111111111111111
2 0.425 0.5511111111111111 0.11 0.2
2 0.1775 0.29 0.0525 0.10444444444444445
2 0.77375 0.5533333333333333 0.12 0.21333333333333335
2 0.458125 0.2688888888888889 0.06625 0.09333333333333334
2 0.635625 0.18 0.04375 0.09333333333333334
2 0.4225 0.18333333333333332 0.04 0.1
2 0.270625 0.26 0.04375 0.08
2 0.390625 0.23777777777777778 0.05125 0.1111111111111111
2 0.36625 0.3655555555555556 0.065 0.15333333333333332
2 0.38 0.30666666666666664 0.0625 0.13777777777777778
2 0.47625 0.18333333333333332 0.045 0.10444444444444445
2 0.42875 0.4477777777777778 0.08 0.1622222222222222
2 0.970625 0.3788888888888889 0.05875 0.1622222222222222
2 0.1425 0.32666666666666666 0.055 0.12
2 0.62125 0.45111111111111113 0.1075 0.15555555555555556
2 0.589375 0.2633333333333333 0.06125 0.11777777777777777
2 0.22625 0.3288888888888889 0.0575 0.1111111111111111
2 0.57125 0.21222222222222223 0.0425 0.09111111111111111
2 0.934375 0.46 0.08625 0.17333333333333334
2 0.288125 0.21777777777777776 0.05375 0.09777777777777778
2 0.60875 0.31222222222222223 0.0775 0.12222222222222222
2 0.610625 0.37444444444444447 0.07625 0.13555555555555557
2 0.87875 0.38333333333333336 0.075 0.15333333333333332
