2 0.635 0.18 0.035 0.09333333333333334
2 0.700625 0.3688888888888889 0.05625 0.14666666666666667
2 0.426875 0.5455555555555556 0.10375 0.18444444444444444
2 0.225 0.33 0.0525 0.11777777777777777
2 0.930625 0.46 0.07875 0.17333333333333334
2 0.96875 0.37222222222222223 0.06 0.15333333333333332
2 0.430625 0.4477777777777778 0.08625 0.1622222222222222
2 0.10375 0.37666666666666665 0.07 0.13555555555555557
2 0.676875 0.26555555555555554 0.04125 0.11333333333333333
2 0.853125 0.24222222222222223 0.04625 0.10666666666666667
2 0.17625 0.28888888888888886 0.05 0.10222222222222223
2 0.588125 0.22444444444444445 0.04875 0.09777777777777778
2 0.73625 0.4411111111111111 0.075 0.18444444444444444
2 0.04125 0.46 0.075 0.15555555555555556
2 0.8025 0.2722222222222222 0.06 0.11777777777777777
2 0.7875 0.24 0.045 0.09333333333333334
2 0.6225 0.4533333333333333 0.0975 0.1511111111111111
2 0.92625 0.3211111111111111 0.0525 0.12222222222222222
2 0.3925 0.23222222222222222 0.0525 0.10444444444444445
2 0.850625 0.31555555555555553 0.05375 0.1288888888888889
2 0.1425 0.32666666666666666 0.06 0.11555555555555555
2 0.45375 0.38 0.08 0.13333333333333333
2 0.375625 0.30444444444444446 0.06125 0.13333333333333333
2 0.651875 0.2411111111111111 0.04125 0.09111111111111111
2 0.208125 0.2577777777777778 0.04375 0.09777777777777778
2 0.685 0.31 0.055 0.12666666666666668
2 0.886875 0.2688888888888889 0.04875 0.10222222222222223
2 0.328125 0.45 0.08125 0.16666666666666666
2 0.594375 0.26666666666666666 0.05625 0.11555555555555555
2 0.879375 0.38 0.07375 0.1511111111111111
2 0.573125 0.21222222222222223 0.03875 0.09555555555555556
2 0.76375 0.1988888888888889 0.045 0.11333333333333333
2 0.140625 0.4633333333333333 0.08125 0.13555555555555557
2 0.2375 0.21888888888888888 0.0375 0.09111111111111111
2 0.608125 0.3111111111111111 0.07875 0.12
2 0.64875 0.19777777777777777 0.0475 0.09777777777777778
2 0.423125 0.1811111111111111 0.03875 0.09555555555555556
2 0.47625 0.18444444444444444 0.045 0.10666666666666667
2 0.644375 0.5588888888888889 0.12375 0.19777777777777777
2 0.26875 0.2544444444444444 0.0475 0.08666666666666667
2 0.61 0.37222222222222223 0.0775 0.14
2 0.8275 0.2111111111111111 0.04 0.09333333333333334
2 0.2475 0.2822222222222222 0.045 0.10222222222222223
2 0.45625 0.31222222222222223 0.0575 0.11333333333333333
2 0.413125 0.21555555555555556 0.03875 0.08444444444444445
2 0.46 0.24222222222222223 0.05 0.12
2 0.580625 0.16777777777777778 0.03875 0.08666666666666667
2 0.775625 0.5422222222222223 0.12375 0.19111111111111112
2 0.29 0.21444444444444444 0.05 0.09555555555555556
2 0.08375 0.5488888888888889 0.0925 0.1688888888888889
2 0.365 0.36666666666666664 0.065 0.14666666666666667
2 0.19 0.38 0.07 0.12444444444444444
