2 0.575 0.21222222222222223 0.04 0.09555555555555556
2 0.236875 0.21888888888888888 0.03625 0.09111111111111111
2 0.2675 0.25666666666666665 0.05 0.08666666666666667
2 0.225 0.3277777777777778 0.055 0.11333333333333333
2 0.7025 0.37 0.0575 0.14444444444444443
2 0.29 0.21555555555555556 0.05 0.09777777777777778
5 0.675 0.2311111111111111 0.05 0.1688888888888889
2 0.455 0.37555555555555553 0.0775 0.13777777777777778
2 0.21 0.26 0.045 0.09777777777777778
2 0.6225 0.45 0.0975 0.15333333333333332
2 0.854375 0.24444444444444444 0.04875 0.11555555555555555
2 0.80125 0.27444444444444444 0.0575 0.11777777777777777
2 0.430625 0.44555555555555554 0.08625 0.1622222222222222
2 0.968125 0.37333333333333335 0.05875 0.1511111111111111
2 0.103125 0.37777777777777777 0.07125 0.13333333333333333
2 0.888125 0.2733333333333333 0.04875 0.10666666666666667
2 0.92375 0.3211111111111111 0.05 0.12222222222222222
2 0.138125 0.4622222222222222 0.08625 0.13777777777777778
2 0.41375 0.22 0.04 0.09333333333333334
2 0.143125 0.32666666666666666 0.05625 0.11555555555555555
2 0.73625 0.4388888888888889 0.0725 0.18444444444444444
2 0.45625 0.31333333333333335 0.06 0.11555555555555555
2 0.850625 0.31666666666666665 0.05625 0.13111111111111112
2 0.2475 0.2833333333333333 0.045 0.1
2 0.37625 0.31 0.065 0.13555555555555557
2 0.4275 0.5455555555555556 0.1 0.18888888888888888
2 0.685625 0.30777777777777776 0.05625 0.13111111111111112
2 0.764375 0.1988888888888889 0.04375 0.11333333333333333
2 0.58625 0.26555555555555554 0.055 0.11333333333333333
2 0.041875 0.4588888888888889 0.07625 0.15333333333333332
2 0.084375 0.5511111111111111 0.09625 0.16444444444444445
2 0.878125 0.3811111111111111 0.07125 0.14888888888888888
2 0.46 0.23777777777777778 0.055 0.1111111111111111
2 0.64375 0.5588888888888889 0.125 0.19777777777777777
2 0.390625 0.2288888888888889 0.04875 0.09333333333333334
2 0.47625 0.18333333333333332 0.045 0.10444444444444445
2 0.423125 0.18 0.03875 0.09777777777777778
2 0.78625 0.2411111111111111 0.045 0.09555555555555556
2 0.608125 0.3111111111111111 0.07625 0.11555555555555555
2 0.58375 0.16555555555555557 0.0375 0.07777777777777778
2 0.19375 0.3844444444444444 0.0825 0.12444444444444444
2 0.77625 0.5422222222222223 0.1225 0.19111111111111112
2 0.935625 0.4633333333333333 0.08875 0.16666666666666666
2 0.176875 0.2877777777777778 0.04875 0.1
2 0.828125 0.21 0.04125 0.09111111111111111
2 0.634375 0.1811111111111111 0.03625 0.09555555555555556
2 0.609375 0.37222222222222223 0.07625 0.13555555555555557
2 0.365 0.36666666666666664 0.065 0.14666666666666667
