2 0.1425 0.32666666666666666 0.0575 0.11555555555555555
2 0.39 0.23555555555555555 0.0475 0.10666666666666667
2 0.47625 0.18555555555555556 0.045 0.10444444444444445
2 0.93375 0.46444444444444444 0.085 0.17333333333333334
2 0.826875 0.20666666666666667 0.04125 0.09333333333333334
2 0.23625 0.21444444444444444 0.04 0.09111111111111111
2 0.606875 0.31 0.07625 0.11777777777777777
2 0.888125 0.2722222222222222 0.04875 0.10888888888888888
2 0.85 0.31555555555555553 0.055 0.13333333333333333
2 0.64875 0.18 0.04 0.10222222222222223
2 0.268125 0.25 0.04625 0.09555555555555556
2 0.61 0.3711111111111111 0.0775 0.13777777777777778
2 0.139375 0.46111111111111114 0.08375 0.14
2 0.685625 0.3111111111111111 0.05875 0.12444444444444444
2 0.455 0.37666666666666665 0.08 0.13555555555555557
2 0.7775 0.5444444444444444 0.115 0.19555555555555557
2 0.88 0.3788888888888889 0.0675 0.14
2 0.085 0.5511111111111111 0.1 0.17333333333333334
2 0.209375 0.26 0.04375 0.09777777777777778
2 0.62 0.45666666666666667 0.0975 0.14888888888888888
2 0.649375 0.5566666666666666 0.11125 0.20222222222222222
2 0.365 0.36777777777777776 0.0625 0.15333333333333332
2 0.433125 0.44666666666666666 0.08125 0.16444444444444445
2 0.324375 0.44666666666666666 0.08625 0.16444444444444445
2 0.765 0.19666666666666666 0.04 0.11333333333333333
2 0.5675 0.2088888888888889 0.0375 0.09777777777777778
2 0.59125 0.2677777777777778 0.0525 0.12222222222222222
2 0.92375 0.32222222222222224 0.05 0.11555555555555555
2 0.651875 0.2411111111111111 0.03625 0.1
2 0.308125 0.5488888888888889 0.09375 0.17333333333333334
2 0.289375 0.22 0.04125 0.09333333333333334
2 0.78625 0.23555555555555555 0.045 0.10222222222222223
2 0.105625 0.38 0.06375 0.13333333333333333
2 0.735 0.44666666666666666 0.0725 0.19111111111111112
2 0.455 0.3055555555555556 0.0575 0.12666666666666668
2 0.433125 0.5433333333333333 0.08875 0.18888888888888888
2 0.423125 0.18 0.03875 0.09777777777777778
2 0.588125 0.17333333333333334 0.04375 0.09777777777777778
2 0.194375 0.38333333333333336 0.07875 0.13111111111111112
2 0.7 0.37 0.0575 0.14444444444444443
2 0.46375 0.23333333333333334 0.0425 0.10222222222222223
2 0.96625 0.37333333333333335 0.06 0.14666666666666667
2 0.85375 0.24 0.045 0.10222222222222223
2 0.248125 0.2833333333333333 0.04625 0.10444444444444445
2 0.67 0.2644444444444444 0.05 0.11555555555555555
2 0.37875 0.3055555555555556 0.06 0.14
2 0.1775 0.2877777777777778 0.05 0.1
2 0.80625 0.27555555555555555 0.0525 0.12
2 0.225 0.32666666666666666 0.0575 0.11555555555555555
2 0.04125 0.45666666666666667 0.0775 0.15333333333333332
2 0.415625 0.22 0.03625 0.08888888888888889
