2 0.774375 0.5433333333333333 0.12125 0.19333333333333333
2 0.6475 0.5588888888888889 0.115 0.19777777777777777
2 0.42875 0.5466666666666666 0.095 0.18666666666666668
2 0.66875 0.26555555555555554 0.0525 0.11777777777777777
2 0.826875 0.20666666666666667 0.04125 0.09333333333333334
2 0.58375 0.17 0.035 0.08666666666666667
2 0.925625 0.32222222222222224 0.05125 0.11555555555555555
2 0.966875 0.37444444444444447 0.06125 0.14888888888888888
2 0.0825 0.5477777777777778 0.105 0.1622222222222222
2 0.389375 0.23444444444444446 0.05375 0.10444444444444445
2 0.889375 0.2822222222222222 0.04375 0.11555555555555555
2 0.62125 0.4488888888888889 0.095 0.16
2 0.104375 0.38 0.05875 0.1288888888888889
2 0.24875 0.2833333333333333 0.0425 0.09555555555555556
2 0.56625 0.21 0.035 0.09555555555555556
2 0.7025 0.37222222222222223 0.0575 0.14888888888888888
2 0.78625 0.23666666666666666 0.045 0.10444444444444445
2 0.14375 0.32666666666666666 0.0575 0.11555555555555555
2 0.639375 0.18222222222222223 0.04375 0.10222222222222223
2 0.454375 0.37555555555555553 0.07875 0.14222222222222222
2 0.688125 0.30777777777777776 0.06125 0.12222222222222222
2 0.23625 0.21777777777777776 0.035 0.09777777777777778
2 0.47625 0.18333333333333332 0.05 0.10444444444444445
2 0.365 0.36777777777777776 0.0625 0.14888888888888888
2 0.3775 0.3088888888888889 0.0625 0.13333333333333333
5 0.4125 0.13666666666666666 0.045 0.14444444444444443
2 0.76375 0.19666666666666666 0.0425 0.11333333333333333
2 0.606875 0.3088888888888889 0.07375 0.1111111111111111
2 0.85 0.31555555555555553 0.0575 0.1288888888888889
2 0.650625 0.23444444444444446 0.03625 0.08222222222222222
2 0.878125 0.3811111111111111 0.07125 0.15333333333333332
2 0.31125 0.55 0.09 0.1711111111111111
2 0.80125 0.27555555555555555 0.06 0.11555555555555555
2 0.32375 0.4488888888888889 0.085 0.1688888888888889
2 0.26625 0.2477777777777778 0.0575 0.09555555555555556
2 0.856875 0.2388888888888889 0.04625 0.1
2 0.19375 0.3844444444444444 0.0825 0.12444444444444444
2 0.141875 0.46 0.08125 0.13777777777777778
2 0.460625 0.3088888888888889 0.05875 0.12444444444444444
2 0.389375 0.27111111111111114 0.04875 0.08444444444444445
2 0.608125 0.36777777777777776 0.07375 0.14444444444444443
2 0.224375 0.3277777777777778 0.05625 0.11333333333333333
2 0.288125 0.22 0.04625 0.09333333333333334
2 0.93375 0.4622222222222222 0.09 0.16444444444444445
2 0.430625 0.4477777777777778 0.07625 0.15777777777777777
2 0.04125 0.46 0.0775 0.15555555555555556
2 0.736875 0.44555555555555554 0.07625 0.17555555555555555
2 0.588125 0.26666666666666666 0.05625 0.1111111111111111
2 0.211875 0.26222222222222225 0.04375 0.09777777777777778
2 0.41625 0.22111111111111112 0.0425 0.09555555555555556
2 0.1775 0.2877777777777778 0.0475 0.1
2 0.463125 0.23666666666666666 0.04625 0.11333333333333333
