2 0.6225 0.45 0.0975 0.15777777777777777
2 0.37625 0.30444444444444446 0.0675 0.13333333333333333
2 0.646875 0.5577777777777778 0.11875 0.2
2 0.645625 0.20222222222222222 0.04125 0.08888888888888889
2 0.45625 0.37777777777777777 0.0775 0.13333333333333333
2 0.889375 0.2722222222222222 0.04125 0.10444444444444445
2 0.77625 0.5411111111111111 0.12 0.19777777777777777
2 0.143125 0.32666666666666666 0.05625 0.11555555555555555
2 0.206875 0.2511111111111111 0.04125 0.09777777777777778
2 0.259375 0.26666666666666666 0.04875 0.09777777777777778
2 0.31125 0.55 0.0875 0.1711111111111111
2 0.43625 0.43444444444444447 0.0625 0.11333333333333333
2 0.8275 0.20666666666666667 0.04 0.09333333333333334
2 0.6875 0.3088888888888889 0.055 0.12
2 0.571875 0.2111111111111111 0.03625 0.10222222222222223
2 0.248125 0.28555555555555556 0.04625 0.1
2 0.585 0.16777777777777778 0.035 0.08222222222222222
2 0.856875 0.24 0.04625 0.09777777777777778
2 0.41875 0.17777777777777778 0.04 0.10222222222222223
2 0.700625 0.36777777777777776 0.05625 0.14888888888888888
2 0.606875 0.31 0.07625 0.12222222222222222
2 0.0825 0.5477777777777778 0.105 0.16666666666666666
2 0.97 0.38 0.0575 0.16
2 0.105625 0.3788888888888889 0.06125 0.13111111111111112
2 0.29 0.21888888888888888 0.0425 0.09111111111111111
2 0.88 0.38222222222222224 0.0725 0.15555555555555556
2 0.141875 0.4633333333333333 0.08375 0.13555555555555557
2 0.46 0.23444444444444446 0.05 0.10888888888888888
2 0.78625 0.23555555555555555 0.045 0.10222222222222223
2 0.45625 0.31222222222222223 0.06 0.11333333333333333
2 0.236875 0.21555555555555556 0.03625 0.08888888888888889
2 0.39 0.23222222222222222 0.05 0.1
2 0.588125 0.2677777777777778 0.05625 0.10888888888888888
2 0.269375 0.24888888888888888 0.04875 0.09777777777777778
2 0.668125 0.2644444444444444 0.05375 0.12
2 0.60875 0.37 0.0775 0.14
2 0.41625 0.21666666666666667 0.0425 0.08666666666666667
2 0.22625 0.32666666666666666 0.0525 0.12
2 0.323125 0.44222222222222224 0.08625 0.16444444444444445
2 0.629375 0.18 0.03125 0.09333333333333334
2 0.765625 0.19666666666666666 0.04125 0.10888888888888888
2 0.92625 0.31777777777777777 0.055 0.12
2 0.1775 0.2811111111111111 0.055 0.11333333333333333
2 0.65125 0.2388888888888889 0.0375 0.09111111111111111
2 0.04 0.4588888888888889 0.0775 0.15777777777777777
2 0.850625 0.31333333333333335 0.05625 0.13333333333333333
2 0.8025 0.27666666666666667 0.06 0.11777777777777777
2 0.935 0.46111111111111114 0.0875 0.1711111111111111
2 0.36375 0.36444444444444446 0.065 0.14222222222222222
2 0.735 0.44333333333333336 0.0775 0.18
2 0.1925 0.3844444444444444 0.08 0.12
2 0.476875 0.18 0.04625 0.11555555555555555
