2 0.651875 0.24 0.03625 0.08888888888888889
2 0.700625 0.3688888888888889 0.05625 0.14666666666666667
2 0.39125 0.23 0.0525 0.1
2 0.419375 0.17666666666666667 0.04125 0.1
2 0.58625 0.1688888888888889 0.035 0.08444444444444445
2 0.376875 0.30666666666666664 0.06625 0.13333333333333333
2 0.623125 0.4488888888888889 0.09875 0.16
2 0.4525 0.37 0.0675 0.12222222222222222
2 0.735 0.4444444444444444 0.0775 0.17777777777777778
2 0.855 0.24 0.045 0.09777777777777778
2 0.925625 0.3188888888888889 0.05625 0.12222222222222222
2 0.645625 0.20222222222222222 0.04125 0.08888888888888889
2 0.668125 0.26666666666666666 0.05375 0.12
2 0.6875 0.30666666666666664 0.055 0.11555555555555555
2 0.225 0.32555555555555554 0.055 0.11777777777777777
2 0.191875 0.3844444444444444 0.07875 0.12
2 0.460625 0.23555555555555555 0.05125 0.12
2 0.3125 0.5522222222222222 0.09 0.1711111111111111
2 0.143125 0.32666666666666666 0.05625 0.11555555555555555
2 0.206875 0.2511111111111111 0.04125 0.09777777777777778
2 0.0825 0.5466666666666666 0.105 0.17333333333333334
2 0.363125 0.36777777777777776 0.06375 0.15333333333333332
2 0.141875 0.4622222222222222 0.08375 0.13777777777777778
2 0.850625 0.31333333333333335 0.05375 0.13333333333333333
2 0.8275 0.20666666666666667 0.0425 0.09333333333333334
2 0.429375 0.44333333333333336 0.07375 0.14888888888888888
2 0.105625 0.3788888888888889 0.06125 0.13111111111111112
2 0.93375 0.46111111111111114 0.0875 0.17555555555555555
2 0.325625 0.4444444444444444 0.09125 0.17333333333333334
2 0.801875 0.27666666666666667 0.05875 0.11777777777777777
2 0.879375 0.38222222222222224 0.07125 0.15555555555555556
2 0.78625 0.23555555555555555 0.045 0.10222222222222223
2 0.6475 0.5577777777777778 0.12 0.2
2 0.96875 0.38 0.055 0.16444444444444445
2 0.04125 0.46111111111111114 0.0775 0.15777777777777777
2 0.456875 0.3111111111111111 0.06125 0.12
2 0.60625 0.31 0.0775 0.12222222222222222
2 0.236875 0.21555555555555556 0.03625 0.08888888888888889
2 0.77625 0.5422222222222223 0.12 0.19555555555555557
2 0.588125 0.2677777777777778 0.05625 0.10888888888888888
2 0.476875 0.17888888888888888 0.04625 0.11333333333333333
2 0.29 0.21777777777777776 0.0425 0.08888888888888889
2 0.269375 0.24888888888888888 0.04875 0.09777777777777778
2 0.1775 0.28 0.0525 0.1111111111111111
2 0.5725 0.2111111111111111 0.0375 0.09777777777777778
2 0.60875 0.37 0.0775 0.14
2 0.41625 0.21666666666666667 0.0425 0.08666666666666667
2 0.629375 0.18 0.03125 0.09333333333333334
2 0.248125 0.2833333333333333 0.04375 0.1
2 0.765625 0.19666666666666666 0.04125 0.10888888888888888
2 0.886875 0.2733333333333333 0.04375 0.10666666666666667
