2 0.588125 0.26666666666666666 0.06125 0.1111111111111111
2 0.143125 0.32555555555555554 0.05375 0.12222222222222222
2 0.27125 0.25555555555555554 0.05 0.09333333333333334
2 0.968125 0.3811111111111111 0.05875 0.15333333333333332
2 0.178125 0.2911111111111111 0.05375 0.10666666666666667
2 0.475625 0.22111111111111112 0.04125 0.08222222222222222
2 0.623125 0.45 0.09875 0.16666666666666666
2 0.41375 0.21888888888888888 0.04 0.09111111111111111
2 0.455625 0.37777777777777777 0.07875 0.13777777777777778
2 0.31 0.5533333333333333 0.09 0.1688888888888889
2 0.663125 0.2644444444444444 0.04875 0.12444444444444444
2 0.4525 0.31 0.065 0.13111111111111112
2 0.389375 0.23666666666666666 0.04875 0.10444444444444445
2 0.738125 0.44666666666666666 0.07125 0.17777777777777778
2 0.421875 0.18222222222222223 0.03875 0.09777777777777778
2 0.143125 0.4633333333333333 0.07875 0.13555555555555557
2 0.1925 0.3844444444444444 0.0875 0.12444444444444444
2 0.1025 0.38 0.07 0.13777777777777778
2 0.475625 0.18444444444444444 0.04875 0.10222222222222223
2 0.858125 0.23333333333333334 0.05375 0.1111111111111111
2 0.081875 0.5455555555555556 0.10625 0.1711111111111111
2 0.705625 0.37 0.05875 0.14888888888888888
2 0.431875 0.5466666666666666 0.09125 0.18666666666666668
2 0.61 0.37444444444444447 0.075 0.13555555555555557
2 0.85125 0.3188888888888889 0.0575 0.14
2 0.460625 0.24555555555555555 0.05375 0.1
2 0.68875 0.3088888888888889 0.0575 0.12444444444444444
2 0.380625 0.3088888888888889 0.06125 0.13777777777777778
2 0.208125 0.25555555555555554 0.04125 0.10666666666666667
2 0.8775 0.38555555555555554 0.075 0.15333333333333332
2 0.765625 0.20222222222222222 0.04375 0.10666666666666667
2 0.32375 0.4444444444444444 0.0875 0.17333333333333334
2 0.78625 0.23777777777777778 0.045 0.09777777777777778
2 0.29 0.21444444444444444 0.0425 0.09555555555555556
2 0.57 0.21 0.035 0.09555555555555556
2 0.60625 0.3111111111111111 0.0775 0.12
2 0.2275 0.3288888888888889 0.0575 0.1111111111111111
2 0.236875 0.22 0.03625 0.09333333333333334
2 0.92875 0.32 0.0525 0.13333333333333333
2 0.040625 0.46111111111111114 0.07375 0.15333333333333332
2 0.64875 0.21 0.04 0.1
2 0.889375 0.27555555555555555 0.04625 0.09777777777777778
2 0.366875 0.36666666666666664 0.06625 0.15555555555555556
2 0.828125 0.21444444444444444 0.03625 0.08666666666666667
2 0.63375 0.1811111111111111 0.0375 0.09555555555555556
2 0.805 0.2733333333333333 0.06 0.11555555555555555
2 0.24375 0.2911111111111111 0.0525 0.09777777777777778
2 0.4275 0.45222222222222225 0.0775 0.15777777777777777
2 0.929375 0.46444444444444444 0.07875 0.16444444444444445
2 0.648125 0.5611111111111111 0.11625 0.2111111111111111
2 0.588125 0.1711111111111111 0.03375 0.07555555555555556
2 0.776875 0.5433333333333333 0.11625 0.19777777777777777
