1 0.596875 0.2722222222222222 0.05625 0.1
0 0.83125 0.22 0.0475 0.07111111111111111
0 0.24625 0.29777777777777775 0.07 0.07555555555555556
0 0.690625 0.31 0.06875 0.12666666666666668
1 0.419375 0.18777777777777777 0.04375 0.07333333333333333
0 0.638125 0.18666666666666668 0.05375 0.07555555555555556
1 0.14 0.4588888888888889 0.09 0.15333333333333332
0 0.853125 0.25555555555555554 0.05375 0.08888888888888889
0 0.609375 0.3188888888888889 0.09125 0.10444444444444445
0 0.429375 0.45444444444444443 0.10375 0.15777777777777777
0 0.0425 0.47444444444444445 0.085 0.12666666666666668
0 0.60875 0.3788888888888889 0.08 0.11777777777777777
0 0.286875 0.2222222222222222 0.05125 0.09333333333333334
0 0.1375 0.3388888888888889 0.0725 0.1
0 0.174375 0.30333333333333334 0.05125 0.08222222222222222
0 0.8925 0.2833333333333333 0.0525 0.09555555555555556
0 0.783125 0.25 0.05375 0.07777777777777778
1 0.8775 0.39111111111111113 0.08 0.14666666666666667
0 0.385625 0.2588888888888889 0.06125 0.07777777777777778
0 0.57875 0.18444444444444444 0.0525 0.08
0 0.455625 0.3211111111111111 0.08375 0.11777777777777777
0 0.46125 0.2411111111111111 0.06 0.07777777777777778
0 0.225 0.3377777777777778 0.0775 0.09777777777777778
0 0.849375 0.3288888888888889 0.07375 0.10666666666666667
0 0.455 0.37222222222222223 0.0825 0.14
0 0.934375 0.47333333333333333 0.09375 0.15555555555555556
0 0.298125 0.57 0.11375 0.14
1 0.4775 0.18555555555555556 0.06 0.09111111111111111
1 0.58875 0.22666666666666666 0.0525 0.08
1 0.964375 0.37333333333333335 0.06875 0.15555555555555556
0 0.59625 0.2722222222222222 0.0575 0.09555555555555556
0 0.711875 0.3933333333333333 0.09125 0.11555555555555555
0 0.37125 0.31555555555555553 0.0825 0.1111111111111111
0 0.66625 0.27555555555555555 0.06 0.10666666666666667
0 0.364375 0.3711111111111111 0.07125 0.13333333333333333
0 0.634375 0.58 0.12625 0.15555555555555556
0 0.4225 0.5622222222222222 0.12 0.1688888888888889
0 0.2625 0.25333333333333335 0.0525 0.08444444444444445
0 0.196875 0.39666666666666667 0.08375 0.1
0 0.205625 0.25222222222222224 0.05875 0.09555555555555556
0 0.3175 0.4688888888888889 0.105 0.1288888888888889
0 0.615625 0.46444444444444444 0.11875 0.13777777777777778
1 0.76625 0.20777777777777778 0.0525 0.1
1 0.930625 0.3244444444444444 0.05875 0.11555555555555555
0 0.0825 0.5666666666666667 0.1275 0.13777777777777778
0 0.093125 0.39555555555555555 0.08125 0.10666666666666667
0 0.804375 0.2777777777777778 0.06875 0.12
