0 0.3175 0.4688888888888889 0.1025 0.1288888888888889
0 0.369375 0.31777777777777777 0.07375 0.11555555555555555
0 0.69 0.31 0.075 0.12666666666666668
0 0.081875 0.5633333333333334 0.12625 0.14444444444444443
0 0.246875 0.2922222222222222 0.06875 0.08666666666666667
1 0.041875 0.4622222222222222 0.08125 0.14666666666666667
0 0.638125 0.5733333333333334 0.12875 0.15555555555555556
0 0.455 0.37666666666666665 0.0875 0.12666666666666668
1 0.963125 0.3844444444444444 0.06875 0.14222222222222222
0 0.78375 0.24888888888888888 0.055 0.08
0 0.26375 0.25222222222222224 0.05 0.08666666666666667
1 0.386875 0.2411111111111111 0.06125 0.1
0 0.925625 0.3322222222222222 0.05875 0.11333333333333333
0 0.225625 0.3333333333333333 0.07875 0.10222222222222223
0 0.47875 0.18555555555555556 0.0625 0.08222222222222222
0 0.60875 0.3188888888888889 0.09 0.1
0 0.9325 0.4711111111111111 0.095 0.15555555555555556
0 0.57875 0.18555555555555556 0.055 0.07777777777777778
0 0.461875 0.24222222222222223 0.05625 0.08444444444444445
0 0.61 0.38222222222222224 0.08 0.11555555555555555
0 0.289375 0.2222222222222222 0.04625 0.09333333333333334
0 0.363125 0.37222222222222223 0.06875 0.13555555555555557
0 0.455 0.31777777777777777 0.0825 0.12444444444444444
0 0.834375 0.22 0.04625 0.07111111111111111
0 0.423125 0.5666666666666667 0.12125 0.15555555555555556
0 0.635 0.18666666666666668 0.0475 0.07555555555555556
0 0.858125 0.2544444444444444 0.05375 0.08222222222222222
0 0.09625 0.3933333333333333 0.08 0.10666666666666667
0 0.204375 0.25222222222222224 0.05125 0.09555555555555556
0 0.135 0.47888888888888886 0.1 0.11333333333333333
0 0.61625 0.46555555555555556 0.1225 0.13555555555555557
0 0.590625 0.22555555555555556 0.05375 0.07333333333333333
0 0.71625 0.39111111111111113 0.0875 0.10222222222222223
0 0.891875 0.28444444444444444 0.05375 0.10222222222222223
0 0.804375 0.2788888888888889 0.07125 0.12222222222222222
1 0.76625 0.20777777777777778 0.0525 0.1
1 0.878125 0.39111111111111113 0.07875 0.14666666666666667
0 0.595625 0.2722222222222222 0.05875 0.09555555555555556
0 0.17375 0.30444444444444446 0.0525 0.08888888888888889
0 0.141875 0.3433333333333333 0.06625 0.09111111111111111
0 0.299375 0.5755555555555556 0.11625 0.12444444444444444
0 0.42875 0.4633333333333333 0.105 0.14888888888888888
0 0.85 0.33 0.075 0.10888888888888888
0 0.665625 0.2733333333333333 0.05875 0.09777777777777778
2 0.040625 0.4633333333333333 0.08125 0.14444444444444443
0 0.19 0.3988888888888889 0.095 0.1
