0 0.66625 0.2722222222222222 0.06 0.10444444444444445
0 0.639375 0.5622222222222222 0.12375 0.16444444444444445
0 0.89375 0.28 0.0575 0.10222222222222223
0 0.225 0.32222222222222224 0.0775 0.11555555555555555
0 0.614375 0.46111111111111114 0.12125 0.13555555555555557
0 0.094375 0.5611111111111111 0.11375 0.1622222222222222
0 0.454375 0.38 0.08875 0.12
0 0.72875 0.4722222222222222 0.0975 0.12666666666666668
0 0.35625 0.37555555555555553 0.085 0.1288888888888889
0 0.771875 0.5555555555555556 0.13375 0.1688888888888889
0 0.834375 0.22111111111111112 0.04375 0.07333333333333333
0 0.693125 0.31 0.07375 0.13111111111111112
0 0.19375 0.4033333333333333 0.0825 0.09111111111111111
0 0.61 0.31666666666666665 0.0875 0.10888888888888888
1 0.578125 0.20444444444444446 0.05625 0.10222222222222223
0 0.9325 0.4711111111111111 0.095 0.15555555555555556
0 0.091875 0.3888888888888889 0.08375 0.11555555555555555
0 0.320625 0.4722222222222222 0.10375 0.12666666666666668
0 0.4525 0.3211111111111111 0.08 0.10444444444444445
4 0.13875 0.32555555555555554 0.07 0.12222222222222222
1 0.765 0.20666666666666667 0.05 0.09777777777777778
0 0.374375 0.32 0.08125 0.10222222222222223
0 0.250625 0.29444444444444445 0.06625 0.08666666666666667
0 0.420625 0.5622222222222222 0.12125 0.15555555555555556
0 0.17625 0.30333333333333334 0.0525 0.07333333333333333
0 0.30125 0.5744444444444444 0.1125 0.13555555555555557
0 0.805 0.28 0.0725 0.11555555555555555
0 0.639375 0.19111111111111112 0.04625 0.06222222222222222
0 0.20375 0.25333333333333335 0.055 0.09777777777777778
1 0.609375 0.37222222222222223 0.07875 0.13555555555555557
1 0.9625 0.38666666666666666 0.07 0.13777777777777778
2 0.268125 0.24666666666666667 0.04625 0.09777777777777778
0 0.430625 0.46444444444444444 0.11125 0.14666666666666667
1 0.849375 0.3277777777777778 0.07375 0.11777777777777777
0 0.718125 0.39111111111111113 0.09125 0.10222222222222223
1 0.878125 0.3888888888888889 0.08125 0.14666666666666667
1 0.47875 0.21222222222222223 0.05 0.08222222222222222
0 0.040625 0.47888888888888886 0.08125 0.12222222222222222
0 0.928125 0.3433333333333333 0.05375 0.08666666666666667
0 0.785 0.2411111111111111 0.0525 0.09555555555555556
2 0.29 0.2222222222222222 0.0475 0.09777777777777778
0 0.3875 0.2477777777777778 0.065 0.08666666666666667
0 0.234375 0.22555555555555556 0.03875 0.08222222222222222
0 0.85125 0.25555555555555554 0.055 0.09333333333333334
1 0.479375 0.18444444444444444 0.06125 0.09777777777777778
0 0.5925 0.2677777777777778 0.0675 0.1
0 0.653125 0.2222222222222222 0.05375 0.08444444444444445
0 0.458125 0.2511111111111111 0.06375 0.08444444444444445
1 0.26625 0.24666666666666667 0.045 0.09777777777777778
0 0.414375 0.21888888888888888 0.04625 0.07333333333333333
1 0.139375 0.46555555555555556 0.07875 0.14
