0 0.931875 0.3388888888888889 0.06125 0.08666666666666667
1 0.653125 0.22111111111111112 0.05125 0.09555555555555556
0 0.085625 0.5633333333333334 0.11875 0.14444444444444443
0 0.62 0.43777777777777777 0.1 0.14222222222222222
0 0.431875 0.4622222222222222 0.10875 0.14666666666666667
0 0.245625 0.2911111111111111 0.05875 0.09333333333333334
0 0.85375 0.2544444444444444 0.0525 0.09111111111111111
1 0.47625 0.18666666666666668 0.0575 0.09333333333333334
1 0.965 0.3877777777777778 0.065 0.14
0 0.266875 0.2544444444444444 0.04875 0.08666666666666667
0 0.386875 0.25222222222222224 0.05875 0.08222222222222222
0 0.88 0.4033333333333333 0.0825 0.11333333333333333
0 0.800625 0.2644444444444444 0.06375 0.1111111111111111
0 0.4525 0.38222222222222224 0.09 0.12
0 0.78375 0.24333333333333335 0.0525 0.09111111111111111
1 0.59 0.2222222222222222 0.06 0.08888888888888889
1 0.666875 0.2733333333333333 0.05625 0.10666666666666667
0 0.229375 0.3188888888888889 0.06625 0.10888888888888888
4 0.140625 0.3277777777777778 0.06625 0.12666666666666668
0 0.201875 0.2611111111111111 0.04875 0.08222222222222222
0 0.835 0.22111111111111112 0.0375 0.07333333333333333
0 0.71625 0.3933333333333333 0.095 0.10666666666666667
0 0.854375 0.33444444444444443 0.08125 0.10444444444444445
0 0.46125 0.24333333333333335 0.06 0.08222222222222222
0 0.040625 0.47333333333333333 0.07625 0.1288888888888889
0 0.32125 0.47 0.105 0.14
0 0.455625 0.3244444444444444 0.08125 0.10666666666666667
0 0.694375 0.31444444444444447 0.07625 0.12666666666666668
0 0.138125 0.4688888888888889 0.08875 0.13777777777777778
1 0.63875 0.18777777777777777 0.0475 0.08222222222222222
0 0.2925 0.22444444444444445 0.0525 0.08
0 0.3025 0.57 0.1125 0.13555555555555557
0 0.739375 0.48333333333333334 0.11625 0.12222222222222222
0 0.095625 0.3933333333333333 0.08125 0.11555555555555555
0 0.931875 0.4722222222222222 0.09375 0.15777777777777777
0 0.368125 0.36 0.07625 0.14222222222222222
0 0.4225 0.5677777777777778 0.1175 0.1622222222222222
0 0.655625 0.5733333333333334 0.11625 0.1688888888888889
0 0.60875 0.3211111111111111 0.09 0.09555555555555556
0 0.23375 0.22333333333333333 0.04 0.07777777777777778
0 0.886875 0.28555555555555556 0.05375 0.11777777777777777
0 0.176875 0.30777777777777776 0.05125 0.07777777777777778
0 0.60625 0.38666666666666666 0.09 0.1111111111111111
0 0.775 0.5744444444444444 0.1275 0.15333333333333332
0 0.194375 0.39222222222222225 0.08125 0.10444444444444445
0 0.76375 0.20777777777777778 0.0525 0.09555555555555556
1 0.576875 0.19 0.05375 0.07777777777777778
1 0.591875 0.2611111111111111 0.06625 0.09555555555555556
