0 0.2275 0.3466666666666667 0.0725 0.08444444444444445
2 0.48 0.18222222222222223 0.055 0.09777777777777778
1 0.32125 0.4688888888888889 0.105 0.15555555555555556
1 0.581875 0.22 0.06375 0.08
2 0.78625 0.23777777777777778 0.0525 0.10222222222222223
4 0.689375 0.3055555555555556 0.06375 0.14
1 0.145 0.33 0.06 0.11777777777777777
1 0.204375 0.26 0.04875 0.09333333333333334
2 0.851875 0.3188888888888889 0.06625 0.13555555555555557
1 0.453125 0.3811111111111111 0.08625 0.11333333333333333
1 0.42875 0.5488888888888889 0.115 0.18666666666666668
1 0.309375 0.5533333333333333 0.11125 0.19111111111111112
1 0.588125 0.27444444444444444 0.06375 0.10888888888888888
1 0.610625 0.36444444444444446 0.08625 0.16
1 0.613125 0.31555555555555553 0.08125 0.1288888888888889
1 0.76125 0.20444444444444446 0.05 0.10666666666666667
1 0.078125 0.55 0.10125 0.1622222222222222
2 0.453125 0.31 0.07875 0.13111111111111112
1 0.040625 0.46444444444444444 0.06625 0.13777777777777778
2 0.860625 0.24222222222222223 0.04875 0.10222222222222223
2 0.646875 0.5511111111111111 0.11875 0.2311111111111111
1 0.579375 0.17777777777777778 0.06125 0.08888888888888889
0 0.09375 0.3888888888888889 0.075 0.1288888888888889
0 0.774375 0.5577777777777778 0.12875 0.17777777777777778
0 0.17875 0.30666666666666664 0.0575 0.08
3 0.96375 0.36 0.0675 0.12444444444444444
2 0.80625 0.27666666666666667 0.0675 0.12666666666666668
2 0.293125 0.22 0.05125 0.09333333333333334
2 0.4625 0.24 0.05 0.1111111111111111
2 0.729375 0.46 0.09125 0.17777777777777778
4 0.359375 0.36444444444444446 0.07625 0.1511111111111111
1 0.4375 0.45444444444444443 0.0975 0.1622222222222222
1 0.6125 0.45222222222222225 0.1025 0.14888888888888888
2 0.830625 0.21888888888888888 0.03875 0.09111111111111111
2 0.413125 0.22 0.03875 0.08444444444444445
1 0.67125 0.26666666666666666 0.0475 0.10222222222222223
5 0.260625 0.2677777777777778 0.06375 0.15333333333333332
