2 0.974375 0.3711111111111111 0.04875 0.1511111111111111
1 0.45625 0.31777777777777777 0.0825 0.12
2 0.14125 0.33 0.06 0.11333333333333333
1 0.455 0.3811111111111111 0.085 0.13111111111111112
1 0.4325 0.45555555555555555 0.1 0.1511111111111111
1 0.374375 0.30333333333333334 0.07625 0.12222222222222222
1 0.73 0.46111111111111114 0.0925 0.18
2 0.588125 0.22111111111111112 0.05375 0.08666666666666667
1 0.850625 0.33 0.07125 0.11777777777777777
1 0.6475 0.5688888888888889 0.1225 0.19111111111111112
2 0.760625 0.20555555555555555 0.05125 0.10444444444444445
1 0.361875 0.3711111111111111 0.06625 0.13333333333333333
1 0.3175 0.4633333333333333 0.105 0.14
2 0.42125 0.1811111111111111 0.04 0.09111111111111111
2 0.23375 0.22333333333333333 0.0375 0.09111111111111111
1 0.426875 0.5533333333333333 0.11625 0.1688888888888889
5 0.268125 0.26222222222222225 0.04375 0.16444444444444445
2 0.479375 0.18555555555555556 0.05625 0.09555555555555556
1 0.83375 0.22111111111111112 0.04 0.08666666666666667
1 0.61125 0.31 0.08 0.13555555555555557
1 0.305625 0.5633333333333334 0.11375 0.17555555555555555
1 0.931875 0.46111111111111114 0.09125 0.18888888888888888
2 0.198125 0.3888888888888889 0.06875 0.12
1 0.775 0.5533333333333333 0.1225 0.19555555555555557
0 0.041875 0.4666666666666667 0.08375 0.13777777777777778
2 0.175625 0.29555555555555557 0.05375 0.12
1 0.07375 0.5555555555555556 0.0825 0.16
1 0.883125 0.38222222222222224 0.07375 0.13777777777777778
0 0.094375 0.3888888888888889 0.06625 0.11555555555555555
1 0.620625 0.46555555555555556 0.10375 0.15333333333333332
1 0.889375 0.28 0.05125 0.09333333333333334
2 0.8075 0.27555555555555555 0.07 0.1288888888888889
2 0.789375 0.24555555555555555 0.04125 0.09111111111111111
2 0.414375 0.22 0.03875 0.08444444444444445
1 0.86125 0.24222222222222223 0.0525 0.09777777777777778
1 0.610625 0.3788888888888889 0.07875 0.13111111111111112
6 0.67375 0.26222222222222225 0.065 0.1111111111111111
1 0.5875 0.2733333333333333 0.0625 0.09777777777777778
