1 0.87875 0.39222222222222225 0.0775 0.14444444444444443
1 0.076875 0.5544444444444444 0.10375 0.15777777777777777
1 0.6725 0.26555555555555554 0.0575 0.11333333333333333
1 0.858125 0.2544444444444444 0.05875 0.11333333333333333
0 0.093125 0.39 0.07125 0.11777777777777777
0 0.805 0.2811111111111111 0.065 0.10888888888888888
1 0.210625 0.2644444444444444 0.04875 0.10222222222222223
1 0.270625 0.25333333333333335 0.04375 0.09333333333333334
1 0.591875 0.23222222222222222 0.06125 0.09111111111111111
2 0.411875 0.22 0.03625 0.08444444444444445
1 0.64875 0.5666666666666667 0.12 0.18666666666666668
1 0.893125 0.2866666666666667 0.04375 0.10222222222222223
1 0.975 0.37555555555555553 0.0475 0.11555555555555555
1 0.8525 0.32666666666666666 0.075 0.1288888888888889
1 0.73 0.4588888888888889 0.0925 0.18444444444444444
0 0.043125 0.4688888888888889 0.07875 0.13333333333333333
1 0.805 0.28 0.06 0.11555555555555555
2 0.463125 0.2311111111111111 0.05375 0.09777777777777778
0 0.22 0.33666666666666667 0.075 0.09555555555555556
1 0.433125 0.45222222222222225 0.09125 0.14444444444444443
1 0.7625 0.20555555555555555 0.0525 0.10444444444444445
1 0.931875 0.3322222222222222 0.06375 0.12666666666666668
1 0.36 0.3622222222222222 0.0725 0.15555555555555556
1 0.583125 0.18555555555555556 0.05125 0.08666666666666667
1 0.691875 0.31333333333333335 0.06125 0.12444444444444444
1 0.93125 0.46555555555555556 0.0975 0.18888888888888888
0 0.1925 0.3877777777777778 0.0825 0.11333333333333333
1 0.590625 0.27555555555555555 0.06875 0.09777777777777778
1 0.61125 0.3788888888888889 0.0775 0.12222222222222222
5 0.13875 0.30444444444444446 0.075 0.1688888888888889
1 0.1375 0.46555555555555556 0.09 0.14888888888888888
1 0.24625 0.29 0.0475 0.1
1 0.83125 0.22111111111111112 0.0425 0.08222222222222222
1 0.79125 0.24222222222222223 0.0475 0.09777777777777778
1 0.61125 0.3233333333333333 0.0875 0.11777777777777777
2 0.47875 0.18222222222222223 0.0575 0.09333333333333334
1 0.455 0.38 0.085 0.13777777777777778
1 0.7025 0.3888888888888889 0.0775 0.12444444444444444
1 0.775 0.5566666666666666 0.1275 0.19333333333333333
0 0.293125 0.21888888888888888 0.05375 0.09111111111111111
2 0.423125 0.18333333333333332 0.03875 0.09555555555555556
1 0.62 0.4622222222222222 0.105 0.16
0 0.455 0.31555555555555553 0.0825 0.12444444444444444
