1 0.7275 0.46555555555555556 0.0925 0.14444444444444443
1 0.8775 0.3888888888888889 0.0775 0.14222222222222222
1 0.22375 0.3333333333333333 0.065 0.10666666666666667
1 0.62125 0.45666666666666667 0.1075 0.15777777777777777
2 0.135 0.46 0.09 0.15555555555555556
1 0.890625 0.27666666666666667 0.04375 0.09555555555555556
2 0.4775 0.18 0.06 0.09333333333333334
1 0.648125 0.5677777777777778 0.12125 0.18888888888888888
1 0.040625 0.4688888888888889 0.07625 0.13777777777777778
0 0.453125 0.3688888888888889 0.08625 0.1288888888888889
1 0.2075 0.2577777777777778 0.05 0.08888888888888889
2 0.97375 0.38 0.0525 0.1511111111111111
1 0.5875 0.2222222222222222 0.0575 0.09333333333333334
1 0.805 0.2733333333333333 0.0675 0.11555555555555555
1 0.2725 0.24888888888888888 0.045 0.09333333333333334
5 0.626875 0.1511111111111111 0.05125 0.16444444444444445
1 0.773125 0.5544444444444444 0.12875 0.18888888888888888
2 0.37625 0.30666666666666664 0.0725 0.1288888888888889
0 0.093125 0.3888888888888889 0.06875 0.1111111111111111
2 0.235 0.2222222222222222 0.045 0.08888888888888889
1 0.69 0.31 0.0625 0.11777777777777777
1 0.61125 0.36777777777777776 0.0775 0.13111111111111112
1 0.195 0.39111111111111113 0.0825 0.1111111111111111
2 0.413125 0.21444444444444444 0.03625 0.07777777777777778
1 0.45375 0.3811111111111111 0.085 0.13555555555555557
1 0.92875 0.46111111111111114 0.0925 0.18444444444444444
1 0.66875 0.27 0.055 0.1
1 0.609375 0.31777777777777777 0.08625 0.12444444444444444
1 0.858125 0.24555555555555555 0.05625 0.1
1 0.853125 0.3233333333333333 0.06875 0.12666666666666668
1 0.5775 0.18222222222222223 0.05 0.08888888888888889
0 0.45375 0.3188888888888889 0.0825 0.12222222222222222
1 0.7075 0.38222222222222224 0.0925 0.12444444444444444
0 0.2925 0.22 0.0525 0.08444444444444445
2 0.17375 0.29 0.0575 0.11333333333333333
2 0.929375 0.32666666666666666 0.05375 0.12
1 0.299375 0.5544444444444444 0.10375 0.17555555555555555
1 0.13875 0.32555555555555554 0.07 0.11333333333333333
1 0.07375 0.5522222222222222 0.1075 0.15777777777777777
1 0.588125 0.27444444444444444 0.06375 0.09555555555555556
1 0.79125 0.24222222222222223 0.0475 0.09333333333333334
1 0.243125 0.2866666666666667 0.05125 0.09777777777777778
1 0.83125 0.21777777777777776 0.04 0.08444444444444445
0 0.315 0.4622222222222222 0.0925 0.1288888888888889
