1 0.29375 0.2111111111111111 0.0525 0.10222222222222223
1 0.80375 0.2777777777777778 0.0625 0.11555555555555555
2 0.171875 0.29333333333333333 0.04625 0.10222222222222223
1 0.86 0.32666666666666666 0.0825 0.12444444444444444
1 0.930625 0.46444444444444444 0.09625 0.17333333333333334
2 0.20625 0.2588888888888889 0.0475 0.08666666666666667
1 0.043125 0.4711111111111111 0.07875 0.14666666666666667
1 0.791875 0.24444444444444444 0.04875 0.09333333333333334
1 0.670625 0.2688888888888889 0.05625 0.10222222222222223
1 0.245625 0.28888888888888886 0.05125 0.09777777777777778
2 0.07625 0.5577777777777778 0.1025 0.14666666666666667
2 0.415 0.21444444444444444 0.0375 0.08222222222222222
2 0.455 0.31444444444444447 0.0775 0.12666666666666668
1 0.77375 0.5588888888888889 0.13 0.19333333333333333
2 0.613125 0.31222222222222223 0.08375 0.13555555555555557
1 0.929375 0.3244444444444444 0.04375 0.1111111111111111
4 0.96875 0.36777777777777776 0.0575 0.12222222222222222
2 0.2725 0.2511111111111111 0.045 0.09333333333333334
2 0.2375 0.22555555555555556 0.04 0.08666666666666667
1 0.590625 0.22666666666666666 0.06125 0.09777777777777778
1 0.715625 0.38333333333333336 0.09125 0.13111111111111112
1 0.19625 0.39444444444444443 0.0825 0.11333333333333333
1 0.454375 0.3844444444444444 0.08125 0.12444444444444444
1 0.8325 0.2222222222222222 0.0425 0.08888888888888889
1 0.7675 0.20555555555555555 0.0475 0.10444444444444445
1 0.09625 0.39 0.0725 0.11777777777777777
1 0.621875 0.46111111111111114 0.10875 0.1622222222222222
1 0.725625 0.4677777777777778 0.08875 0.14888888888888888
1 0.878125 0.3877777777777778 0.07625 0.14888888888888888
1 0.64875 0.57 0.125 0.19333333333333333
1 0.47875 0.18444444444444444 0.055 0.09333333333333334
1 0.615 0.37222222222222223 0.0775 0.13111111111111112
1 0.1375 0.4633333333333333 0.0925 0.14888888888888888
2 0.141875 0.3288888888888889 0.06125 0.1111111111111111
1 0.856875 0.2511111111111111 0.05375 0.10666666666666667
2 0.579375 0.18 0.05375 0.10222222222222223
2 0.465 0.2311111111111111 0.0475 0.10222222222222223
1 0.21875 0.3322222222222222 0.0625 0.10888888888888888
1 0.689375 0.3111111111111111 0.06125 0.12444444444444444
1 0.641875 0.19555555555555557 0.04625 0.09333333333333334
1 0.656875 0.23666666666666666 0.04875 0.1
