1 0.245 0.29 0.0475 0.1
2 0.176875 0.29333333333333333 0.05375 0.10666666666666667
2 0.376875 0.3111111111111111 0.06375 0.14666666666666667
1 0.589375 0.27666666666666667 0.06625 0.09555555555555556
1 0.136875 0.4633333333333333 0.09125 0.14
1 0.671875 0.2677777777777778 0.05625 0.11777777777777777
0 0.455 0.31777777777777777 0.0825 0.12
4 0.305 0.5577777777777778 0.08 0.16444444444444445
1 0.0775 0.5555555555555556 0.105 0.15555555555555556
2 0.233125 0.22333333333333333 0.04375 0.09111111111111111
0 0.8575 0.24888888888888888 0.055 0.10222222222222223
1 0.59125 0.22555555555555556 0.055 0.08666666666666667
1 0.615 0.37666666666666665 0.08 0.12222222222222222
2 0.416875 0.21888888888888888 0.03875 0.07777777777777778
1 0.210625 0.26666666666666666 0.04625 0.09333333333333334
1 0.773125 0.5577777777777778 0.12875 0.19111111111111112
2 0.14125 0.33 0.0625 0.11333333333333333
1 0.650625 0.20444444444444446 0.05375 0.09333333333333334
1 0.62 0.46111111111111114 0.1075 0.15777777777777777
5 0.31 0.3211111111111111 0.075 0.24222222222222223
2 0.478125 0.18444444444444444 0.05875 0.09777777777777778
0 0.193125 0.3933333333333333 0.08375 0.10222222222222223
1 0.853125 0.33111111111111113 0.06625 0.11555555555555555
1 0.6525 0.24555555555555555 0.0475 0.09555555555555556
1 0.580625 0.19 0.05125 0.08666666666666667
1 0.691875 0.30777777777777776 0.06625 0.13111111111111112
0 0.7125 0.3888888888888889 0.095 0.1288888888888889
1 0.766875 0.20444444444444446 0.04625 0.10222222222222223
0 0.830625 0.21888888888888888 0.04375 0.08222222222222222
1 0.390625 0.24 0.05875 0.10666666666666667
0 0.22375 0.34444444444444444 0.075 0.08888888888888889
0 0.803125 0.2822222222222222 0.06375 0.1111111111111111
1 0.790625 0.24444444444444444 0.04625 0.09333333333333334
1 0.6125 0.3233333333333333 0.085 0.14444444444444443
1 0.64875 0.57 0.12 0.18444444444444444
0 0.72625 0.47444444444444445 0.0875 0.15333333333333332
1 0.041875 0.4711111111111111 0.07625 0.13777777777777778
1 0.879375 0.39111111111111113 0.07875 0.14666666666666667
0 0.095 0.3888888888888889 0.075 0.11555555555555555
0 0.455 0.37 0.085 0.12666666666666668
1 0.934375 0.33 0.05375 0.10888888888888888
1 0.93125 0.4633333333333333 0.095 0.18444444444444444
0 0.968125 0.37222222222222223 0.05875 0.10888888888888888
2 0.46625 0.23333333333333334 0.055 0.09777777777777778
