1 0.45375 0.38 0.085 0.1288888888888889
1 0.801875 0.27555555555555555 0.06375 0.11555555555555555
1 0.930625 0.3277777777777778 0.05375 0.1
1 0.72625 0.4677777777777778 0.0875 0.14
1 0.04 0.4688888888888889 0.075 0.14222222222222222
1 0.65 0.20222222222222222 0.055 0.09333333333333334
1 0.671875 0.2677777777777778 0.05625 0.10888888888888888
1 0.929375 0.46444444444444444 0.09375 0.18666666666666668
0 0.71 0.3844444444444444 0.0975 0.12444444444444444
0 0.193125 0.39111111111111113 0.08125 0.10666666666666667
0 0.221875 0.34 0.07375 0.09333333333333334
1 0.6525 0.24333333333333335 0.05 0.09555555555555556
1 0.209375 0.2677777777777778 0.04875 0.1
2 0.4775 0.18 0.0575 0.09333333333333334
1 0.965 0.37444444444444447 0.0625 0.10888888888888888
2 0.415625 0.21555555555555556 0.03875 0.08
1 0.83125 0.21888888888888888 0.0425 0.08666666666666667
1 0.85375 0.32666666666666666 0.07 0.11555555555555555
1 0.376875 0.30777777777777776 0.06875 0.13111111111111112
5 0.30625 0.31777777777777777 0.0675 0.2311111111111111
1 0.8825 0.2733333333333333 0.06 0.1111111111111111
1 0.579375 0.1811111111111111 0.05375 0.08222222222222222
1 0.77375 0.5544444444444444 0.1275 0.18888888888888888
2 0.14125 0.3277777777777778 0.065 0.11333333333333333
2 0.46375 0.23222222222222222 0.0525 0.09555555555555556
1 0.073125 0.5522222222222222 0.10625 0.15333333333333332
1 0.58875 0.2222222222222222 0.06 0.09333333333333334
1 0.136875 0.4622222222222222 0.09125 0.14666666666666667
0 0.454375 0.31666666666666665 0.07875 0.12666666666666668
1 0.2225 0.3388888888888889 0.0725 0.09111111111111111
1 0.6125 0.37555555555555553 0.08 0.12
1 0.5875 0.27444444444444444 0.065 0.09555555555555556
1 0.69125 0.30777777777777776 0.065 0.11777777777777777
1 0.766875 0.2011111111111111 0.04625 0.1
1 0.42125 0.18 0.0425 0.08444444444444445
1 0.38875 0.23555555555555555 0.055 0.09777777777777778
1 0.87875 0.3888888888888889 0.08 0.1511111111111111
2 0.231875 0.22555555555555556 0.04375 0.09555555555555556
1 0.648125 0.5688888888888889 0.12125 0.18666666666666668
1 0.62125 0.45666666666666667 0.105 0.15777777777777777
2 0.176875 0.29444444444444445 0.05375 0.11333333333333333
1 0.856875 0.25 0.05875 0.10444444444444445
1 0.244375 0.2866666666666667 0.04875 0.09777777777777778
4 0.304375 0.5488888888888889 0.08375 0.1688888888888889
1 0.79 0.24444444444444444 0.045 0.09333333333333334
1 0.611875 0.3188888888888889 0.08125 0.11777777777777777
1 0.09375 0.38555555555555554 0.07 0.11333333333333333
