1 0.691875 0.3088888888888889 0.06625 0.12444444444444444
2 0.23625 0.22333333333333333 0.04 0.09111111111111111
1 0.964375 0.38 0.05875 0.1111111111111111
1 0.6125 0.3211111111111111 0.0825 0.11333333333333333
1 0.078125 0.5555555555555556 0.10125 0.15555555555555556
1 0.790625 0.24333333333333335 0.04375 0.09111111111111111
1 0.32125 0.45666666666666667 0.105 0.15777777777777777
1 0.62 0.4588888888888889 0.1075 0.15777777777777777
1 0.360625 0.37222222222222223 0.07375 0.13555555555555557
1 0.93 0.46444444444444444 0.095 0.18666666666666668
1 0.651875 0.24666666666666667 0.04875 0.08888888888888889
1 0.7675 0.20555555555555555 0.045 0.1
1 0.878125 0.3888888888888889 0.07875 0.14666666666666667
1 0.245625 0.29 0.04875 0.1
1 0.444375 0.37777777777777777 0.06375 0.11555555555555555
1 0.225 0.3377777777777778 0.0725 0.10666666666666667
1 0.804375 0.28 0.06625 0.10222222222222223
2 0.209375 0.25666666666666665 0.05125 0.10444444444444445
1 0.463125 0.23222222222222222 0.05375 0.1
1 0.4275 0.45444444444444443 0.0875 0.14444444444444443
1 0.309375 0.5577777777777778 0.10125 0.16444444444444445
1 0.726875 0.47 0.08625 0.14888888888888888
1 0.64625 0.5733333333333334 0.125 0.17777777777777778
4 0.58 0.23444444444444446 0.075 0.18444444444444444
1 0.271875 0.25222222222222224 0.04625 0.09555555555555556
1 0.709375 0.38333333333333336 0.09875 0.13111111111111112
1 0.853125 0.3244444444444444 0.06625 0.13333333333333333
2 0.04125 0.46111111111111114 0.08 0.14444444444444443
2 0.928125 0.32555555555555554 0.05875 0.14444444444444443
1 0.1375 0.4622222222222222 0.0925 0.14666666666666667
1 0.3725 0.31555555555555553 0.0775 0.13777777777777778
2 0.14 0.3288888888888889 0.0625 0.11555555555555555
1 0.653125 0.20666666666666667 0.05625 0.09333333333333334
1 0.41875 0.21777777777777776 0.035 0.07555555555555556
1 0.174375 0.29777777777777775 0.05375 0.10666666666666667
2 0.38875 0.23222222222222222 0.06 0.10888888888888888
1 0.773125 0.5566666666666666 0.12875 0.19333333333333333
1 0.47625 0.18333333333333332 0.06 0.09555555555555556
1 0.85625 0.2544444444444444 0.0575 0.10888888888888888
1 0.196875 0.3888888888888889 0.07625 0.12
1 0.83125 0.22111111111111112 0.0425 0.08666666666666667
1 0.29375 0.21555555555555556 0.055 0.09333333333333334
1 0.09625 0.39111111111111113 0.07 0.12
1 0.456875 0.3188888888888889 0.08125 0.12666666666666668
1 0.614375 0.3788888888888889 0.07875 0.13111111111111112
1 0.6725 0.2688888888888889 0.0575 0.1111111111111111
