0 0.454375 0.31666666666666665 0.07875 0.12222222222222222
1 0.0725 0.5544444444444444 0.1075 0.14888888888888888
1 0.360625 0.3655555555555556 0.06875 0.13555555555555557
1 0.225625 0.3277777777777778 0.06875 0.11333333333333333
1 0.131875 0.46555555555555556 0.09375 0.14
1 0.8025 0.2788888888888889 0.065 0.10888888888888888
1 0.613125 0.37333333333333335 0.08125 0.12444444444444444
1 0.8525 0.3277777777777778 0.07 0.11777777777777777
1 0.453125 0.38 0.08375 0.1288888888888889
1 0.929375 0.4633333333333333 0.09375 0.18
1 0.270625 0.25 0.04875 0.09111111111111111
2 0.585 0.26666666666666666 0.06 0.10666666666666667
2 0.885625 0.2788888888888889 0.05375 0.10444444444444445
1 0.19375 0.3888888888888889 0.0825 0.11555555555555555
1 0.373125 0.3111111111111111 0.07625 0.1288888888888889
1 0.83125 0.22 0.0425 0.08888888888888889
1 0.245 0.29 0.0525 0.09111111111111111
1 0.431875 0.4533333333333333 0.09125 0.1511111111111111
2 0.41625 0.21777777777777776 0.0375 0.08
2 0.42125 0.17777777777777778 0.0425 0.08888888888888889
1 0.773125 0.5544444444444444 0.12875 0.18888888888888888
1 0.176875 0.28888888888888886 0.05625 0.10222222222222223
1 0.57875 0.18444444444444444 0.05 0.08444444444444445
1 0.650625 0.20333333333333334 0.06125 0.09555555555555556
5 0.284375 0.17888888888888888 0.05375 0.14888888888888888
1 0.478125 0.18333333333333332 0.06125 0.09111111111111111
2 0.68625 0.30666666666666664 0.0525 0.1288888888888889
2 0.389375 0.2311111111111111 0.05875 0.10666666666666667
1 0.095 0.38555555555555554 0.0725 0.11777777777777777
1 0.58625 0.21777777777777776 0.0525 0.08888888888888889
1 0.876875 0.38666666666666666 0.07625 0.14666666666666667
2 0.0425 0.46 0.08 0.13777777777777778
2 0.61375 0.31333333333333335 0.0825 0.13333333333333333
1 0.766875 0.20222222222222222 0.04625 0.10222222222222223
1 0.646875 0.5677777777777778 0.12125 0.18444444444444444
2 0.23625 0.22333333333333333 0.0425 0.09111111111111111
2 0.139375 0.3288888888888889 0.06125 0.11555555555555555
1 0.20625 0.2511111111111111 0.0425 0.09333333333333334
2 0.876875 0.38666666666666666 0.07875 0.1511111111111111
1 0.96125 0.38333333333333336 0.0625 0.13555555555555557
1 0.855 0.24888888888888888 0.0525 0.10222222222222223
1 0.66625 0.26 0.06 0.12444444444444444
1 0.620625 0.45444444444444443 0.10875 0.1622222222222222
4 0.710625 0.36666666666666664 0.08375 0.13333333333333333
1 0.79125 0.24222222222222223 0.05 0.09777777777777778
1 0.435625 0.5466666666666666 0.09375 0.17333333333333334
0 0.926875 0.32666666666666666 0.05375 0.09777777777777778
1 0.725625 0.46444444444444444 0.09125 0.14666666666666667
