1 0.774375 0.5566666666666666 0.12875 0.19333333333333333
1 0.206875 0.2544444444444444 0.04875 0.1
1 0.435 0.5511111111111111 0.095 0.18222222222222223
2 0.88625 0.27444444444444444 0.0575 0.10444444444444445
1 0.83125 0.22333333333333333 0.04 0.09555555555555556
1 0.478125 0.18555555555555556 0.05625 0.09555555555555556
1 0.588125 0.27 0.05875 0.10444444444444445
1 0.64875 0.5722222222222222 0.12 0.18888888888888888
1 0.61125 0.32 0.0825 0.11555555555555555
1 0.246875 0.28444444444444444 0.04875 0.10222222222222223
1 0.07375 0.5577777777777778 0.105 0.15555555555555556
1 0.92875 0.4633333333333333 0.0925 0.18444444444444444
1 0.095625 0.38555555555555554 0.07375 0.11777777777777777
1 0.71125 0.38333333333333336 0.0925 0.13111111111111112
1 0.175 0.29333333333333333 0.055 0.10666666666666667
1 0.855 0.25222222222222224 0.055 0.10888888888888888
1 0.611875 0.37555555555555553 0.07875 0.12444444444444444
2 0.42125 0.18 0.0425 0.09333333333333334
1 0.13375 0.4677777777777778 0.095 0.14
1 0.454375 0.37666666666666665 0.08375 0.13555555555555557
5 0.286875 0.18 0.05125 0.14666666666666667
1 0.2325 0.22666666666666666 0.04 0.08888888888888889
1 0.27125 0.24888888888888888 0.0475 0.09777777777777778
1 0.668125 0.2688888888888889 0.05375 0.1111111111111111
1 0.586875 0.2222222222222222 0.05625 0.08888888888888889
1 0.361875 0.37 0.06125 0.13555555555555557
1 0.9275 0.3288888888888889 0.0575 0.09777777777777778
1 0.724375 0.46444444444444444 0.08875 0.1511111111111111
1 0.965 0.38666666666666666 0.055 0.13333333333333333
1 0.62 0.45555555555555555 0.1075 0.1688888888888889
1 0.14 0.33 0.065 0.11333333333333333
1 0.19375 0.39 0.085 0.11333333333333333
1 0.653125 0.24222222222222223 0.04875 0.09333333333333334
1 0.65 0.20777777777777778 0.0525 0.09555555555555556
2 0.415625 0.21888888888888888 0.04125 0.08222222222222222
1 0.8775 0.39 0.0775 0.14444444444444443
2 0.389375 0.23222222222222222 0.05875 0.10444444444444445
1 0.226875 0.3333333333333333 0.07625 0.10666666666666667
1 0.6875 0.30666666666666664 0.0575 0.1288888888888889
1 0.578125 0.17777777777777778 0.05125 0.08888888888888889
1 0.04125 0.46444444444444444 0.075 0.13777777777777778
1 0.43125 0.4577777777777778 0.095 0.16
1 0.85625 0.33 0.0725 0.12222222222222222
1 0.790625 0.24333333333333335 0.04875 0.1
1 0.803125 0.2811111111111111 0.06375 0.10888888888888888
1 0.455 0.31777777777777777 0.0775 0.12444444444444444
1 0.374375 0.31222222222222223 0.07375 0.13111111111111112
2 0.464375 0.23222222222222222 0.05125 0.1
1 0.766875 0.20555555555555555 0.04625 0.1
