1 0.6125 0.33111111111111113 0.08 0.12
0 0.2275 0.33444444444444443 0.075 0.10444444444444445
1 0.27125 0.25 0.05 0.1
2 0.040625 0.4622222222222222 0.07875 0.1511111111111111
2 0.139375 0.33111111111111113 0.06125 0.1111111111111111
1 0.435625 0.5511111111111111 0.09625 0.17333333333333334
1 0.673125 0.26555555555555554 0.05875 0.11333333333333333
1 0.928125 0.46555555555555556 0.09375 0.18444444444444444
2 0.578125 0.17888888888888888 0.05125 0.09111111111111111
2 0.45375 0.3088888888888889 0.0775 0.1288888888888889
2 0.38 0.30666666666666664 0.0625 0.13333333333333333
2 0.415 0.21888888888888888 0.04 0.08222222222222222
2 0.88875 0.2788888888888889 0.05 0.11777777777777777
1 0.72625 0.46555555555555556 0.0875 0.14444444444444443
2 0.79875 0.27 0.06 0.10444444444444445
2 0.234375 0.2222222222222222 0.03625 0.08888888888888889
1 0.246875 0.28555555555555556 0.04875 0.1
2 0.21 0.2588888888888889 0.0475 0.09555555555555556
1 0.096875 0.3888888888888889 0.07375 0.12
2 0.8775 0.39 0.075 0.14444444444444443
2 0.5875 0.22333333333333333 0.055 0.08666666666666667
2 0.6725 0.26666666666666666 0.0575 0.12
1 0.83 0.2222222222222222 0.04 0.09333333333333334
1 0.64875 0.5722222222222222 0.12 0.18444444444444444
5 0.285 0.18555555555555556 0.055 0.14888888888888888
1 0.6125 0.37666666666666665 0.0775 0.11333333333333333
0 0.92625 0.3277777777777778 0.06 0.09555555555555556
1 0.9675 0.39 0.055 0.13111111111111112
2 0.479375 0.18333333333333332 0.05875 0.1
2 0.85375 0.25555555555555554 0.055 0.11555555555555555
1 0.68875 0.3055555555555556 0.0575 0.13111111111111112
2 0.711875 0.3688888888888889 0.09125 0.16
1 0.774375 0.56 0.12625 0.19111111111111112
2 0.790625 0.24555555555555555 0.04875 0.09555555555555556
1 0.135 0.4688888888888889 0.095 0.14222222222222222
2 0.58875 0.2733333333333333 0.065 0.10666666666666667
2 0.175625 0.2911111111111111 0.05375 0.10222222222222223
1 0.0775 0.5577777777777778 0.105 0.15555555555555556
1 0.7675 0.20555555555555555 0.0475 0.1
1 0.433125 0.45444444444444443 0.09875 0.15777777777777777
2 0.6225 0.4577777777777778 0.1125 0.17333333333333334
2 0.4225 0.18222222222222223 0.0425 0.08888888888888889
2 0.361875 0.36777777777777776 0.07125 0.14444444444444443
1 0.19375 0.3877777777777778 0.09 0.12222222222222222
1 0.454375 0.38 0.08375 0.12444444444444444
1 0.650625 0.20555555555555555 0.05625 0.09555555555555556
2 0.393125 0.23777777777777778 0.05625 0.1111111111111111
2 0.85 0.3244444444444444 0.0625 0.13333333333333333
2 0.464375 0.23333333333333334 0.05125 0.10222222222222223
