1 0.43375 0.45555555555555555 0.1 0.1511111111111111
1 0.614375 0.37666666666666665 0.07875 0.12222222222222222
1 0.19125 0.3888888888888889 0.08 0.1111111111111111
2 0.851875 0.3188888888888889 0.06375 0.14
2 0.589375 0.22555555555555556 0.05875 0.09555555555555556
1 0.928125 0.46111111111111114 0.09375 0.17555555555555555
1 0.134375 0.4677777777777778 0.09375 0.14
1 0.670625 0.2633333333333333 0.05625 0.11777777777777777
2 0.5775 0.17888888888888888 0.05 0.09555555555555556
2 0.18 0.2911111111111111 0.06 0.10666666666666667
2 0.14125 0.3288888888888889 0.0625 0.11555555555555555
2 0.37625 0.3111111111111111 0.07 0.13333333333333333
1 0.293125 0.21888888888888888 0.04625 0.09111111111111111
1 0.075 0.5533333333333333 0.1025 0.15555555555555556
2 0.634375 0.18 0.03375 0.09333333333333334
1 0.455625 0.3788888888888889 0.08375 0.12666666666666668
2 0.464375 0.2388888888888889 0.05375 0.1
2 0.235625 0.32222222222222224 0.06125 0.12444444444444444
2 0.765625 0.20333333333333334 0.04375 0.1
2 0.2375 0.2222222222222222 0.0425 0.09333333333333334
1 0.726875 0.4666666666666667 0.08875 0.13333333333333333
2 0.455625 0.30666666666666664 0.08125 0.1288888888888889
2 0.41375 0.2222222222222222 0.0375 0.07555555555555556
1 0.09625 0.3888888888888889 0.0725 0.12
1 0.92875 0.3288888888888889 0.06 0.11555555555555555
2 0.68875 0.3088888888888889 0.0575 0.1288888888888889
2 0.71125 0.3711111111111111 0.09 0.15555555555555556
1 0.79 0.24333333333333335 0.05 0.1
2 0.6475 0.21222222222222223 0.045 0.09555555555555556
2 0.20625 0.2588888888888889 0.04 0.09555555555555556
2 0.619375 0.45555555555555555 0.10625 0.1688888888888889
2 0.24375 0.2911111111111111 0.05 0.09333333333333334
2 0.479375 0.1811111111111111 0.05875 0.1
1 0.801875 0.27555555555555555 0.05875 0.11555555555555555
1 0.041875 0.4588888888888889 0.07625 0.14
1 0.6425 0.56 0.1275 0.2088888888888889
2 0.271875 0.2511111111111111 0.04625 0.09777777777777778
2 0.8875 0.2788888888888889 0.0475 0.11333333333333333
2 0.970625 0.39 0.05625 0.14
1 0.61 0.31777777777777777 0.09 0.1288888888888889
2 0.878125 0.3844444444444444 0.07125 0.15555555555555556
1 0.58875 0.26666666666666666 0.065 0.1111111111111111
2 0.77375 0.5555555555555556 0.1275 0.19555555555555557
2 0.391875 0.24333333333333335 0.05375 0.10888888888888888
2 0.85375 0.25333333333333335 0.05 0.10666666666666667
1 0.830625 0.21777777777777776 0.04375 0.08888888888888889
