2 0.7275 0.4588888888888889 0.09 0.14888888888888888
2 0.8775 0.38222222222222224 0.075 0.15555555555555556
2 0.3175 0.45 0.0975 0.1622222222222222
2 0.075625 0.5455555555555556 0.10125 0.16666666666666666
2 0.234375 0.3244444444444444 0.05875 0.11555555555555555
2 0.681875 0.3022222222222222 0.05375 0.13777777777777778
2 0.58 0.17333333333333334 0.045 0.08444444444444445
2 0.310625 0.55 0.10375 0.17555555555555555
2 0.20625 0.25222222222222224 0.0425 0.09555555555555556
2 0.361875 0.3655555555555556 0.06625 0.14444444444444443
2 0.41125 0.21666666666666667 0.0375 0.07777777777777778
2 0.478125 0.17888888888888888 0.06125 0.09111111111111111
2 0.040625 0.4577777777777778 0.07875 0.14222222222222222
2 0.23375 0.22111111111111112 0.0375 0.09111111111111111
2 0.634375 0.18 0.03375 0.09333333333333334
2 0.269375 0.25 0.05375 0.09111111111111111
2 0.585 0.26666666666666666 0.0575 0.1111111111111111
2 0.606875 0.3111111111111111 0.07875 0.12444444444444444
2 0.0975 0.3811111111111111 0.075 0.12666666666666668
2 0.1425 0.3277777777777778 0.0575 0.11777777777777777
2 0.85 0.31333333333333335 0.0575 0.13333333333333333
2 0.19375 0.39 0.0775 0.11333333333333333
2 0.928125 0.46 0.09125 0.17777777777777778
2 0.80125 0.27666666666666667 0.0625 0.11777777777777777
2 0.64625 0.20555555555555555 0.045 0.1
2 0.291875 0.21888888888888888 0.05125 0.09555555555555556
2 0.575 0.21333333333333335 0.04 0.09333333333333334
2 0.6425 0.5433333333333333 0.1 0.20222222222222222
2 0.615 0.37 0.08 0.14444444444444443
2 0.455 0.3111111111111111 0.0725 0.12
2 0.245625 0.2877777777777778 0.04875 0.1
2 0.708125 0.36777777777777776 0.08375 0.14888888888888888
2 0.97 0.37666666666666665 0.0575 0.14
2 0.854375 0.2477777777777778 0.04625 0.10444444444444445
2 0.773125 0.5477777777777778 0.12625 0.19777777777777777
2 0.788125 0.24222222222222223 0.04375 0.09777777777777778
2 0.455625 0.38 0.07875 0.1288888888888889
2 0.93125 0.31555555555555553 0.06 0.12
2 0.83125 0.21888888888888888 0.035 0.08666666666666667
2 0.428125 0.5466666666666666 0.10375 0.18222222222222223
2 0.6175 0.4533333333333333 0.1 0.16
2 0.179375 0.29 0.05875 0.10888888888888888
2 0.378125 0.30666666666666664 0.07125 0.13333333333333333
2 0.766875 0.20333333333333334 0.04375 0.1
2 0.43125 0.44666666666666666 0.0925 0.1688888888888889
2 0.390625 0.2388888888888889 0.05125 0.10444444444444445
2 0.135625 0.4622222222222222 0.08875 0.14222222222222222
