2 0.429375 0.4444444444444444 0.09375 0.17333333333333334
2 0.8 0.2788888888888889 0.0625 0.11777777777777777
2 0.191875 0.39 0.08625 0.11777777777777777
2 0.1775 0.29 0.055 0.10444444444444445
2 0.644375 0.55 0.10375 0.19333333333333333
2 0.224375 0.3288888888888889 0.06375 0.12
2 0.7625 0.20444444444444446 0.04 0.10222222222222223
2 0.585 0.2688888888888889 0.0625 0.10666666666666667
2 0.603125 0.22111111111111112 0.03625 0.08222222222222222
2 0.61 0.31333333333333335 0.08 0.12
2 0.8525 0.31444444444444447 0.06 0.14
2 0.65 0.23666666666666666 0.05 0.12666666666666668
2 0.689375 0.30444444444444446 0.06125 0.13777777777777778
2 0.321875 0.45222222222222225 0.09375 0.1622222222222222
2 0.21 0.25222222222222224 0.04 0.1
2 0.29375 0.21888888888888888 0.0525 0.09555555555555556
2 0.889375 0.27666666666666667 0.04375 0.10444444444444445
2 0.426875 0.5466666666666666 0.09875 0.18222222222222223
2 0.825625 0.21333333333333335 0.04125 0.10222222222222223
2 0.14375 0.3288888888888889 0.0575 0.12
2 0.471875 0.24444444444444444 0.04875 0.12444444444444444
2 0.041875 0.45666666666666667 0.07625 0.15333333333333332
2 0.425 0.18 0.0375 0.09333333333333334
2 0.7075 0.36777777777777776 0.08 0.14
2 0.478125 0.18333333333333332 0.06375 0.09555555555555556
2 0.9675 0.39 0.0625 0.14888888888888888
2 0.45625 0.37666666666666665 0.08 0.13555555555555557
2 0.415625 0.21777777777777776 0.04625 0.08888888888888889
2 0.31 0.5511111111111111 0.1025 0.17777777777777778
2 0.37875 0.3111111111111111 0.0675 0.13777777777777778
2 0.629375 0.18222222222222223 0.03375 0.09777777777777778
2 0.875625 0.38555555555555554 0.07375 0.15333333333333332
2 0.250625 0.28555555555555556 0.05375 0.1
2 0.453125 0.3088888888888889 0.07625 0.12444444444444444
2 0.930625 0.3233333333333333 0.06125 0.13555555555555557
2 0.681875 0.2633333333333333 0.04875 0.10444444444444445
2 0.615625 0.45 0.11875 0.16666666666666666
2 0.140625 0.4666666666666667 0.07625 0.13333333333333333
2 0.854375 0.23333333333333334 0.05375 0.11555555555555555
2 0.2375 0.21777777777777776 0.035 0.08444444444444445
2 0.72875 0.44222222222222224 0.0775 0.17777777777777778
2 0.6125 0.36777777777777776 0.0775 0.14444444444444443
2 0.100625 0.37222222222222223 0.07625 0.14444444444444443
2 0.5875 0.1688888888888889 0.035 0.08444444444444445
2 0.57 0.21333333333333335 0.0375 0.10222222222222223
2 0.92875 0.46 0.095 0.17777777777777778
2 0.390625 0.2388888888888889 0.05375 0.10444444444444445
2 0.36125 0.38 0.0625 0.14222222222222222
2 0.78625 0.23333333333333334 0.0475 0.11555555555555555
2 0.2675 0.25 0.0425 0.09111111111111111
2 0.775625 0.5466666666666666 0.12125 0.19111111111111112
2 0.085 0.5455555555555556 0.1175 0.1711111111111111
