2 0.076875 0.54 0.10125 0.17777777777777778
2 0.610625 0.31 0.08125 0.11777777777777777
2 0.850625 0.23222222222222222 0.04875 0.11777777777777777
2 0.4275 0.1811111111111111 0.0375 0.1
2 0.698125 0.37 0.07625 0.14444444444444443
2 0.193125 0.3888888888888889 0.08125 0.11555555555555555
2 0.415 0.21777777777777776 0.0425 0.08444444444444445
2 0.666875 0.2644444444444444 0.04375 0.10666666666666667
2 0.686875 0.3055555555555556 0.05625 0.12666666666666668
2 0.646875 0.23666666666666666 0.04625 0.1
2 0.320625 0.4533333333333333 0.09375 0.16
2 0.630625 0.18555555555555556 0.03625 0.08666666666666667
1 0.9675 0.39111111111111113 0.0625 0.1511111111111111
2 0.786875 0.23333333333333334 0.04625 0.1111111111111111
2 0.45375 0.3111111111111111 0.0725 0.12444444444444444
2 0.476875 0.17888888888888888 0.06625 0.09555555555555556
2 0.725625 0.44666666666666666 0.07875 0.17333333333333334
2 0.42875 0.44555555555555554 0.095 0.1711111111111111
2 0.926875 0.4588888888888889 0.09625 0.17555555555555555
2 0.643125 0.5522222222222222 0.10375 0.18888888888888888
2 0.39 0.24888888888888888 0.0475 0.10222222222222223
2 0.37625 0.3088888888888889 0.07 0.14666666666666667
2 0.61 0.36666666666666664 0.08 0.14222222222222222
2 0.4725 0.23777777777777778 0.05 0.11555555555555555
2 0.293125 0.21777777777777776 0.05125 0.09333333333333334
2 0.776875 0.5444444444444444 0.12125 0.19555555555555557
2 0.236875 0.21888888888888888 0.03875 0.09111111111111111
2 0.80125 0.27666666666666667 0.06 0.11777777777777777
2 0.14 0.46555555555555556 0.08 0.12666666666666668
2 0.1425 0.33111111111111113 0.06 0.11555555555555555
2 0.3625 0.37666666666666665 0.0625 0.14
2 0.763125 0.20333333333333334 0.04125 0.10444444444444445
2 0.250625 0.28555555555555556 0.05375 0.1
2 0.585 0.2633333333333333 0.0625 0.12222222222222222
2 0.224375 0.3288888888888889 0.06375 0.11555555555555555
2 0.179375 0.2877777777777778 0.05375 0.10444444444444445
2 0.03375 0.45666666666666667 0.0675 0.14888888888888888
2 0.2675 0.24888888888888888 0.045 0.09333333333333334
2 0.425 0.5477777777777778 0.1 0.18
2 0.849375 0.31666666666666665 0.05875 0.13555555555555557
2 0.825625 0.21222222222222223 0.03875 0.1
2 0.614375 0.45111111111111113 0.11375 0.1688888888888889
2 0.09875 0.37333333333333335 0.0775 0.14222222222222222
2 0.208125 0.2511111111111111 0.04125 0.10222222222222223
2 0.308125 0.5511111111111111 0.10375 0.17333333333333334
2 0.88625 0.2722222222222222 0.05 0.11333333333333333
2 0.580625 0.17333333333333334 0.05125 0.09333333333333334
2 0.45625 0.37777777777777777 0.08 0.13333333333333333
2 0.873125 0.38666666666666666 0.07125 0.15555555555555556
