2 0.70875 0.36444444444444446 0.09 0.14666666666666667
2 0.143125 0.3277777777777778 0.05875 0.11777777777777777
2 0.61 0.3655555555555556 0.08 0.14
2 0.725625 0.4444444444444444 0.07625 0.17333333333333334
2 0.225 0.3244444444444444 0.065 0.12444444444444444
2 0.14 0.4633333333333333 0.0825 0.13555555555555557
2 0.61125 0.31222222222222223 0.08 0.11777777777777777
2 0.473125 0.24222222222222223 0.04875 0.12
2 0.928125 0.32222222222222224 0.05625 0.13777777777777778
2 0.09875 0.37222222222222223 0.0775 0.14444444444444443
2 0.786875 0.23333333333333334 0.04625 0.10666666666666667
2 0.850625 0.31333333333333335 0.05875 0.13333333333333333
2 0.179375 0.28888888888888886 0.05375 0.10666666666666667
2 0.455 0.37555555555555553 0.0825 0.13333333333333333
2 0.825 0.21222222222222223 0.04 0.1
2 0.478125 0.17888888888888888 0.06375 0.09555555555555556
2 0.686875 0.30444444444444446 0.05375 0.12444444444444444
2 0.41375 0.21333333333333335 0.0425 0.08444444444444445
2 0.85 0.23777777777777778 0.05 0.12444444444444444
2 0.965625 0.3877777777777778 0.06625 0.14888888888888888
2 0.61625 0.4488888888888889 0.1175 0.16444444444444445
2 0.389375 0.25 0.04625 0.10444444444444445
2 0.32 0.45111111111111113 0.0925 0.16
2 0.208125 0.2511111111111111 0.03875 0.10222222222222223
2 0.45375 0.31 0.0725 0.12666666666666668
2 0.643125 0.5477777777777778 0.10375 0.18888888888888888
2 0.589375 0.16777777777777778 0.03625 0.08222222222222222
2 0.630625 0.18666666666666668 0.03375 0.08888888888888889
2 0.1925 0.3877777777777778 0.0825 0.11333333333333333
2 0.6675 0.2633333333333333 0.0425 0.11333333333333333
2 0.584375 0.26555555555555554 0.06125 0.11777777777777777
2 0.075 0.5411111111111111 0.1025 0.17555555555555555
2 0.36 0.37666666666666665 0.0625 0.14
2 0.430625 0.18 0.03375 0.09777777777777778
2 0.429375 0.4488888888888889 0.09375 0.1688888888888889
2 0.5725 0.21444444444444444 0.0375 0.10444444444444445
2 0.800625 0.27666666666666667 0.06125 0.11777777777777777
2 0.30875 0.5522222222222222 0.105 0.17555555555555555
2 0.6475 0.23666666666666666 0.0375 0.10888888888888888
2 0.2925 0.21666666666666667 0.05 0.09111111111111111
2 0.250625 0.28444444444444444 0.05625 0.10222222222222223
2 0.926875 0.4588888888888889 0.09375 0.17555555555555555
2 0.379375 0.30777777777777776 0.06375 0.14444444444444443
2 0.266875 0.24888888888888888 0.04375 0.09333333333333334
2 0.425625 0.5455555555555556 0.10125 0.18
2 0.2375 0.21666666666666667 0.035 0.08666666666666667
2 0.88875 0.27555555555555555 0.045 0.12
2 0.7775 0.5444444444444444 0.12 0.19555555555555557
2 0.76375 0.20444444444444446 0.04 0.10666666666666667
2 0.875625 0.38666666666666666 0.07375 0.14666666666666667
2 0.035 0.4588888888888889 0.07 0.14444444444444443
