2 0.29375 0.21888888888888888 0.0475 0.09111111111111111
2 0.60875 0.3088888888888889 0.08 0.11555555555555555
5 0.888125 0.38555555555555554 0.08625 0.2688888888888889
2 0.476875 0.18 0.06125 0.09333333333333334
2 0.596875 0.22 0.03875 0.08444444444444445
2 0.825625 0.21666666666666667 0.03375 0.09111111111111111
2 0.654375 0.23555555555555555 0.04875 0.1111111111111111
2 0.2075 0.25 0.04 0.10444444444444445
2 0.38875 0.2722222222222222 0.045 0.09555555555555556
1 0.2475 0.28555555555555556 0.0575 0.1
2 0.3625 0.37777777777777777 0.06 0.14222222222222222
2 0.608125 0.3688888888888889 0.07625 0.14222222222222222
2 0.571875 0.21222222222222223 0.03625 0.1
2 0.265625 0.25 0.04625 0.09111111111111111
2 0.14375 0.3288888888888889 0.055 0.11555555555555555
2 0.76375 0.20555555555555555 0.0425 0.1
2 0.081875 0.5455555555555556 0.11625 0.1711111111111111
2 0.420625 0.17888888888888888 0.04375 0.09111111111111111
2 0.63375 0.1922222222222222 0.04 0.1
2 0.323125 0.45 0.09125 0.16666666666666666
2 0.456875 0.3788888888888889 0.08125 0.12222222222222222
2 0.6975 0.37 0.0725 0.14888888888888888
2 0.733125 0.45111111111111113 0.07125 0.1688888888888889
1 0.14 0.46111111111111114 0.085 0.13555555555555557
2 0.78625 0.23666666666666666 0.045 0.09555555555555556
2 0.308125 0.5522222222222222 0.10625 0.1711111111111111
2 0.800625 0.27 0.05625 0.12222222222222222
2 0.58375 0.16666666666666666 0.0375 0.08
2 0.414375 0.22333333333333333 0.04375 0.08666666666666667
2 0.85375 0.23666666666666666 0.0525 0.12666666666666668
2 0.429375 0.4444444444444444 0.08875 0.1688888888888889
2 0.18 0.28888888888888886 0.055 0.10222222222222223
2 0.236875 0.21777777777777776 0.03375 0.08888888888888889
2 0.58375 0.2677777777777778 0.0575 0.10888888888888888
2 0.63 0.44333333333333336 0.095 0.1622222222222222
2 0.853125 0.31555555555555553 0.06375 0.13333333333333333
2 0.3775 0.3111111111111111 0.065 0.13777777777777778
2 0.64375 0.5488888888888889 0.1025 0.18666666666666668
2 0.425625 0.5466666666666666 0.10125 0.18222222222222223
2 0.9675 0.3977777777777778 0.0625 0.16
2 0.223125 0.3277777777777778 0.06375 0.12222222222222222
2 0.099375 0.37555555555555553 0.07375 0.13777777777777778
2 0.249375 0.28555555555555556 0.05875 0.1
2 0.455 0.3111111111111111 0.0675 0.12
2 0.776875 0.5455555555555556 0.11875 0.18888888888888888
2 0.03875 0.45555555555555555 0.0775 0.14666666666666667
2 0.685 0.3022222222222222 0.06 0.14222222222222222
