0 0.61125 0.32222222222222224 0.0875 0.10222222222222223
0 0.24375 0.29777777777777775 0.065 0.08444444444444445
0 0.19375 0.3977777777777778 0.0825 0.10666666666666667
0 0.138125 0.3322222222222222 0.07125 0.11333333333333333
0 0.929375 0.46555555555555556 0.10875 0.1622222222222222
0 0.59125 0.27111111111111114 0.0725 0.09333333333333334
0 0.2225 0.33111111111111113 0.075 0.10666666666666667
0 0.140625 0.47555555555555556 0.09125 0.12
0 0.768125 0.21333333333333335 0.05375 0.08444444444444445
0 0.88 0.38555555555555554 0.08 0.13555555555555557
0 0.699375 0.39444444444444443 0.08625 0.1
0 0.606875 0.38555555555555554 0.09125 0.11333333333333333
0 0.27 0.2511111111111111 0.04 0.09333333333333334
0 0.09875 0.3988888888888889 0.09 0.1
0 0.37 0.3188888888888889 0.0775 0.11777777777777777
1 0.35625 0.3811111111111111 0.07 0.12222222222222222
0 0.298125 0.5755555555555556 0.12375 0.1288888888888889
0 0.431875 0.4588888888888889 0.09625 0.14888888888888888
0 0.579375 0.2111111111111111 0.05125 0.09333333333333334
0 0.6575 0.25222222222222224 0.0525 0.08666666666666667
1 0.173125 0.2966666666666667 0.05625 0.10444444444444445
0 0.7825 0.24444444444444444 0.05 0.08444444444444445
0 0.295 0.22111111111111112 0.05 0.08222222222222222
0 0.21 0.2544444444444444 0.0525 0.09555555555555556
0 0.475625 0.19 0.06875 0.08222222222222222
0 0.45 0.32222222222222224 0.08 0.11555555555555555
0 0.615625 0.47 0.12375 0.12666666666666668
0 0.8525 0.3333333333333333 0.085 0.10222222222222223
0 0.45125 0.37777777777777777 0.09 0.12
0 0.419375 0.18666666666666668 0.04375 0.08
0 0.931875 0.34444444444444444 0.05875 0.09333333333333334
0 0.319375 0.46444444444444444 0.10875 0.1511111111111111
0 0.973125 0.39 0.05125 0.12666666666666668
0 0.23375 0.2311111111111111 0.045 0.08444444444444445
1 0.385 0.25222222222222224 0.055 0.08666666666666667
0 0.8925 0.2833333333333333 0.0675 0.09555555555555556
1 0.370625 0.3211111111111111 0.07375 0.11777777777777777
1 0.69 0.30777777777777776 0.075 0.12666666666666668
0 0.46125 0.2788888888888889 0.07 0.09555555555555556
0 0.645625 0.19777777777777777 0.05125 0.08888888888888889
0 0.42375 0.56 0.1175 0.16444444444444445
0 0.855625 0.25333333333333335 0.05875 0.09777777777777778
0 0.0925 0.5511111111111111 0.1025 0.1688888888888889
0 0.804375 0.2722222222222222 0.07125 0.13111111111111112
0 0.040625 0.4822222222222222 0.08125 0.1111111111111111
