0 0.46 0.2833333333333333 0.0675 0.1
0 0.4525 0.3811111111111111 0.09 0.12222222222222222
1 0.318125 0.4633333333333333 0.10875 0.15333333333333332
0 0.451875 0.31444444444444447 0.07875 0.12222222222222222
0 0.295 0.22333333333333333 0.05 0.08222222222222222
0 0.699375 0.39444444444444443 0.08875 0.09555555555555556
0 0.781875 0.24444444444444444 0.04875 0.08444444444444445
0 0.931875 0.34 0.05375 0.09777777777777778
0 0.210625 0.25666666666666665 0.05125 0.09555555555555556
0 0.89125 0.2866666666666667 0.0675 0.09333333333333334
0 0.099375 0.3988888888888889 0.08875 0.1
0 0.04 0.4811111111111111 0.08 0.10888888888888888
0 0.606875 0.38555555555555554 0.09125 0.11333333333333333
0 0.298125 0.5733333333333334 0.11875 0.13333333333333333
1 0.355625 0.3788888888888889 0.07375 0.12666666666666668
0 0.804375 0.2733333333333333 0.07375 0.1288888888888889
2 0.1425 0.3277777777777778 0.07 0.12666666666666668
0 0.419375 0.18777777777777777 0.04375 0.07777777777777778
0 0.610625 0.32222222222222224 0.08625 0.10222222222222223
0 0.85125 0.33444444444444443 0.085 0.10444444444444445
0 0.244375 0.2966666666666667 0.06625 0.08666666666666667
0 0.579375 0.20666666666666667 0.05125 0.10222222222222223
0 0.475625 0.1922222222222222 0.06875 0.08222222222222222
0 0.423125 0.56 0.11875 0.16444444444444445
0 0.23375 0.2311111111111111 0.045 0.08444444444444445
0 0.929375 0.4677777777777778 0.10625 0.16666666666666666
0 0.879375 0.3877777777777778 0.07875 0.13555555555555557
0 0.090625 0.5544444444444444 0.10875 0.16666666666666666
0 0.6575 0.25333333333333335 0.0525 0.09333333333333334
0 0.4325 0.4588888888888889 0.095 0.14888888888888888
0 0.195 0.39555555555555555 0.085 0.1111111111111111
0 0.590625 0.27 0.07125 0.09555555555555556
0 0.855 0.25222222222222224 0.06 0.09555555555555556
0 0.1425 0.4766666666666667 0.0875 0.11777777777777777
0 0.371875 0.32 0.07125 0.11555555555555555
1 0.69 0.30666666666666664 0.075 0.1288888888888889
0 0.385625 0.2511111111111111 0.05625 0.08
2 0.176875 0.29444444444444445 0.05125 0.11333333333333333
0 0.225 0.3322222222222222 0.07 0.10444444444444445
0 0.61625 0.4688888888888889 0.1225 0.12444444444444444
0 0.269375 0.25 0.04125 0.09555555555555556
0 0.64375 0.19555555555555557 0.05 0.08444444444444445
0 0.769375 0.21444444444444444 0.05625 0.08222222222222222
