0 0.435625 0.4588888888888889 0.09125 0.13555555555555557
0 0.37625 0.3233333333333333 0.07 0.10444444444444445
0 0.385 0.25 0.0625 0.07777777777777778
0 0.934375 0.34 0.06875 0.08888888888888889
0 0.933125 0.46444444444444444 0.10125 0.17777777777777778
0 0.58 0.18555555555555556 0.0575 0.08222222222222222
0 0.7125 0.4 0.0925 0.09777777777777778
0 0.47875 0.18777777777777777 0.0625 0.07777777777777778
0 0.095625 0.3933333333333333 0.07875 0.1111111111111111
0 0.35125 0.38555555555555554 0.085 0.11777777777777777
0 0.801875 0.27555555555555555 0.07625 0.12444444444444444
0 0.245625 0.29555555555555557 0.06375 0.08888888888888889
1 0.690625 0.3088888888888889 0.07125 0.13333333333333333
1 0.60375 0.3111111111111111 0.095 0.1288888888888889
0 0.610625 0.4577777777777778 0.11375 0.14222222222222222
1 0.589375 0.25222222222222224 0.06875 0.12222222222222222
0 0.775625 0.5688888888888889 0.12625 0.16
0 0.23375 0.22666666666666666 0.04 0.08444444444444445
0 0.331875 0.47555555555555556 0.09875 0.12
0 0.29375 0.2222222222222222 0.0525 0.08
0 0.0375 0.4722222222222222 0.075 0.13111111111111112
0 0.270625 0.25333333333333335 0.05625 0.08888888888888889
0 0.195 0.4011111111111111 0.0825 0.09555555555555556
0 0.97125 0.39111111111111113 0.055 0.12444444444444444
0 0.64875 0.5644444444444444 0.13 0.17333333333333334
0 0.089375 0.5622222222222222 0.11375 0.1511111111111111
0 0.45125 0.3811111111111111 0.095 0.11333333333333333
0 0.20375 0.2611111111111111 0.0525 0.08222222222222222
0 0.641875 0.2088888888888889 0.05625 0.07555555555555556
0 0.45125 0.3233333333333333 0.0825 0.09555555555555556
0 0.42125 0.18888888888888888 0.0475 0.08
0 0.174375 0.30444444444444446 0.05875 0.07555555555555556
0 0.836875 0.22333333333333333 0.03625 0.06
0 0.60625 0.38222222222222224 0.0925 0.1111111111111111
0 0.850625 0.3322222222222222 0.08125 0.10444444444444445
0 0.89375 0.2866666666666667 0.055 0.09777777777777778
0 0.4775 0.21888888888888888 0.055 0.07777777777777778
0 0.38625 0.2811111111111111 0.0625 0.07777777777777778
0 0.30125 0.5711111111111111 0.1175 0.13333333333333333
0 0.428125 0.5588888888888889 0.12875 0.1622222222222222
0 0.885625 0.40555555555555556 0.08625 0.1
0 0.22125 0.3377777777777778 0.075 0.09777777777777778
0 0.855625 0.25666666666666665 0.05625 0.08666666666666667
0 0.783125 0.24555555555555555 0.05125 0.08666666666666667
0 0.76875 0.21444444444444444 0.055 0.08222222222222222
0 0.74125 0.4811111111111111 0.095 0.11333333333333333
