1 0.5925 0.27111111111111114 0.0625 0.09333333333333334
0 0.895 0.2866666666666667 0.0625 0.10666666666666667
0 0.29875 0.5688888888888889 0.1175 0.13777777777777778
0 0.20625 0.2633333333333333 0.0425 0.08222222222222222
0 0.80375 0.2733333333333333 0.0675 0.1288888888888889
0 0.22125 0.3333333333333333 0.0675 0.10222222222222223
0 0.73375 0.4822222222222222 0.0875 0.12
0 0.38625 0.2833333333333333 0.06 0.07777777777777778
0 0.93375 0.4622222222222222 0.1025 0.17777777777777778
0 0.420625 0.18777777777777777 0.04625 0.08222222222222222
0 0.096875 0.3933333333333333 0.08375 0.10666666666666667
0 0.450625 0.32222222222222224 0.08625 0.09777777777777778
0 0.359375 0.38555555555555554 0.07375 0.11777777777777777
0 0.71375 0.4 0.095 0.09777777777777778
0 0.415 0.21222222222222223 0.0425 0.07333333333333333
0 0.884375 0.4066666666666667 0.08625 0.10222222222222223
0 0.450625 0.38222222222222224 0.09875 0.1111111111111111
0 0.64875 0.5666666666666667 0.1325 0.17333333333333334
0 0.2925 0.22 0.05 0.08444444444444445
0 0.09375 0.5577777777777778 0.1075 0.16
0 0.69 0.30777777777777776 0.0775 0.13555555555555557
0 0.77625 0.5533333333333333 0.125 0.19111111111111112
1 0.586875 0.22 0.05375 0.08
2 0.6075 0.36777777777777776 0.0875 0.14
0 0.373125 0.33 0.07875 0.09111111111111111
1 0.175 0.2922222222222222 0.055 0.10888888888888888
0 0.78375 0.2388888888888889 0.0525 0.10444444444444445
0 0.766875 0.21222222222222223 0.05375 0.07777777777777778
0 0.85375 0.26 0.0575 0.08888888888888889
0 0.8525 0.33444444444444443 0.0825 0.1
0 0.38375 0.2511111111111111 0.06 0.07111111111111111
0 0.03875 0.4822222222222222 0.0775 0.1111111111111111
1 0.645 0.18888888888888888 0.055 0.09777777777777778
0 0.320625 0.46111111111111114 0.11125 0.16666666666666666
0 0.2325 0.22444444444444445 0.0425 0.08
1 0.649375 0.21777777777777776 0.05625 0.09333333333333334
0 0.478125 0.21 0.05625 0.08666666666666667
0 0.8375 0.22333333333333333 0.0375 0.06
0 0.97125 0.3888888888888889 0.055 0.1288888888888889
0 0.43125 0.5644444444444444 0.1275 0.1688888888888889
0 0.14375 0.4666666666666667 0.0825 0.12444444444444444
1 0.608125 0.3188888888888889 0.08125 0.12666666666666668
1 0.611875 0.45555555555555555 0.11375 0.1511111111111111
0 0.934375 0.33555555555555555 0.06625 0.07555555555555556
0 0.14 0.3377777777777778 0.065 0.10666666666666667
0 0.271875 0.25555555555555554 0.05125 0.08888888888888889
0 0.435 0.46 0.095 0.13333333333333333
0 0.19375 0.4 0.08 0.10222222222222223
0 0.243125 0.29 0.05625 0.09111111111111111
