1 0.588125 0.22666666666666666 0.05125 0.09777777777777778
0 0.478125 0.19111111111111112 0.06125 0.07111111111111111
0 0.435625 0.46111111111111114 0.09375 0.13111111111111112
0 0.095 0.5555555555555556 0.1075 0.16444444444444445
0 0.1425 0.4688888888888889 0.085 0.12444444444444444
0 0.97125 0.3888888888888889 0.055 0.13333333333333333
0 0.38125 0.2822222222222222 0.0675 0.08444444444444445
0 0.1375 0.3322222222222222 0.07 0.11333333333333333
1 0.6425 0.18333333333333332 0.0575 0.09111111111111111
0 0.776875 0.5544444444444444 0.12125 0.18888888888888888
0 0.3725 0.33111111111111113 0.0775 0.08888888888888889
0 0.174375 0.30444444444444446 0.05375 0.09777777777777778
1 0.299375 0.56 0.11625 0.16
0 0.88375 0.4088888888888889 0.0825 0.09777777777777778
0 0.808125 0.27111111111111114 0.06375 0.12444444444444444
0 0.205 0.26222222222222225 0.0475 0.08
0 0.2925 0.22 0.05 0.08444444444444445
0 0.45125 0.38333333333333336 0.0975 0.10888888888888888
0 0.854375 0.2577777777777778 0.05625 0.08444444444444445
0 0.6475 0.5666666666666667 0.13 0.1688888888888889
0 0.851875 0.33666666666666667 0.08375 0.1
1 0.778125 0.2388888888888889 0.05125 0.10444444444444445
0 0.0975 0.3933333333333333 0.085 0.10666666666666667
2 0.691875 0.3111111111111111 0.07375 0.12
0 0.89375 0.28888888888888886 0.065 0.10222222222222223
1 0.605 0.31333333333333335 0.0875 0.13333333333333333
0 0.2225 0.33555555555555555 0.0725 0.10222222222222223
0 0.3575 0.38666666666666666 0.075 0.11555555555555555
2 0.606875 0.36777777777777776 0.08625 0.13555555555555557
0 0.836875 0.22333333333333333 0.03625 0.06
0 0.47375 0.22 0.0575 0.07111111111111111
0 0.231875 0.22555555555555556 0.04375 0.08222222222222222
0 0.934375 0.3377777777777778 0.06375 0.07555555555555556
2 0.615 0.45222222222222225 0.115 0.15333333333333332
0 0.711875 0.3988888888888889 0.09125 0.1
0 0.194375 0.4 0.08375 0.10222222222222223
0 0.038125 0.4811111111111111 0.07625 0.11333333333333333
0 0.241875 0.29555555555555557 0.05625 0.08888888888888889
0 0.45 0.32222222222222224 0.0875 0.09777777777777778
0 0.93375 0.4633333333333333 0.1025 0.17555555555555555
0 0.42875 0.5644444444444444 0.1275 0.16444444444444445
0 0.32 0.46555555555555556 0.11 0.14888888888888888
0 0.271875 0.25333333333333335 0.05375 0.09333333333333334
0 0.7325 0.4777777777777778 0.0875 0.12
0 0.38625 0.2577777777777778 0.065 0.06666666666666667
