0 0.9275 0.33666666666666667 0.065 0.07777777777777778
0 0.45625 0.2788888888888889 0.075 0.08666666666666667
2 0.69375 0.3111111111111111 0.075 0.12444444444444444
2 0.609375 0.37 0.08625 0.13111111111111112
0 0.2925 0.2222222222222222 0.05 0.08
0 0.174375 0.31333333333333335 0.04875 0.07555555555555556
2 0.6375 0.18222222222222223 0.0475 0.08888888888888889
0 0.7275 0.4666666666666667 0.0925 0.15555555555555556
0 0.385625 0.24666666666666667 0.06375 0.08444444444444445
0 0.378125 0.3244444444444444 0.07375 0.10222222222222223
0 0.896875 0.2866666666666667 0.05375 0.09777777777777778
0 0.4525 0.3277777777777778 0.0825 0.09111111111111111
0 0.645625 0.5666666666666667 0.12875 0.1688888888888889
0 0.096875 0.39555555555555555 0.08625 0.10666666666666667
0 0.454375 0.38 0.08625 0.1288888888888889
0 0.204375 0.26222222222222225 0.05875 0.08444444444444445
0 0.248125 0.2877777777777778 0.06125 0.09555555555555556
0 0.933125 0.4633333333333333 0.09625 0.18
0 0.426875 0.5666666666666667 0.13125 0.15555555555555556
0 0.706875 0.39555555555555555 0.09125 0.09333333333333334
0 0.770625 0.21 0.06125 0.08666666666666667
0 0.134375 0.47444444444444445 0.10125 0.12222222222222222
0 0.09125 0.5622222222222222 0.105 0.14666666666666667
1 0.43 0.45555555555555555 0.105 0.17333333333333334
0 0.1925 0.4011111111111111 0.0825 0.10444444444444445
2 0.14125 0.3277777777777778 0.07 0.12222222222222222
2 0.9675 0.38666666666666666 0.06 0.13777777777777778
0 0.298125 0.57 0.11875 0.13555555555555557
2 0.615 0.45666666666666667 0.115 0.16666666666666666
2 0.594375 0.26222222222222225 0.06875 0.11555555555555555
0 0.830625 0.23222222222222222 0.04375 0.07333333333333333
0 0.883125 0.4033333333333333 0.08125 0.10444444444444445
2 0.32 0.46 0.1075 0.16444444444444445
0 0.0375 0.47444444444444445 0.075 0.11777777777777777
0 0.805 0.2833333333333333 0.08 0.1
2 0.36125 0.38 0.065 0.13333333333333333
0 0.850625 0.3233333333333333 0.07875 0.13111111111111112
1 0.576875 0.22 0.05125 0.07555555555555556
1 0.774375 0.5555555555555556 0.12375 0.18666666666666668
0 0.78375 0.24222222222222223 0.0525 0.08444444444444445
2 0.605625 0.31555555555555553 0.08125 0.12
0 0.27125 0.25555555555555554 0.055 0.08444444444444445
2 0.578125 0.17444444444444446 0.05625 0.09111111111111111
0 0.225625 0.33111111111111113 0.07625 0.1111111111111111
