2 0.25125 0.28555555555555556 0.055 0.1
0 0.094375 0.5644444444444444 0.09375 0.1511111111111111
1 0.593125 0.27 0.06875 0.1
2 0.143125 0.3277777777777778 0.05875 0.11777777777777777
1 0.42625 0.5455555555555556 0.1125 0.19333333333333333
0 0.80125 0.2777777777777778 0.0725 0.12444444444444444
1 0.854375 0.3211111111111111 0.08125 0.13555555555555557
1 0.60875 0.32222222222222224 0.085 0.12
1 0.96875 0.38555555555555554 0.0575 0.12222222222222222
1 0.610625 0.37333333333333335 0.07375 0.12
2 0.22625 0.32555555555555554 0.07 0.12222222222222222
2 0.930625 0.31777777777777777 0.06375 0.1288888888888889
2 0.580625 0.17888888888888888 0.05375 0.1
0 0.88625 0.3933333333333333 0.085 0.11555555555555555
1 0.299375 0.5588888888888889 0.11375 0.17555555555555555
0 0.936875 0.4622222222222222 0.09875 0.17333333333333334
1 0.6725 0.26555555555555554 0.055 0.11777777777777777
1 0.383125 0.2611111111111111 0.05875 0.1
2 0.194375 0.3788888888888889 0.07875 0.13555555555555557
1 0.8925 0.28 0.0475 0.1111111111111111
5 0.810625 0.17444444444444446 0.06125 0.14
1 0.713125 0.3844444444444444 0.07875 0.12
1 0.429375 0.4622222222222222 0.10375 0.1511111111111111
2 0.689375 0.3111111111111111 0.06125 0.12
1 0.646875 0.2222222222222222 0.05125 0.10666666666666667
1 0.096875 0.38666666666666666 0.07875 0.12
2 0.2325 0.22333333333333333 0.0425 0.09555555555555556
2 0.64375 0.18888888888888888 0.05 0.10222222222222223
1 0.854375 0.2477777777777778 0.05125 0.1
1 0.040625 0.46 0.07375 0.13333333333333333
2 0.179375 0.2866666666666667 0.04625 0.09333333333333334
0 0.325 0.4722222222222222 0.0975 0.13111111111111112
1 0.356875 0.38 0.07375 0.12444444444444444
1 0.2925 0.21333333333333335 0.0525 0.09777777777777778
2 0.478125 0.18 0.05875 0.09333333333333334
1 0.141875 0.4666666666666667 0.08625 0.13333333333333333
1 0.27 0.25222222222222224 0.0425 0.09111111111111111
0 0.455 0.37777777777777777 0.0875 0.12444444444444444
1 0.375 0.3111111111111111 0.0725 0.11555555555555555
1 0.729375 0.45444444444444443 0.08125 0.14444444444444443
2 0.68 0.28555555555555556 0.0575 0.11777777777777777
2 0.781875 0.5444444444444444 0.10625 0.18666666666666668
0 0.450625 0.31666666666666665 0.08625 0.11333333333333333
1 0.611875 0.45555555555555555 0.09875 0.16444444444444445
