0 0.431875 0.4622222222222222 0.10625 0.15555555555555556
1 0.85875 0.24666666666666667 0.0525 0.10222222222222223
0 0.449375 0.32 0.08625 0.1111111111111111
1 0.851875 0.33444444444444443 0.08625 0.11777777777777777
0 0.714375 0.38222222222222224 0.07875 0.11555555555555555
1 0.1925 0.38555555555555554 0.09 0.12222222222222222
0 0.80375 0.27555555555555555 0.0675 0.13333333333333333
1 0.610625 0.3233333333333333 0.08375 0.12666666666666668
2 0.18 0.2877777777777778 0.0525 0.10888888888888888
0 0.38875 0.2633333333333333 0.05 0.09555555555555556
1 0.648125 0.2311111111111111 0.04625 0.11555555555555555
2 0.414375 0.2222222222222222 0.04125 0.08888888888888889
2 0.780625 0.5444444444444444 0.11375 0.19111111111111112
2 0.93 0.32222222222222224 0.065 0.1288888888888889
1 0.9675 0.38666666666666666 0.0625 0.12444444444444444
0 0.225625 0.33555555555555555 0.07125 0.10222222222222223
2 0.143125 0.3322222222222222 0.06125 0.11777777777777777
0 0.93875 0.4688888888888889 0.0975 0.16
0 0.249375 0.2911111111111111 0.05875 0.09333333333333334
0 0.13875 0.4711111111111111 0.0925 0.13777777777777778
1 0.30375 0.56 0.1225 0.18222222222222223
1 0.360625 0.37777777777777777 0.07125 0.12444444444444444
1 0.590625 0.27666666666666667 0.06625 0.10444444444444445
0 0.730625 0.4666666666666667 0.08875 0.13333333333333333
1 0.099375 0.3888888888888889 0.08125 0.11555555555555555
1 0.225 0.33666666666666667 0.0725 0.10444444444444445
1 0.42875 0.5477777777777778 0.1125 0.18888888888888888
2 0.210625 0.26666666666666666 0.04375 0.09777777777777778
2 0.48 0.1811111111111111 0.0575 0.09555555555555556
0 0.329375 0.47555555555555556 0.09125 0.13333333333333333
5 0.814375 0.1711111111111111 0.05875 0.13777777777777778
2 0.689375 0.31333333333333335 0.06125 0.12
1 0.671875 0.2677777777777778 0.05625 0.11333333333333333
1 0.610625 0.37666666666666665 0.07375 0.12222222222222222
0 0.37125 0.31333333333333335 0.075 0.12
0 0.455 0.3811111111111111 0.09 0.12666666666666668
1 0.293125 0.21888888888888888 0.05125 0.09555555555555556
1 0.888125 0.2811111111111111 0.04625 0.10888888888888888
1 0.60625 0.46444444444444444 0.0975 0.16
0 0.885625 0.3977777777777778 0.08375 0.12
1 0.03875 0.4666666666666667 0.07 0.13333333333333333
1 0.091875 0.5688888888888889 0.09625 0.14666666666666667
1 0.26875 0.2544444444444444 0.045 0.09111111111111111
