1 0.294375 0.21777777777777776 0.05125 0.09777777777777778
0 0.325 0.47333333333333333 0.0975 0.1288888888888889
1 0.13875 0.33666666666666667 0.0675 0.11777777777777777
0 0.139375 0.47 0.09375 0.13555555555555557
2 0.8025 0.2722222222222222 0.065 0.13555555555555557
1 0.4325 0.4577777777777778 0.105 0.16
1 0.936875 0.4666666666666667 0.09875 0.17777777777777778
0 0.093125 0.5677777777777778 0.09625 0.14888888888888888
1 0.1925 0.38666666666666666 0.0875 0.12
0 0.729375 0.4666666666666667 0.08875 0.13333333333333333
1 0.6725 0.27 0.0575 0.11333333333333333
1 0.2675 0.2544444444444444 0.0475 0.09111111111111111
2 0.69 0.31222222222222223 0.06 0.12222222222222222
1 0.38875 0.26666666666666666 0.05 0.09777777777777778
1 0.30375 0.5622222222222222 0.1175 0.18222222222222223
0 0.224375 0.33666666666666667 0.06875 0.10444444444444445
1 0.610625 0.37666666666666665 0.07125 0.12222222222222222
1 0.885625 0.3977777777777778 0.07875 0.1288888888888889
0 0.24875 0.29 0.06 0.09111111111111111
1 0.968125 0.3877777777777778 0.06125 0.12666666666666668
2 0.210625 0.26555555555555554 0.04375 0.09555555555555556
1 0.356875 0.3844444444444444 0.07375 0.1288888888888889
1 0.888125 0.2811111111111111 0.05125 0.11777777777777777
1 0.765625 0.20666666666666667 0.05375 0.10222222222222223
1 0.451875 0.31222222222222223 0.07875 0.12222222222222222
1 0.6075 0.46444444444444444 0.1 0.1688888888888889
1 0.785625 0.5555555555555556 0.11125 0.18666666666666668
1 0.59375 0.2688888888888889 0.0675 0.08888888888888889
0 0.714375 0.38555555555555554 0.08375 0.12666666666666668
1 0.428125 0.5277777777777778 0.10875 0.18888888888888888
1 0.926875 0.32 0.06375 0.1288888888888889
1 0.610625 0.32666666666666666 0.08375 0.12444444444444444
1 0.370625 0.31222222222222223 0.07625 0.12222222222222222
1 0.225625 0.33666666666666667 0.07625 0.10888888888888888
2 0.468125 0.22444444444444445 0.04875 0.08
2 0.48 0.1811111111111111 0.06 0.09111111111111111
2 0.17625 0.28555555555555556 0.055 0.12222222222222222
0 0.0375 0.47 0.0725 0.13111111111111112
1 0.85375 0.3288888888888889 0.0825 0.1288888888888889
1 0.455 0.38222222222222224 0.0875 0.12444444444444444
5 0.815 0.19111111111111112 0.06 0.18222222222222223
2 0.233125 0.22 0.03625 0.08888888888888889
0 0.1 0.3988888888888889 0.0825 0.10444444444444445
2 0.414375 0.22 0.04125 0.08444444444444445
