1 0.6875 0.31222222222222223 0.0575 0.11777777777777777
2 0.47625 0.1811111111111111 0.065 0.09555555555555556
1 0.765 0.20444444444444446 0.055 0.10222222222222223
1 0.608125 0.3188888888888889 0.08375 0.12222222222222222
1 0.385 0.2633333333333333 0.0525 0.09555555555555556
2 0.67 0.2633333333333333 0.0525 0.11333333333333333
2 0.88375 0.2722222222222222 0.04 0.10444444444444445
1 0.729375 0.4677777777777778 0.09625 0.14
1 0.26375 0.25 0.045 0.09111111111111111
1 0.85125 0.32555555555555554 0.0725 0.12222222222222222
1 0.6475 0.5677777777777778 0.1225 0.18
1 0.219375 0.3322222222222222 0.06625 0.10888888888888888
1 0.293125 0.21666666666666667 0.05375 0.09111111111111111
2 0.636875 0.18888888888888888 0.04125 0.09333333333333334
1 0.359375 0.3811111111111111 0.07125 0.12222222222222222
1 0.321875 0.45666666666666667 0.11375 0.14444444444444443
2 0.176875 0.2922222222222222 0.04875 0.10444444444444445
1 0.194375 0.3877777777777778 0.08125 0.11333333333333333
1 0.36875 0.31777777777777777 0.08 0.1288888888888889
1 0.58875 0.2644444444444444 0.065 0.09777777777777778
2 0.68875 0.31222222222222223 0.06 0.11777777777777777
2 0.208125 0.25555555555555554 0.03875 0.08444444444444445
2 0.141875 0.46555555555555556 0.08125 0.13555555555555557
1 0.105 0.38555555555555554 0.0625 0.12666666666666668
1 0.586875 0.22444444444444445 0.06125 0.08888888888888889
1 0.775 0.5455555555555556 0.125 0.18888888888888888
1 0.45375 0.3111111111111111 0.0775 0.12
2 0.71125 0.3711111111111111 0.085 0.14666666666666667
2 0.848125 0.24888888888888888 0.04875 0.10666666666666667
2 0.64625 0.2222222222222222 0.045 0.12
1 0.301875 0.5588888888888889 0.11375 0.17555555555555555
2 0.141875 0.33111111111111113 0.05875 0.1288888888888889
2 0.578125 0.17666666666666667 0.05375 0.09555555555555556
1 0.45375 0.3811111111111111 0.0875 0.12666666666666668
1 0.615 0.45666666666666667 0.115 0.15777777777777777
1 0.4275 0.55 0.1125 0.1711111111111111
1 0.966875 0.38555555555555554 0.06125 0.13111111111111112
1 0.24125 0.2866666666666667 0.0575 0.09777777777777778
1 0.43 0.46 0.1 0.1511111111111111
2 0.234375 0.21888888888888888 0.03625 0.08666666666666667
5 0.899375 0.3844444444444444 0.08875 0.26666666666666666
1 0.609375 0.36444444444444446 0.08875 0.13777777777777778
2 0.799375 0.27 0.06125 0.14444444444444443
2 0.4625 0.23 0.05 0.08666666666666667
