1 0.589375 0.27 0.06375 0.09555555555555556
1 0.134375 0.4666666666666667 0.09625 0.13777777777777778
1 0.22 0.3333333333333333 0.065 0.1111111111111111
1 0.425 0.5488888888888889 0.1125 0.17333333333333334
2 0.419375 0.17777777777777778 0.04125 0.10222222222222223
1 0.609375 0.32222222222222224 0.08625 0.13777777777777778
1 0.300625 0.5577777777777778 0.11625 0.17777777777777778
2 0.8 0.2688888888888889 0.0625 0.14222222222222222
2 0.236875 0.22 0.03625 0.08888888888888889
2 0.295625 0.21555555555555556 0.05125 0.09333333333333334
0 0.368125 0.32 0.08125 0.12444444444444444
2 0.644375 0.20444444444444446 0.04375 0.09777777777777778
0 0.38625 0.2644444444444444 0.055 0.09777777777777778
2 0.1425 0.33111111111111113 0.06 0.1288888888888889
1 0.2425 0.29 0.055 0.09111111111111111
2 0.208125 0.2544444444444444 0.04125 0.08666666666666667
1 0.85 0.32666666666666666 0.07 0.1111111111111111
5 0.89875 0.39 0.0875 0.26
1 0.3575 0.38 0.0725 0.12
1 0.649375 0.23555555555555555 0.04625 0.10222222222222223
1 0.61625 0.45666666666666667 0.115 0.15333333333333332
1 0.195 0.3888888888888889 0.0775 0.1111111111111111
1 0.764375 0.20444444444444446 0.05375 0.10222222222222223
1 0.43 0.46111111111111114 0.0975 0.14888888888888888
1 0.265 0.2511111111111111 0.0475 0.09333333333333334
1 0.93875 0.31333333333333335 0.04 0.11555555555555555
1 0.70875 0.38555555555555554 0.085 0.12666666666666668
1 0.6475 0.5688888888888889 0.1225 0.18222222222222223
1 0.453125 0.31555555555555553 0.07875 0.12444444444444444
1 0.3675 0.3188888888888889 0.08 0.13111111111111112
2 0.775 0.5466666666666666 0.1225 0.19111111111111112
1 0.68875 0.3111111111111111 0.06 0.11555555555555555
1 0.0975 0.38555555555555554 0.0775 0.12222222222222222
1 0.61125 0.37333333333333335 0.085 0.12
1 0.851875 0.25 0.05375 0.1
2 0.67 0.2644444444444444 0.055 0.1111111111111111
1 0.451875 0.37666666666666665 0.08375 0.14
2 0.476875 0.1811111111111111 0.06375 0.09555555555555556
2 0.17625 0.2911111111111111 0.0475 0.09777777777777778
1 0.584375 0.22 0.05625 0.08444444444444445
2 0.969375 0.38666666666666666 0.05875 0.13777777777777778
2 0.414375 0.22 0.04125 0.08444444444444445
1 0.3225 0.46 0.115 0.14666666666666667
1 0.5775 0.17555555555555555 0.0525 0.08888888888888889
1 0.72625 0.4688888888888889 0.0925 0.14666666666666667
