2 0.965625 0.39 0.06625 0.13555555555555557
1 0.195 0.3888888888888889 0.0825 0.12
1 0.8525 0.2477777777777778 0.0525 0.1
2 0.178125 0.29333333333333333 0.04875 0.10222222222222223
5 0.881875 0.3655555555555556 0.09125 0.26
1 0.59 0.26666666666666666 0.065 0.1111111111111111
1 0.42875 0.5522222222222222 0.1125 0.18
1 0.22125 0.33666666666666667 0.0625 0.10888888888888888
2 0.648125 0.21444444444444444 0.04875 0.09555555555555556
2 0.14375 0.33444444444444443 0.06 0.11777777777777777
2 0.4625 0.2311111111111111 0.05 0.09333333333333334
1 0.689375 0.31444444444444447 0.06125 0.11777777777777777
1 0.6125 0.37555555555555553 0.085 0.11555555555555555
2 0.454375 0.31444444444444447 0.07875 0.13111111111111112
1 0.27 0.25222222222222224 0.045 0.09555555555555556
2 0.37 0.31666666666666665 0.085 0.13555555555555557
2 0.2375 0.2222222222222222 0.0425 0.09333333333333334
2 0.41625 0.22333333333333333 0.0425 0.08666666666666667
2 0.61 0.3288888888888889 0.09 0.14222222222222222
1 0.24375 0.29333333333333333 0.06 0.09333333333333334
2 0.670625 0.2644444444444444 0.05625 0.12
1 0.64 0.19111111111111112 0.045 0.09777777777777778
1 0.6475 0.5722222222222222 0.125 0.18444444444444444
0 0.713125 0.3877777777777778 0.09125 0.12666666666666668
2 0.579375 0.21666666666666667 0.04875 0.08222222222222222
1 0.774375 0.5477777777777778 0.12125 0.18888888888888888
2 0.47875 0.18333333333333332 0.0625 0.09111111111111111
1 0.3 0.5611111111111111 0.12 0.18
2 0.295625 0.21888888888888888 0.04875 0.09111111111111111
1 0.61875 0.4588888888888889 0.115 0.1622222222222222
2 0.80125 0.27111111111111114 0.06 0.14222222222222222
1 0.099375 0.38666666666666666 0.07375 0.12
2 0.4225 0.17444444444444446 0.0425 0.10444444444444445
1 0.729375 0.4711111111111111 0.09125 0.14666666666666667
1 0.35875 0.3844444444444444 0.0725 0.12444444444444444
2 0.58 0.17666666666666667 0.055 0.09111111111111111
1 0.138125 0.4677777777777778 0.09375 0.13111111111111112
2 0.208125 0.25555555555555554 0.04125 0.08444444444444445
1 0.429375 0.45666666666666667 0.10125 0.15777777777777777
2 0.934375 0.3188888888888889 0.04625 0.12222222222222222
1 0.455 0.3788888888888889 0.08 0.13111111111111112
1 0.76375 0.20666666666666667 0.055 0.10222222222222223
0 0.32375 0.46 0.12 0.14666666666666667
