2 0.931875 0.32 0.05625 0.1288888888888889
2 0.8 0.26666666666666666 0.0625 0.13333333333333333
2 0.609375 0.31555555555555553 0.08625 0.1288888888888889
2 0.578125 0.17666666666666667 0.05375 0.09111111111111111
2 0.58875 0.27 0.0575 0.10888888888888888
2 0.829375 0.21666666666666667 0.03125 0.07777777777777778
2 0.21875 0.3322222222222222 0.065 0.10888888888888888
0 0.931875 0.4722222222222222 0.11875 0.14888888888888888
2 0.711875 0.3711111111111111 0.07625 0.14666666666666667
1 0.300625 0.5577777777777778 0.11625 0.17333333333333334
1 0.43 0.45666666666666667 0.0975 0.15333333333333332
2 0.2075 0.2544444444444444 0.0475 0.08666666666666667
1 0.453125 0.37777777777777777 0.07625 0.13333333333333333
1 0.425625 0.5455555555555556 0.11125 0.17555555555555555
2 0.725625 0.4533333333333333 0.08875 0.16
2 0.87875 0.3844444444444444 0.0775 0.15555555555555556
2 0.14375 0.33111111111111113 0.055 0.12444444444444444
2 0.964375 0.38666666666666666 0.07125 0.13777777777777778
2 0.66875 0.2644444444444444 0.055 0.12
2 0.764375 0.20555555555555555 0.05375 0.1
2 0.4525 0.3111111111111111 0.0775 0.1288888888888889
2 0.36 0.37666666666666665 0.07 0.14
2 0.16875 0.2866666666666667 0.0525 0.10666666666666667
2 0.236875 0.21777777777777776 0.03375 0.08444444444444445
1 0.618125 0.45444444444444443 0.11125 0.16666666666666666
2 0.26375 0.25 0.05 0.1
1 0.138125 0.4633333333333333 0.08625 0.13555555555555557
2 0.583125 0.22 0.05375 0.08888888888888889
2 0.888125 0.2788888888888889 0.04375 0.11333333333333333
2 0.478125 0.18 0.06125 0.09333333333333334
1 0.610625 0.3711111111111111 0.08375 0.12444444444444444
2 0.295625 0.21777777777777776 0.05125 0.09333333333333334
2 0.37125 0.31333333333333335 0.075 0.1288888888888889
1 0.325 0.44 0.1075 0.17777777777777778
1 0.1025 0.38 0.075 0.12444444444444444
2 0.41875 0.17444444444444446 0.045 0.10444444444444445
2 0.688125 0.31222222222222223 0.05625 0.12666666666666668
2 0.84875 0.31666666666666665 0.065 0.13555555555555557
1 0.244375 0.28555555555555556 0.05375 0.1
2 0.775625 0.5455555555555556 0.12375 0.18888888888888888
2 0.786875 0.24333333333333335 0.04625 0.1
1 0.64 0.18666666666666668 0.05 0.09777777777777778
2 0.84875 0.25333333333333335 0.05 0.10666666666666667
1 0.6475 0.5677777777777778 0.1225 0.18444444444444444
2 0.413125 0.22111111111111112 0.04375 0.08666666666666667
1 0.19375 0.39111111111111113 0.0875 0.1111111111111111
