1 0.30375 0.5611111111111111 0.115 0.18
2 0.88875 0.2833333333333333 0.045 0.11777777777777777
2 0.831875 0.21555555555555556 0.03375 0.07555555555555556
2 0.934375 0.4633333333333333 0.10875 0.17555555555555555
3 0.648125 0.5588888888888889 0.12125 0.20222222222222222
1 0.615 0.46 0.105 0.16
2 0.775 0.5477777777777778 0.1225 0.18888888888888888
2 0.414375 0.22111111111111112 0.04375 0.08666666666666667
2 0.669375 0.26666666666666666 0.05375 0.11555555555555555
2 0.209375 0.2577777777777778 0.04375 0.09333333333333334
2 0.879375 0.38555555555555554 0.07375 0.15333333333333332
2 0.23625 0.22333333333333333 0.035 0.09111111111111111
1 0.10625 0.37777777777777777 0.07 0.12444444444444444
2 0.5875 0.2722222222222222 0.0625 0.1
1 0.728125 0.4633333333333333 0.09125 0.15333333333333332
2 0.29625 0.22 0.05 0.09333333333333334
2 0.45375 0.31222222222222223 0.08 0.12666666666666668
2 0.251875 0.28444444444444444 0.05625 0.09777777777777778
1 0.1425 0.4622222222222222 0.08 0.13333333333333333
1 0.194375 0.38666666666666666 0.08125 0.1288888888888889
1 0.649375 0.2088888888888889 0.05375 0.10666666666666667
2 0.225 0.3277777777777778 0.0625 0.11777777777777777
1 0.325 0.4444444444444444 0.115 0.17777777777777778
2 0.420625 0.17555555555555555 0.04375 0.10666666666666667
1 0.45375 0.38 0.08 0.1288888888888889
1 0.61 0.3211111111111111 0.09 0.13555555555555557
1 0.4325 0.4533333333333333 0.0975 0.16444444444444445
2 0.786875 0.24444444444444444 0.04625 0.09777777777777778
2 0.971875 0.38666666666666666 0.05375 0.13777777777777778
2 0.851875 0.2477777777777778 0.05375 0.10888888888888888
1 0.850625 0.32555555555555554 0.06625 0.12222222222222222
1 0.374375 0.31666666666666665 0.07125 0.12666666666666668
2 0.18 0.28888888888888886 0.0525 0.10222222222222223
1 0.388125 0.2644444444444444 0.04875 0.09333333333333334
2 0.479375 0.18222222222222223 0.06625 0.09333333333333334
2 0.70875 0.37444444444444447 0.075 0.14
2 0.8 0.27 0.0625 0.14
1 0.363125 0.37333333333333335 0.07125 0.14222222222222222
2 0.266875 0.25222222222222224 0.04625 0.09111111111111111
1 0.611875 0.37555555555555553 0.08375 0.12
2 0.143125 0.3277777777777778 0.05625 0.12222222222222222
1 0.429375 0.5522222222222222 0.11125 0.18
2 0.6875 0.31444444444444447 0.055 0.12222222222222222
