1 0.648125 0.5644444444444444 0.12375 0.19111111111111112
2 0.1425 0.32666666666666666 0.0575 0.12444444444444444
2 0.82875 0.21333333333333335 0.035 0.08
1 0.451875 0.37777777777777777 0.08125 0.13333333333333333
1 0.140625 0.46111111111111114 0.08375 0.14
2 0.265625 0.24888888888888888 0.04625 0.09333333333333334
1 0.301875 0.5544444444444444 0.11625 0.18
2 0.388125 0.26666666666666666 0.05125 0.10222222222222223
2 0.67125 0.26555555555555554 0.055 0.11333333333333333
2 0.453125 0.31222222222222223 0.07625 0.12666666666666668
2 0.209375 0.2577777777777778 0.04375 0.09333333333333334
2 0.224375 0.32666666666666666 0.06125 0.12
2 0.58375 0.21666666666666667 0.045 0.08666666666666667
2 0.58875 0.26666666666666666 0.0575 0.10222222222222223
1 0.43 0.45111111111111113 0.0975 0.16
2 0.359375 0.37777777777777777 0.07125 0.13333333333333333
1 0.24875 0.28555555555555556 0.0575 0.1
1 0.10625 0.3711111111111111 0.07 0.13333333333333333
2 0.60875 0.31555555555555553 0.09 0.13333333333333333
2 0.411875 0.22111111111111112 0.04625 0.08666666666666667
1 0.324375 0.44333333333333336 0.10875 0.1711111111111111
5 0.03 0.4066666666666667 0.0575 0.18222222222222223
2 0.249375 0.28444444444444444 0.05875 0.10222222222222223
2 0.849375 0.31666666666666665 0.06375 0.13555555555555557
2 0.89 0.2777777777777778 0.0425 0.11555555555555555
2 0.65125 0.24 0.05 0.09333333333333334
2 0.800625 0.2688888888888889 0.06375 0.13777777777777778
2 0.88 0.39111111111111113 0.08 0.14666666666666667
2 0.61125 0.3688888888888889 0.0875 0.1288888888888889
1 0.72625 0.4633333333333333 0.09 0.14888888888888888
2 0.374375 0.31444444444444447 0.07125 0.13555555555555557
2 0.478125 0.18 0.06125 0.09777777777777778
2 0.763125 0.20555555555555555 0.05125 0.10444444444444445
2 0.293125 0.21666666666666667 0.05125 0.09111111111111111
2 0.7775 0.5422222222222223 0.1225 0.19111111111111112
2 0.6175 0.45555555555555555 0.1075 0.16
2 0.97 0.3877777777777778 0.0575 0.13111111111111112
2 0.850625 0.24444444444444444 0.04875 0.10222222222222223
2 0.235 0.22111111111111112 0.035 0.09111111111111111
2 0.641875 0.19555555555555557 0.05125 0.10666666666666667
2 0.179375 0.2866666666666667 0.04875 0.09777777777777778
2 0.191875 0.38222222222222224 0.08125 0.1288888888888889
2 0.42 0.17333333333333334 0.045 0.10222222222222223
1 0.935 0.46 0.1075 0.1688888888888889
2 0.684375 0.31222222222222223 0.05125 0.11777777777777777
2 0.711875 0.36777777777777776 0.08625 0.14444444444444443
2 0.929375 0.3211111111111111 0.05625 0.13111111111111112
2 0.78625 0.2411111111111111 0.045 0.1
1 0.42625 0.5477777777777778 0.1125 0.18
