2 0.929375 0.32555555555555554 0.05875 0.14
2 0.45375 0.31222222222222223 0.08 0.13111111111111112
2 0.670625 0.26555555555555554 0.05625 0.11777777777777777
4 0.095 0.37777777777777777 0.075 0.14666666666666667
2 0.294375 0.22 0.04875 0.09333333333333334
1 0.43125 0.4577777777777778 0.1025 0.16
2 0.578125 0.17888888888888888 0.05125 0.09111111111111111
2 0.236875 0.22 0.03625 0.08888888888888889
0 0.725625 0.47555555555555556 0.08875 0.13333333333333333
2 0.785625 0.24333333333333335 0.04375 0.1
2 0.248125 0.2866666666666667 0.05625 0.10222222222222223
2 0.79875 0.2644444444444444 0.0675 0.13777777777777778
2 0.044375 0.46444444444444444 0.07625 0.14666666666666667
2 0.4225 0.17333333333333334 0.045 0.1111111111111111
2 0.649375 0.5677777777777778 0.12125 0.18888888888888888
2 0.143125 0.33111111111111113 0.05625 0.11555555555555555
2 0.48375 0.18444444444444444 0.0525 0.09333333333333334
1 0.61625 0.46444444444444444 0.1125 0.16
2 0.226875 0.32666666666666666 0.05625 0.11555555555555555
5 0.290625 0.37444444444444447 0.07375 0.20666666666666667
2 0.58875 0.2677777777777778 0.06 0.10888888888888888
2 0.451875 0.37222222222222223 0.08375 0.14444444444444443
2 0.85 0.25222222222222224 0.0525 0.10888888888888888
1 0.61125 0.37444444444444447 0.09 0.12666666666666668
2 0.610625 0.31777777777777777 0.08875 0.12
4 0.715 0.37555555555555553 0.09 0.14666666666666667
2 0.69 0.31222222222222223 0.06 0.11777777777777777
2 0.9625 0.3888888888888889 0.0725 0.14222222222222222
2 0.3875 0.26555555555555554 0.055 0.10888888888888888
2 0.3775 0.31666666666666665 0.0625 0.12666666666666668
1 0.93625 0.4688888888888889 0.1075 0.15555555555555556
2 0.208125 0.2588888888888889 0.04375 0.09111111111111111
2 0.175 0.2822222222222222 0.0525 0.1111111111111111
2 0.88 0.3877777777777778 0.075 0.14888888888888888
2 0.775 0.5455555555555556 0.125 0.19333333333333333
2 0.36125 0.3811111111111111 0.065 0.13555555555555557
2 0.761875 0.20444444444444446 0.05125 0.10666666666666667
2 0.636875 0.18555555555555556 0.04375 0.09111111111111111
2 0.889375 0.2788888888888889 0.04875 0.11333333333333333
1 0.30125 0.5588888888888889 0.1175 0.18444444444444444
4 0.076875 0.5477777777777778 0.10875 0.1622222222222222
2 0.42875 0.5422222222222223 0.1075 0.19111111111111112
2 0.58125 0.21555555555555556 0.045 0.08444444444444445
2 0.64625 0.21666666666666667 0.0525 0.10444444444444445
2 0.850625 0.3233333333333333 0.06875 0.13111111111111112
2 0.413125 0.22111111111111112 0.04625 0.09111111111111111
2 0.83 0.21555555555555556 0.035 0.08444444444444445
2 0.268125 0.25 0.04375 0.09555555555555556
