2 0.6875 0.31 0.06 0.11777777777777777
2 0.2375 0.21777777777777776 0.0375 0.08444444444444445
2 0.179375 0.2811111111111111 0.04875 0.10888888888888888
1 0.075625 0.5488888888888889 0.10375 0.16
1 0.45375 0.31666666666666665 0.075 0.10888888888888888
2 0.775625 0.5455555555555556 0.12125 0.18888888888888888
2 0.7875 0.24444444444444444 0.0475 0.09777777777777778
2 0.2675 0.25 0.045 0.09555555555555556
1 0.706875 0.37 0.08625 0.12222222222222222
2 0.964375 0.38333333333333336 0.07125 0.13555555555555557
2 0.9275 0.32222222222222224 0.06 0.13333333333333333
2 0.725 0.4577777777777778 0.085 0.16
2 0.294375 0.21666666666666667 0.04875 0.09111111111111111
2 0.4525 0.3788888888888889 0.08 0.14
2 0.420625 0.17444444444444446 0.04375 0.10888888888888888
1 0.6475 0.5655555555555556 0.1225 0.18444444444444444
2 0.586875 0.2677777777777778 0.05625 0.1
2 0.43 0.4477777777777778 0.0925 0.16666666666666666
2 0.84875 0.31666666666666665 0.0625 0.13555555555555557
2 0.314375 0.5522222222222222 0.08625 0.18444444444444444
2 0.386875 0.2633333333333333 0.04625 0.1
2 0.616875 0.4588888888888889 0.10625 0.15777777777777777
2 0.88125 0.38555555555555554 0.0775 0.15333333333333332
2 0.478125 0.1811111111111111 0.05875 0.09555555555555556
0 0.041875 0.46444444444444444 0.07625 0.1288888888888889
2 0.635 0.18666666666666668 0.04 0.09333333333333334
2 0.411875 0.2222222222222222 0.04625 0.09333333333333334
2 0.80125 0.2688888888888889 0.065 0.13777777777777778
2 0.223125 0.32666666666666666 0.06375 0.12
2 0.429375 0.5466666666666666 0.10875 0.17777777777777778
1 0.610625 0.37222222222222223 0.08625 0.12222222222222222
1 0.849375 0.24888888888888888 0.04625 0.09777777777777778
1 0.93625 0.4677777777777778 0.1125 0.14888888888888888
2 0.1025 0.36777777777777776 0.0675 0.14888888888888888
2 0.575 0.17666666666666667 0.0475 0.09111111111111111
1 0.323125 0.4488888888888889 0.10625 0.1511111111111111
2 0.58375 0.21777777777777776 0.0525 0.08888888888888889
2 0.65 0.24222222222222223 0.0475 0.08888888888888889
2 0.763125 0.20222222222222222 0.05125 0.10222222222222223
2 0.37125 0.31333333333333335 0.075 0.13333333333333333
1 0.4525 0.37666666666666665 0.08 0.14
2 0.36125 0.37777777777777777 0.0675 0.1288888888888889
2 0.21 0.26 0.04 0.09333333333333334
2 0.143125 0.3288888888888889 0.05625 0.1288888888888889
2 0.19 0.37666666666666665 0.0775 0.12222222222222222
2 0.8275 0.21444444444444444 0.0375 0.08222222222222222
2 0.609375 0.31777777777777777 0.08625 0.1288888888888889
1 0.248125 0.2833333333333333 0.05625 0.10444444444444445
2 0.888125 0.27555555555555555 0.04625 0.10666666666666667
2 0.673125 0.2644444444444444 0.05625 0.11555555555555555
