1 0.175 0.29555555555555557 0.055 0.08444444444444445
2 0.928125 0.3211111111111111 0.05625 0.13111111111111112
1 0.879375 0.38666666666666666 0.07875 0.1511111111111111
1 0.85 0.32222222222222224 0.07 0.12444444444444444
1 0.606875 0.31666666666666665 0.08125 0.12666666666666668
1 0.266875 0.2511111111111111 0.04375 0.09333333333333334
1 0.369375 0.31444444444444447 0.07625 0.12222222222222222
2 0.476875 0.18 0.06125 0.09333333333333334
1 0.9375 0.4688888888888889 0.1075 0.14666666666666667
2 0.8275 0.21555555555555556 0.0375 0.08444444444444445
1 0.103125 0.37555555555555553 0.07125 0.1288888888888889
1 0.455 0.3111111111111111 0.0825 0.11555555555555555
1 0.646875 0.5655555555555556 0.12375 0.18888888888888888
1 0.4525 0.38222222222222224 0.0825 0.13333333333333333
2 0.23625 0.22 0.04 0.08888888888888889
2 0.88875 0.2777777777777778 0.045 0.10666666666666667
5 0.676875 0.22 0.05125 0.15555555555555556
1 0.8 0.2688888888888889 0.0625 0.13777777777777778
2 0.205 0.2588888888888889 0.05 0.09111111111111111
1 0.35625 0.3788888888888889 0.06 0.11777777777777777
2 0.2225 0.3277777777777778 0.0625 0.11777777777777777
0 0.73 0.4666666666666667 0.0925 0.13333333333333333
1 0.045625 0.46 0.07875 0.13777777777777778
1 0.19125 0.3844444444444444 0.0825 0.12
1 0.075 0.5522222222222222 0.105 0.14888888888888888
1 0.7075 0.3788888888888889 0.09 0.11777777777777777
2 0.6875 0.30666666666666664 0.0625 0.12444444444444444
1 0.579375 0.21666666666666667 0.04625 0.08666666666666667
1 0.24875 0.28444444444444444 0.06 0.10222222222222223
1 0.299375 0.5533333333333333 0.10875 0.18666666666666668
1 0.6175 0.4533333333333333 0.1075 0.16
1 0.610625 0.3711111111111111 0.08375 0.12444444444444444
3 0.9625 0.3811111111111111 0.07 0.14
1 0.318125 0.4488888888888889 0.10625 0.15555555555555556
1 0.5925 0.2677777777777778 0.065 0.10444444444444445
1 0.384375 0.26555555555555554 0.05375 0.10888888888888888
2 0.41375 0.22333333333333333 0.045 0.09111111111111111
1 0.85125 0.25 0.05 0.1
2 0.418125 0.17666666666666667 0.04375 0.1
2 0.294375 0.21555555555555556 0.04875 0.09777777777777778
1 0.7675 0.20222222222222222 0.0475 0.10222222222222223
2 0.775 0.5455555555555556 0.1225 0.18888888888888888
2 0.1425 0.3322222222222222 0.0575 0.13555555555555557
