1 0.728125 0.4666666666666667 0.09125 0.13333333333333333
2 0.293125 0.21888888888888888 0.04875 0.09111111111111111
1 0.775 0.5488888888888889 0.1275 0.18222222222222223
2 0.92875 0.3188888888888889 0.06 0.13555555555555557
1 0.29625 0.5555555555555556 0.105 0.18666666666666668
2 0.41875 0.17444444444444446 0.0425 0.1
5 0.6775 0.23 0.0525 0.16666666666666666
2 0.575625 0.17666666666666667 0.04875 0.08666666666666667
1 0.82875 0.21555555555555556 0.035 0.08
2 0.614375 0.4577777777777778 0.10375 0.16
2 0.635 0.1922222222222222 0.0425 0.1
2 0.580625 0.21777777777777776 0.04875 0.08444444444444445
2 0.76625 0.20333333333333334 0.045 0.1
1 0.1925 0.3877777777777778 0.08 0.11333333333333333
1 0.31375 0.44 0.095 0.15555555555555556
2 0.60875 0.31666666666666665 0.085 0.12666666666666668
2 0.456875 0.25666666666666665 0.05625 0.08222222222222222
2 0.87875 0.3844444444444444 0.0775 0.1511111111111111
2 0.103125 0.3688888888888889 0.06875 0.13777777777777778
1 0.61 0.37444444444444447 0.09 0.11777777777777777
2 0.35875 0.3711111111111111 0.0575 0.11555555555555555
2 0.85 0.2544444444444444 0.05 0.10444444444444445
2 0.225 0.3233333333333333 0.0625 0.12666666666666668
2 0.236875 0.21888888888888888 0.03875 0.09111111111111111
2 0.800625 0.26555555555555554 0.06125 0.13111111111111112
2 0.96375 0.3844444444444444 0.0675 0.14666666666666667
2 0.414375 0.22444444444444445 0.04125 0.08444444444444445
2 0.886875 0.27666666666666667 0.04375 0.10444444444444445
2 0.64875 0.5622222222222222 0.12 0.19111111111111112
2 0.391875 0.27 0.04375 0.11333333333333333
2 0.786875 0.24222222222222223 0.04625 0.09777777777777778
0 0.729375 0.4666666666666667 0.09125 0.13777777777777778
2 0.48 0.1811111111111111 0.0575 0.09111111111111111
2 0.251875 0.28555555555555556 0.06125 0.10444444444444445
2 0.268125 0.2511111111111111 0.04375 0.09333333333333334
2 0.59125 0.26555555555555554 0.065 0.1
2 0.936875 0.46111111111111114 0.10375 0.1622222222222222
2 0.208125 0.2611111111111111 0.04375 0.09111111111111111
2 0.848125 0.3188888888888889 0.06375 0.13111111111111112
2 0.1775 0.2922222222222222 0.0525 0.1
2 0.688125 0.30666666666666664 0.05875 0.1288888888888889
2 0.045625 0.4577777777777778 0.07625 0.14222222222222222
2 0.37625 0.3111111111111111 0.065 0.13333333333333333
1 0.709375 0.37444444444444447 0.08875 0.13111111111111112
2 0.143125 0.33111111111111113 0.05625 0.13333333333333333
3 0.0775 0.5455555555555556 0.105 0.15777777777777777
