3 0.080625 0.5533333333333333 0.10375 0.16
2 0.2675 0.25222222222222224 0.0475 0.09111111111111111
2 0.938125 0.4633333333333333 0.10625 0.16666666666666666
2 0.615625 0.4588888888888889 0.10625 0.16666666666666666
2 0.176875 0.29555555555555557 0.05375 0.10222222222222223
2 0.193125 0.3877777777777778 0.08125 0.11777777777777777
2 0.393125 0.2722222222222222 0.04375 0.11333333333333333
1 0.316875 0.4444444444444444 0.10875 0.1511111111111111
2 0.59 0.2644444444444444 0.06 0.1111111111111111
1 0.776875 0.55 0.12125 0.18444444444444444
2 0.849375 0.32222222222222224 0.06875 0.13333333333333333
2 0.225 0.32666666666666666 0.0625 0.12
2 0.20875 0.26222222222222225 0.045 0.09333333333333334
2 0.4575 0.2611111111111111 0.0575 0.1
1 0.295625 0.5588888888888889 0.10375 0.18888888888888888
2 0.36875 0.34 0.0675 0.12444444444444444
2 0.415625 0.22555555555555556 0.03875 0.09111111111111111
2 0.638125 0.19333333333333333 0.04375 0.09777777777777778
2 0.103125 0.37222222222222223 0.07125 0.14
1 0.648125 0.5655555555555556 0.11875 0.19333333333333333
2 0.045625 0.46 0.07625 0.14666666666666667
2 0.145 0.33111111111111113 0.0575 0.12444444444444444
1 0.690625 0.3111111111111111 0.05875 0.11555555555555555
2 0.2525 0.28444444444444444 0.0625 0.10222222222222223
2 0.8875 0.2777777777777778 0.0475 0.10666666666666667
2 0.419375 0.17666666666666667 0.04125 0.10444444444444445
2 0.480625 0.18333333333333332 0.06125 0.09111111111111111
1 0.828125 0.21777777777777776 0.03625 0.08
2 0.236875 0.22111111111111112 0.03625 0.09111111111111111
2 0.88 0.39222222222222225 0.08 0.15333333333333332
2 0.36 0.3788888888888889 0.06 0.13111111111111112
2 0.295 0.22 0.0475 0.09333333333333334
2 0.929375 0.3244444444444444 0.05625 0.13777777777777778
2 0.575 0.18 0.0475 0.09777777777777778
1 0.13625 0.47 0.1025 0.14
2 0.60875 0.31555555555555553 0.085 0.12444444444444444
2 0.786875 0.24333333333333335 0.04875 0.1
2 0.7275 0.4533333333333333 0.0875 0.16444444444444445
2 0.674375 0.2544444444444444 0.06625 0.12666666666666668
2 0.45625 0.31333333333333335 0.0825 0.12444444444444444
2 0.37875 0.31222222222222223 0.0625 0.13111111111111112
2 0.583125 0.22 0.05375 0.08444444444444445
2 0.76625 0.20444444444444446 0.045 0.10222222222222223
1 0.4525 0.39666666666666667 0.0675 0.16666666666666666
1 0.61 0.37666666666666665 0.085 0.11333333333333333
2 0.84875 0.25333333333333335 0.0525 0.10666666666666667
2 0.9625 0.3877777777777778 0.0725 0.14888888888888888
1 0.704375 0.38222222222222224 0.07875 0.11555555555555555
2 0.8025 0.2688888888888889 0.0625 0.1288888888888889
