2 0.666875 0.2633333333333333 0.05625 0.11777777777777777
2 0.455625 0.3111111111111111 0.07875 0.12
1 0.453125 0.37777777777777777 0.08125 0.13777777777777778
2 0.85 0.2544444444444444 0.0525 0.10444444444444445
2 0.87875 0.3888888888888889 0.08 0.15555555555555556
2 0.78625 0.2388888888888889 0.045 0.1
1 0.775 0.5511111111111111 0.1275 0.17777777777777778
2 0.8475 0.3211111111111111 0.065 0.12666666666666668
1 0.13625 0.4622222222222222 0.09 0.13333333333333333
1 0.82875 0.21555555555555556 0.035 0.08
2 0.23375 0.22 0.0375 0.08888888888888889
1 0.7325 0.4633333333333333 0.08 0.14444444444444443
2 0.206875 0.2511111111111111 0.04375 0.09777777777777778
1 0.31375 0.43666666666666665 0.0975 0.1622222222222222
2 0.928125 0.3188888888888889 0.05875 0.13111111111111112
2 0.291875 0.21888888888888888 0.04625 0.09111111111111111
1 0.6075 0.3188888888888889 0.0875 0.11777777777777777
2 0.3925 0.27 0.045 0.11333333333333333
2 0.886875 0.27555555555555555 0.04625 0.10666666666666667
2 0.765625 0.20444444444444446 0.04375 0.10222222222222223
2 0.649375 0.5644444444444444 0.12125 0.18666666666666668
1 0.939375 0.47333333333333333 0.11125 0.14222222222222222
2 0.64625 0.21777777777777776 0.045 0.10222222222222223
2 0.07875 0.5511111111111111 0.1025 0.15555555555555556
2 0.143125 0.3288888888888889 0.05625 0.13333333333333333
1 0.415625 0.17444444444444446 0.04875 0.1
2 0.614375 0.45555555555555555 0.10125 0.16444444444444445
2 0.375625 0.3111111111111111 0.06625 0.13333333333333333
2 0.965 0.38 0.0675 0.14222222222222222
2 0.17625 0.2922222222222222 0.0525 0.1
2 0.800625 0.2688888888888889 0.05875 0.12444444444444444
2 0.251875 0.2833333333333333 0.05875 0.10444444444444445
1 0.294375 0.5555555555555556 0.10125 0.18666666666666668
2 0.04375 0.4577777777777778 0.075 0.14666666666666667
1 0.475625 0.18666666666666668 0.06375 0.08888888888888889
2 0.68875 0.3111111111111111 0.0575 0.11555555555555555
2 0.410625 0.22111111111111112 0.04125 0.08666666666666667
1 0.190625 0.39 0.08375 0.11333333333333333
1 0.705625 0.37333333333333335 0.09125 0.13333333333333333
2 0.589375 0.2644444444444444 0.06125 0.10222222222222223
2 0.223125 0.32555555555555554 0.06375 0.12222222222222222
1 0.1025 0.37 0.07 0.13555555555555557
2 0.266875 0.2511111111111111 0.04625 0.09333333333333334
1 0.61125 0.37444444444444447 0.0875 0.11777777777777777
2 0.633125 0.1811111111111111 0.03625 0.09555555555555556
