2 0.044375 0.4633333333333333 0.07625 0.14888888888888888
2 0.934375 0.46444444444444444 0.09875 0.17333333333333334
2 0.588125 0.27 0.05875 0.10888888888888888
2 0.365 0.37444444444444447 0.0675 0.12666666666666668
3 0.669375 0.26666666666666666 0.06125 0.12
2 0.65125 0.24333333333333335 0.0425 0.1
2 0.888125 0.27666666666666667 0.04625 0.1
2 0.291875 0.21888888888888888 0.04875 0.09111111111111111
2 0.469375 0.22111111111111112 0.05625 0.07777777777777778
2 0.650625 0.5655555555555556 0.12875 0.18888888888888888
1 0.268125 0.25555555555555554 0.04625 0.08888888888888889
2 0.47875 0.1811111111111111 0.065 0.08666666666666667
2 0.964375 0.37777777777777777 0.06625 0.14222222222222222
2 0.85125 0.31777777777777777 0.0575 0.13333333333333333
2 0.803125 0.27 0.05875 0.13555555555555557
5 0.419375 0.14777777777777779 0.04625 0.1622222222222222
2 0.414375 0.22666666666666666 0.04875 0.08888888888888889
2 0.786875 0.2411111111111111 0.04875 0.09555555555555556
1 0.456875 0.32222222222222224 0.08125 0.1111111111111111
2 0.606875 0.32 0.09375 0.13333333333333333
2 0.88 0.38222222222222224 0.0725 0.15555555555555556
2 0.374375 0.31555555555555553 0.07375 0.12444444444444444
2 0.72875 0.44333333333333336 0.0775 0.16666666666666666
2 0.69875 0.37555555555555553 0.075 0.14222222222222222
3 0.206875 0.2544444444444444 0.04375 0.1
2 0.82875 0.21666666666666667 0.0375 0.08666666666666667
2 0.2375 0.2222222222222222 0.035 0.09333333333333334
2 0.6175 0.4588888888888889 0.11 0.16666666666666666
3 0.171875 0.2811111111111111 0.05125 0.11333333333333333
1 0.386875 0.2633333333333333 0.05375 0.1
1 0.140625 0.4666666666666667 0.08625 0.14666666666666667
2 0.144375 0.33 0.05375 0.12666666666666668
1 0.455 0.38333333333333336 0.0775 0.12666666666666668
2 0.105 0.3688888888888889 0.0675 0.14222222222222222
2 0.688125 0.31333333333333335 0.05375 0.12
2 0.078125 0.5566666666666666 0.10625 0.15333333333333332
1 0.221875 0.3333333333333333 0.06625 0.11555555555555555
1 0.2475 0.29333333333333333 0.0625 0.09777777777777778
2 0.765 0.20555555555555555 0.045 0.10444444444444445
1 0.194375 0.39444444444444443 0.08125 0.10888888888888888
2 0.929375 0.3233333333333333 0.05125 0.13555555555555557
1 0.61 0.3788888888888889 0.0825 0.11333333333333333
2 0.775625 0.5366666666666666 0.12125 0.2111111111111111
