2 0.64875 0.5588888888888889 0.1225 0.20666666666666667
2 0.4225 0.17555555555555555 0.04 0.10222222222222223
2 0.293125 0.22111111111111112 0.04625 0.09555555555555556
2 0.645625 0.2011111111111111 0.05125 0.11777777777777777
2 0.665 0.2688888888888889 0.0575 0.12444444444444444
2 0.14125 0.4633333333333333 0.0775 0.13555555555555557
2 0.42875 0.5466666666666666 0.1075 0.18222222222222223
2 0.9275 0.32222222222222224 0.06 0.13777777777777778
2 0.234375 0.22444444444444445 0.03875 0.09333333333333334
2 0.476875 0.18444444444444444 0.06625 0.09777777777777778
2 0.5725 0.2088888888888889 0.0375 0.09333333333333334
2 0.851875 0.31333333333333335 0.05375 0.13777777777777778
2 0.584375 0.27 0.05875 0.11333333333333333
2 0.4175 0.21666666666666667 0.045 0.09111111111111111
2 0.079375 0.55 0.10625 0.1622222222222222
2 0.389375 0.23666666666666666 0.04625 0.08222222222222222
2 0.2675 0.25333333333333335 0.0425 0.08888888888888889
2 0.75875 0.20555555555555555 0.04 0.1
2 0.695625 0.30666666666666664 0.06375 0.1288888888888889
2 0.87875 0.38333333333333336 0.07 0.15333333333333332
2 0.615 0.45555555555555555 0.11 0.17333333333333334
2 0.14375 0.3277777777777778 0.055 0.11777777777777777
2 0.455 0.3788888888888889 0.07 0.13555555555555557
2 0.77375 0.55 0.12 0.18444444444444444
2 0.32 0.4388888888888889 0.09 0.17555555555555555
2 0.1925 0.3844444444444444 0.0875 0.1288888888888889
2 0.428125 0.4477777777777778 0.09375 0.1711111111111111
2 0.3075 0.5522222222222222 0.105 0.17555555555555555
2 0.045 0.4588888888888889 0.08 0.14888888888888888
2 0.1775 0.29333333333333333 0.055 0.10222222222222223
2 0.68125 0.2833333333333333 0.0675 0.13111111111111112
2 0.828125 0.20777777777777778 0.04375 0.09555555555555556
2 0.22625 0.3244444444444444 0.055 0.12444444444444444
2 0.61 0.3111111111111111 0.08 0.12444444444444444
2 0.4575 0.31222222222222223 0.075 0.12666666666666668
2 0.934375 0.4622222222222222 0.09625 0.18222222222222223
2 0.648125 0.24444444444444444 0.03375 0.09777777777777778
2 0.96875 0.3877777777777778 0.06 0.14444444444444443
2 0.886875 0.2788888888888889 0.04875 0.10888888888888888
2 0.85375 0.24333333333333335 0.05 0.10444444444444445
2 0.105625 0.37 0.07125 0.14444444444444443
2 0.70625 0.36777777777777776 0.06 0.14888888888888888
2 0.2525 0.29 0.06 0.1
2 0.8025 0.27444444444444444 0.06 0.12222222222222222
2 0.390625 0.2722222222222222 0.04875 0.09111111111111111
2 0.7325 0.44555555555555554 0.0775 0.1711111111111111
2 0.36375 0.3788888888888889 0.065 0.13111111111111112
2 0.205 0.2544444444444444 0.04 0.10444444444444445
2 0.6125 0.3655555555555556 0.0825 0.14444444444444443
2 0.58625 0.16777777777777778 0.04 0.08666666666666667
2 0.375625 0.3111111111111111 0.07625 0.13333333333333333
2 0.783125 0.23333333333333334 0.04625 0.1111111111111111
