2 0.74375 0.4488888888888889 0.0775 0.17333333333333334
2 0.701875 0.3688888888888889 0.06125 0.14222222222222222
2 0.5875 0.22111111111111112 0.045 0.09111111111111111
2 0.93 0.3233333333333333 0.055 0.13111111111111112
2 0.606875 0.31333333333333335 0.08375 0.1111111111111111
2 0.96875 0.3933333333333333 0.0575 0.1511111111111111
2 0.826875 0.21555555555555556 0.03625 0.08444444444444445
2 0.76375 0.1988888888888889 0.04 0.10888888888888888
2 0.8775 0.3844444444444444 0.0725 0.15555555555555556
2 0.590625 0.27111111111111114 0.05625 0.11555555555555555
2 0.14125 0.45555555555555555 0.085 0.15555555555555556
2 0.42625 0.5466666666666666 0.095 0.18222222222222223
2 0.785 0.23222222222222222 0.0475 0.10888888888888888
2 0.19125 0.38333333333333336 0.075 0.13111111111111112
2 0.32125 0.44333333333333336 0.0925 0.1711111111111111
2 0.616875 0.4577777777777778 0.11125 0.1688888888888889
2 0.25 0.2911111111111111 0.055 0.09777777777777778
2 0.423125 0.17444444444444446 0.03875 0.09555555555555556
2 0.041875 0.4577777777777778 0.07625 0.1511111111111111
2 0.571875 0.2111111111111111 0.03625 0.09777777777777778
2 0.225625 0.32555555555555554 0.05875 0.12666666666666668
2 0.363125 0.38 0.06375 0.14222222222222222
2 0.371875 0.31444444444444447 0.07875 0.12222222222222222
2 0.85125 0.24222222222222223 0.055 0.12444444444444444
2 0.85125 0.31777777777777777 0.0575 0.13333333333333333
2 0.64375 0.20777777777777778 0.045 0.1
2 0.69375 0.30777777777777776 0.0625 0.12666666666666668
2 0.145 0.3277777777777778 0.05 0.11333333333333333
2 0.625 0.18 0.0325 0.08888888888888889
2 0.265 0.2511111111111111 0.0425 0.09333333333333334
2 0.23375 0.22444444444444445 0.0325 0.08
2 0.30875 0.5544444444444444 0.105 0.17555555555555555
2 0.476875 0.18333333333333332 0.06625 0.09555555555555556
2 0.418125 0.21444444444444444 0.04125 0.08666666666666667
2 0.206875 0.25666666666666665 0.04125 0.10444444444444445
2 0.10625 0.3688888888888889 0.07 0.14222222222222222
2 0.45625 0.31 0.065 0.11777777777777777
2 0.283125 0.20777777777777778 0.05875 0.12222222222222222
2 0.469375 0.23777777777777778 0.04875 0.10222222222222223
2 0.391875 0.27111111111111114 0.04625 0.10222222222222223
2 0.585 0.1711111111111111 0.0375 0.08888888888888889
2 0.643125 0.5544444444444444 0.10375 0.18
2 0.8875 0.2777777777777778 0.045 0.11555555555555555
2 0.180625 0.2911111111111111 0.05375 0.09333333333333334
2 0.65 0.24444444444444444 0.035 0.09333333333333334
2 0.61125 0.3711111111111111 0.08 0.13333333333333333
2 0.07875 0.5477777777777778 0.105 0.1711111111111111
2 0.39125 0.23555555555555555 0.0525 0.10222222222222223
2 0.45375 0.3811111111111111 0.075 0.13555555555555557
2 0.4275 0.4477777777777778 0.09 0.1711111111111111
2 0.6675 0.26555555555555554 0.06 0.12666666666666668
2 0.8025 0.2833333333333333 0.06 0.11777777777777777
2 0.778125 0.5466666666666666 0.12125 0.19555555555555557
2 0.93 0.46111111111111114 0.0925 0.18
