2 0.4225 0.17666666666666667 0.04 0.1
2 0.464375 0.2577777777777778 0.04125 0.11555555555555555
2 0.265625 0.2477777777777778 0.04125 0.09111111111111111
2 0.613125 0.31444444444444447 0.08875 0.11333333333333333
2 0.191875 0.38555555555555554 0.07875 0.12666666666666668
2 0.885 0.27444444444444444 0.0475 0.11777777777777777
2 0.225625 0.3233333333333333 0.06125 0.12666666666666668
2 0.9675 0.38333333333333336 0.06 0.14888888888888888
2 0.23625 0.22 0.035 0.08444444444444445
2 0.4825 0.21444444444444444 0.0375 0.08222222222222222
2 0.145625 0.3277777777777778 0.05375 0.11777777777777777
2 0.291875 0.21333333333333335 0.05125 0.09777777777777778
2 0.32375 0.4411111111111111 0.09 0.1711111111111111
2 0.80375 0.27555555555555555 0.065 0.11555555555555555
2 0.613125 0.4588888888888889 0.10625 0.1711111111111111
5 0.12375 0.4855555555555556 0.1075 0.26
2 0.3075 0.5533333333333333 0.1 0.17333333333333334
2 0.645 0.2088888888888889 0.0475 0.10222222222222223
2 0.644375 0.5477777777777778 0.10125 0.18444444444444444
2 0.0375 0.4588888888888889 0.075 0.15777777777777777
2 0.925625 0.3233333333333333 0.05875 0.12666666666666668
2 0.42875 0.4444444444444444 0.075 0.15555555555555556
2 0.69625 0.3088888888888889 0.0625 0.1288888888888889
2 0.76125 0.1988888888888889 0.04 0.11333333333333333
2 0.575625 0.2111111111111111 0.03875 0.08888888888888889
2 0.8775 0.3844444444444444 0.07 0.15555555555555556
2 0.93125 0.4633333333333333 0.09 0.18444444444444444
2 0.455 0.37777777777777777 0.075 0.13333333333333333
2 0.77625 0.5488888888888889 0.1275 0.18666666666666668
2 0.853125 0.23 0.04125 0.10888888888888888
2 0.825625 0.21222222222222223 0.03625 0.08222222222222222
2 0.244375 0.2866666666666667 0.05125 0.09777777777777778
2 0.374375 0.31222222222222223 0.06875 0.13111111111111112
2 0.581875 0.16777777777777778 0.03875 0.08222222222222222
2 0.41375 0.21444444444444444 0.045 0.09111111111111111
2 0.699375 0.3688888888888889 0.06125 0.14222222222222222
2 0.784375 0.23333333333333334 0.04375 0.10222222222222223
2 0.611875 0.37 0.08125 0.14
2 0.3625 0.37333333333333335 0.0625 0.13777777777777778
2 0.66375 0.27 0.0525 0.12222222222222222
2 0.45125 0.31 0.055 0.11333333333333333
2 0.62875 0.17888888888888888 0.0325 0.09111111111111111
2 0.205625 0.2511111111111111 0.03875 0.09777777777777778
2 0.425 0.5444444444444444 0.095 0.18222222222222223
2 0.17625 0.2822222222222222 0.0525 0.12
2 0.39375 0.24444444444444444 0.0475 0.09777777777777778
2 0.741875 0.44555555555555554 0.07125 0.16666666666666666
2 0.586875 0.26666666666666666 0.05625 0.1111111111111111
2 0.849375 0.31444444444444447 0.05625 0.13555555555555557
2 0.469375 0.17666666666666667 0.04125 0.09111111111111111
