2 0.88875 0.27444444444444444 0.045 0.11777777777777777
2 0.425 0.5466666666666666 0.0925 0.18222222222222223
2 0.37375 0.31444444444444447 0.0675 0.12666666666666668
2 0.26625 0.25 0.04 0.09111111111111111
2 0.225625 0.3233333333333333 0.06125 0.12222222222222222
2 0.78375 0.23444444444444446 0.0425 0.10888888888888888
2 0.42375 0.18 0.04 0.10666666666666667
2 0.61375 0.45555555555555555 0.105 0.17777777777777778
2 0.038125 0.46 0.07625 0.15555555555555556
2 0.395625 0.24888888888888888 0.04375 0.09777777777777778
2 0.6125 0.31666666666666665 0.09 0.11333333333333333
2 0.69875 0.3688888888888889 0.06 0.14222222222222222
2 0.235 0.22333333333333333 0.0375 0.08666666666666667
2 0.178125 0.2822222222222222 0.05125 0.11555555555555555
2 0.321875 0.44222222222222224 0.09125 0.17333333333333334
2 0.92625 0.3244444444444444 0.06 0.13333333333333333
2 0.47 0.17555555555555555 0.04 0.08444444444444445
2 0.87875 0.38333333333333336 0.07 0.15333333333333332
2 0.586875 0.16666666666666666 0.03375 0.08
2 0.743125 0.44666666666666666 0.07375 0.1688888888888889
2 0.45125 0.31 0.0575 0.11777777777777777
2 0.931875 0.4633333333333333 0.08875 0.18444444444444444
2 0.428125 0.44333333333333336 0.07625 0.15777777777777777
2 0.145 0.33 0.055 0.11333333333333333
2 0.41375 0.21333333333333335 0.0475 0.09333333333333334
2 0.57375 0.21 0.0375 0.09111111111111111
2 0.30625 0.5544444444444444 0.1 0.1711111111111111
2 0.646875 0.21222222222222223 0.04625 0.1
2 0.855625 0.2288888888888889 0.04375 0.10666666666666667
2 0.849375 0.31777777777777777 0.05875 0.13777777777777778
2 0.775625 0.55 0.12875 0.18444444444444444
2 0.245 0.29 0.05 0.09555555555555556
2 0.969375 0.38222222222222224 0.05875 0.15555555555555556
2 0.29125 0.21555555555555556 0.05 0.09777777777777778
2 0.7625 0.2 0.04 0.1111111111111111
2 0.80125 0.27555555555555555 0.065 0.12
2 0.454375 0.37777777777777777 0.07375 0.13777777777777778
2 0.696875 0.30777777777777776 0.06625 0.12666666666666668
2 0.465 0.2588888888888889 0.04 0.11333333333333333
2 0.483125 0.21666666666666667 0.03875 0.07777777777777778
2 0.645 0.5488888888888889 0.0975 0.19111111111111112
5 0.134375 0.49 0.10125 0.2688888888888889
2 0.614375 0.37 0.08125 0.14444444444444443
2 0.629375 0.18 0.03125 0.09333333333333334
2 0.205625 0.25222222222222224 0.03625 0.10444444444444445
2 0.589375 0.26555555555555554 0.06125 0.11333333333333333
2 0.683125 0.28444444444444444 0.06625 0.1288888888888889
2 0.66625 0.2677777777777778 0.06 0.12222222222222222
2 0.191875 0.38666666666666666 0.08125 0.1288888888888889
2 0.82875 0.21333333333333335 0.0375 0.08444444444444445
2 0.363125 0.37222222222222223 0.06375 0.14444444444444443
