2 0.700625 0.3688888888888889 0.05625 0.14666666666666667
2 0.2475 0.2866666666666667 0.05 0.09777777777777778
2 0.85375 0.23444444444444446 0.0425 0.1
2 0.424375 0.5455555555555556 0.09625 0.17555555555555555
2 0.476875 0.18333333333333332 0.04375 0.1
2 0.223125 0.3244444444444444 0.06375 0.12444444444444444
2 0.605 0.3088888888888889 0.0725 0.12444444444444444
2 0.364375 0.37222222222222223 0.06375 0.14444444444444443
2 0.6675 0.26666666666666666 0.055 0.12
2 0.645 0.55 0.1 0.18
2 0.393125 0.24888888888888888 0.04625 0.1111111111111111
2 0.453125 0.3788888888888889 0.07625 0.12666666666666668
2 0.879375 0.3844444444444444 0.07625 0.1511111111111111
2 0.778125 0.5444444444444444 0.12375 0.19555555555555557
2 0.613125 0.36444444444444446 0.07625 0.1511111111111111
2 0.933125 0.4633333333333333 0.08625 0.19777777777777777
2 0.585 0.2688888888888889 0.0425 0.1111111111111111
2 0.415 0.21888888888888888 0.045 0.08666666666666667
2 0.824375 0.21 0.04125 0.09111111111111111
2 0.143125 0.45444444444444443 0.07125 0.14888888888888888
2 0.186875 0.39 0.07125 0.11777777777777777
2 0.884375 0.2733333333333333 0.04625 0.10222222222222223
2 0.585625 0.16777777777777778 0.03625 0.08222222222222222
2 0.284375 0.21666666666666667 0.04625 0.09111111111111111
2 0.320625 0.4477777777777778 0.08625 0.16666666666666666
2 0.175 0.2911111111111111 0.05 0.10666666666666667
2 0.378125 0.30777777777777776 0.06625 0.14
2 0.42 0.17777777777777778 0.045 0.10222222222222223
2 0.428125 0.4411111111111111 0.07875 0.1622222222222222
2 0.6125 0.4533333333333333 0.105 0.17777777777777778
2 0.26625 0.25666666666666665 0.04 0.08222222222222222
2 0.09625 0.5388888888888889 0.0975 0.18444444444444444
2 0.779375 0.2311111111111111 0.03875 0.1111111111111111
2 0.599375 0.2222222222222222 0.03625 0.08888888888888889
2 0.141875 0.3277777777777778 0.05625 0.11333333333333333
2 0.925 0.31444444444444447 0.0525 0.13555555555555557
2 0.235625 0.22333333333333333 0.03625 0.08666666666666667
2 0.568125 0.20777777777777778 0.03375 0.09111111111111111
2 0.8025 0.27666666666666667 0.055 0.11777777777777777
2 0.4525 0.3111111111111111 0.06 0.12
2 0.630625 0.17888888888888888 0.03125 0.09111111111111111
2 0.646875 0.2388888888888889 0.04125 0.09111111111111111
2 0.765 0.19666666666666666 0.0425 0.11333333333333333
2 0.699375 0.31 0.06125 0.11777777777777777
2 0.306875 0.5522222222222222 0.09875 0.1711111111111111
2 0.968125 0.38555555555555554 0.05875 0.1622222222222222
2 0.101875 0.3688888888888889 0.06375 0.14222222222222222
2 0.644375 0.1988888888888889 0.04125 0.08666666666666667
2 0.03875 0.4588888888888889 0.075 0.14888888888888888
2 0.85 0.31777777777777777 0.055 0.1288888888888889
2 0.725625 0.4477777777777778 0.08625 0.16666666666666666
2 0.20625 0.25222222222222224 0.04 0.09555555555555556
