2 0.421875 0.18 0.04375 0.09777777777777778
2 0.8525 0.31333333333333335 0.0575 0.14222222222222222
2 0.249375 0.28444444444444444 0.04625 0.09777777777777778
2 0.779375 0.2311111111111111 0.03875 0.10666666666666667
2 0.968125 0.38222222222222224 0.05875 0.16
2 0.103125 0.37333333333333335 0.06875 0.13777777777777778
2 0.615625 0.45666666666666667 0.10875 0.15777777777777777
2 0.649375 0.23444444444444446 0.03625 0.10444444444444445
2 0.70125 0.37333333333333335 0.0675 0.1511111111111111
2 0.744375 0.44333333333333336 0.07375 0.17555555555555555
2 0.22625 0.3233333333333333 0.0575 0.12666666666666668
2 0.29 0.21444444444444444 0.0475 0.09111111111111111
2 0.308125 0.55 0.09375 0.1711111111111111
2 0.686875 0.30777777777777776 0.05125 0.12666666666666668
2 0.415 0.21777777777777776 0.0475 0.09333333333333334
2 0.666875 0.2677777777777778 0.04375 0.11333333333333333
2 0.80375 0.2677777777777778 0.0525 0.12222222222222222
2 0.3925 0.27666666666666667 0.0475 0.09555555555555556
2 0.764375 0.19666666666666666 0.03875 0.11333333333333333
2 0.774375 0.5366666666666666 0.12125 0.20666666666666667
2 0.425 0.5422222222222223 0.0925 0.18666666666666668
2 0.643125 0.5477777777777778 0.09875 0.18444444444444444
2 0.880625 0.2733333333333333 0.04625 0.1111111111111111
2 0.204375 0.25222222222222224 0.03875 0.1
2 0.364375 0.37333333333333335 0.06375 0.14666666666666667
2 0.453125 0.30666666666666664 0.05375 0.12
2 0.574375 0.20666666666666667 0.03625 0.08888888888888889
2 0.455 0.37666666666666665 0.07 0.13555555555555557
2 0.479375 0.1811111111111111 0.05875 0.09555555555555556
2 0.42875 0.44555555555555554 0.0825 0.16666666666666666
2 0.591875 0.27 0.04625 0.11777777777777777
2 0.93125 0.4633333333333333 0.09 0.19777777777777777
2 0.190625 0.3788888888888889 0.08125 0.13111111111111112
2 0.62375 0.17777777777777778 0.03 0.09333333333333334
2 0.325625 0.44333333333333336 0.09125 0.18
2 0.644375 0.1988888888888889 0.03875 0.10888888888888888
2 0.615625 0.3655555555555556 0.07375 0.14888888888888888
2 0.1425 0.3288888888888889 0.055 0.1111111111111111
2 0.176875 0.2822222222222222 0.05375 0.12
2 0.584375 0.16777777777777778 0.03625 0.08222222222222222
2 0.14 0.4577777777777778 0.0775 0.1511111111111111
2 0.87875 0.3811111111111111 0.0725 0.15777777777777777
2 0.265 0.2544444444444444 0.04 0.09111111111111111
2 0.380625 0.3088888888888889 0.06875 0.12
2 0.09 0.5411111111111111 0.09 0.18
2 0.04 0.45666666666666667 0.0725 0.15333333333333332
2 0.23375 0.22 0.0375 0.09333333333333334
2 0.825 0.21555555555555556 0.0325 0.08888888888888889
2 0.92625 0.31777777777777777 0.05 0.1288888888888889
2 0.855625 0.23 0.04375 0.11333333333333333
2 0.60875 0.31222222222222223 0.08 0.13111111111111112
