2 0.03875 0.45555555555555555 0.075 0.1511111111111111
2 0.143125 0.32666666666666666 0.05375 0.1111111111111111
2 0.428125 0.44333333333333336 0.08375 0.1622222222222222
2 0.61625 0.36666666666666664 0.0725 0.14666666666666667
2 0.5925 0.26666666666666666 0.0475 0.11555555555555555
2 0.08875 0.5422222222222223 0.0925 0.17777777777777778
2 0.74875 0.4411111111111111 0.0825 0.1711111111111111
2 0.624375 0.17888888888888888 0.03125 0.09111111111111111
2 0.700625 0.3711111111111111 0.06875 0.14666666666666667
2 0.774375 0.54 0.12375 0.2088888888888889
2 0.82625 0.21666666666666667 0.035 0.08666666666666667
2 0.9275 0.31777777777777777 0.0475 0.1288888888888889
2 0.453125 0.37555555555555553 0.07875 0.14222222222222222
2 0.856875 0.2311111111111111 0.04875 0.10666666666666667
2 0.930625 0.4622222222222222 0.09125 0.19111111111111112
2 0.23375 0.22 0.0375 0.08888888888888889
2 0.608125 0.31444444444444447 0.08375 0.12222222222222222
2 0.289375 0.21333333333333335 0.04875 0.09333333333333334
2 0.64875 0.23777777777777778 0.0375 0.10222222222222223
2 0.455 0.3055555555555556 0.0525 0.12222222222222222
2 0.965625 0.3888888888888889 0.06375 0.16
2 0.415 0.21666666666666667 0.045 0.09555555555555556
2 0.585625 0.16777777777777778 0.03625 0.08222222222222222
2 0.246875 0.2866666666666667 0.04875 0.09777777777777778
2 0.365 0.37333333333333335 0.0625 0.14666666666666667
2 0.878125 0.38222222222222224 0.07625 0.16
2 0.666875 0.26666666666666666 0.04625 0.11555555555555555
2 0.424375 0.5455555555555556 0.09125 0.18
2 0.574375 0.20666666666666667 0.03625 0.08888888888888889
2 0.689375 0.3111111111111111 0.05625 0.12444444444444444
2 0.205625 0.25333333333333335 0.03875 0.09777777777777778
2 0.643125 0.5522222222222222 0.10125 0.18444444444444444
2 0.765 0.19555555555555557 0.04 0.1111111111111111
2 0.17875 0.2866666666666667 0.0525 0.10666666666666667
2 0.103125 0.37333333333333335 0.07125 0.13777777777777778
2 0.77875 0.23222222222222222 0.04 0.10888888888888888
2 0.64625 0.19444444444444445 0.04 0.09111111111111111
2 0.30625 0.5522222222222222 0.095 0.1711111111111111
2 0.140625 0.45444444444444443 0.07875 0.14444444444444443
2 0.381875 0.30777777777777776 0.07125 0.12666666666666668
2 0.42375 0.18 0.0425 0.09777777777777778
2 0.6125 0.46 0.105 0.16444444444444445
2 0.80375 0.27 0.055 0.12222222222222222
2 0.851875 0.31333333333333335 0.05625 0.13777777777777778
2 0.226875 0.3211111111111111 0.05875 0.12666666666666668
2 0.480625 0.18222222222222223 0.05625 0.09777777777777778
2 0.32375 0.4411111111111111 0.09 0.18
2 0.26375 0.25222222222222224 0.04 0.09555555555555556
2 0.19 0.38 0.08 0.13333333333333333
2 0.393125 0.27555555555555555 0.04375 0.09333333333333334
