2 0.204375 0.25333333333333335 0.03625 0.09777777777777778
2 0.48125 0.18222222222222223 0.055 0.09777777777777778
2 0.8825 0.2777777777777778 0.0475 0.10222222222222223
2 0.190625 0.38 0.07875 0.13333333333333333
2 0.08875 0.5422222222222223 0.0925 0.17777777777777778
2 0.2475 0.2877777777777778 0.0475 0.09555555555555556
2 0.454375 0.37666666666666665 0.07375 0.14
2 0.929375 0.4633333333333333 0.09125 0.18888888888888888
2 0.85125 0.31555555555555553 0.0575 0.13777777777777778
2 0.774375 0.54 0.12375 0.2088888888888889
2 0.82625 0.21666666666666667 0.035 0.08666666666666667
2 0.139375 0.4577777777777778 0.07625 0.14666666666666667
2 0.645625 0.19555555555555557 0.04375 0.09333333333333334
2 0.1425 0.32666666666666666 0.0525 0.11555555555555555
2 0.306875 0.5522222222222222 0.09375 0.1711111111111111
2 0.764375 0.19666666666666666 0.03875 0.11333333333333333
2 0.38125 0.3111111111111111 0.07 0.12
2 0.858125 0.23 0.04625 0.10888888888888888
2 0.585625 0.16777777777777778 0.03625 0.08222222222222222
2 0.17875 0.28888888888888886 0.0525 0.10666666666666667
2 0.3925 0.27666666666666667 0.045 0.09555555555555556
2 0.61375 0.4588888888888889 0.105 0.1622222222222222
2 0.365 0.37333333333333335 0.0625 0.14666666666666667
2 0.87875 0.38333333333333336 0.075 0.15777777777777777
2 0.68875 0.31222222222222223 0.0575 0.13111111111111112
2 0.42375 0.17888888888888888 0.0425 0.09555555555555556
2 0.80375 0.2688888888888889 0.055 0.12444444444444444
2 0.678125 0.26555555555555554 0.05375 0.10888888888888888
2 0.415 0.21555555555555556 0.045 0.09333333333333334
2 0.039375 0.45555555555555555 0.07375 0.1511111111111111
2 0.104375 0.37333333333333335 0.06875 0.13777777777777778
2 0.96625 0.3877777777777778 0.0625 0.15777777777777777
2 0.6075 0.31444444444444447 0.0825 0.11777777777777777
2 0.77875 0.23222222222222222 0.04 0.10888888888888888
2 0.699375 0.37222222222222223 0.06625 0.14888888888888888
2 0.57375 0.20555555555555555 0.0375 0.09111111111111111
2 0.64375 0.5488888888888889 0.1 0.19111111111111112
2 0.265625 0.25222222222222224 0.03875 0.09111111111111111
2 0.65125 0.23777777777777778 0.0475 0.10222222222222223
2 0.423125 0.5455555555555556 0.09125 0.18
2 0.745 0.44 0.0775 0.17333333333333334
2 0.226875 0.3211111111111111 0.05875 0.12666666666666668
2 0.233125 0.22 0.03875 0.08888888888888889
2 0.32375 0.4411111111111111 0.09 0.18
2 0.454375 0.3055555555555556 0.05375 0.12222222222222222
2 0.615625 0.36666666666666664 0.07375 0.14666666666666667
2 0.5925 0.2677777777777778 0.0475 0.11333333333333333
2 0.29 0.21444444444444444 0.0475 0.09555555555555556
2 0.4275 0.4444444444444444 0.0825 0.1688888888888889
2 0.625 0.17888888888888888 0.0325 0.09111111111111111
2 0.926875 0.32 0.04875 0.13333333333333333
