2 0.67 0.26666666666666666 0.0475 0.1111111111111111
2 0.804375 0.2688888888888889 0.05375 0.12444444444444444
2 0.08875 0.5422222222222223 0.0925 0.17777777777777778
2 0.773125 0.54 0.12375 0.21333333333333335
2 0.930625 0.46111111111111114 0.09375 0.19333333333333333
2 0.2275 0.32222222222222224 0.0575 0.1288888888888889
2 0.689375 0.31222222222222223 0.05875 0.12666666666666668
2 0.306875 0.5511111111111111 0.09125 0.17333333333333334
2 0.4225 0.5466666666666666 0.09 0.18222222222222223
2 0.59125 0.2688888888888889 0.0475 0.1111111111111111
2 0.381875 0.31 0.06875 0.12222222222222222
2 0.039375 0.45666666666666667 0.07375 0.15333333333333332
2 0.248125 0.2877777777777778 0.04875 0.1
2 0.700625 0.37 0.06875 0.14888888888888888
2 0.6125 0.4588888888888889 0.1025 0.1622222222222222
2 0.965625 0.3888888888888889 0.06125 0.14666666666666667
2 0.61625 0.36666666666666664 0.075 0.14222222222222222
2 0.14125 0.32555555555555554 0.055 0.11333333333333333
2 0.455 0.30777777777777776 0.055 0.11777777777777777
2 0.45375 0.37555555555555553 0.0725 0.13777777777777778
2 0.468125 0.2688888888888889 0.03875 0.10666666666666667
2 0.74375 0.44333333333333336 0.0775 0.1711111111111111
2 0.8775 0.38333333333333336 0.0725 0.15777777777777777
2 0.478125 0.18222222222222223 0.06125 0.09777777777777778
2 0.365 0.37444444444444447 0.0625 0.14444444444444443
2 0.325 0.44222222222222224 0.09 0.17777777777777778
2 0.6 0.22 0.0375 0.08444444444444445
2 0.235 0.21888888888888888 0.035 0.09111111111111111
2 0.17875 0.28888888888888886 0.0525 0.10666666666666667
2 0.204375 0.25222222222222224 0.03875 0.1
2 0.428125 0.4444444444444444 0.08125 0.16444444444444445
2 0.650625 0.24 0.04125 0.10222222222222223
1 0.105625 0.3844444444444444 0.07125 0.11555555555555555
2 0.573125 0.20666666666666667 0.03625 0.09333333333333334
2 0.473125 0.22666666666666666 0.04125 0.08444444444444445
2 0.851875 0.31666666666666665 0.05625 0.14
2 0.881875 0.2722222222222222 0.04625 0.09555555555555556
2 0.585 0.16777777777777778 0.0375 0.08222222222222222
2 0.92375 0.32 0.055 0.13777777777777778
2 0.423125 0.17888888888888888 0.04125 0.09555555555555556
2 0.643125 0.19333333333333333 0.04625 0.09777777777777778
2 0.643125 0.55 0.10125 0.18888888888888888
2 0.77875 0.2311111111111111 0.04 0.10666666666666667
2 0.608125 0.31 0.08125 0.10888888888888888
2 0.854375 0.23222222222222222 0.04625 0.11333333333333333
2 0.14 0.45444444444444443 0.0775 0.14888888888888888
2 0.26375 0.2511111111111111 0.045 0.09333333333333334
2 0.393125 0.27666666666666667 0.04625 0.09555555555555556
2 0.826875 0.21666666666666667 0.03625 0.08666666666666667
2 0.29 0.21444444444444444 0.05 0.09555555555555556
2 0.190625 0.3811111111111111 0.07875 0.13111111111111112
2 0.41625 0.21666666666666667 0.045 0.09111111111111111
2 0.76375 0.19777777777777777 0.04 0.1111111111111111
