2 0.415 0.21444444444444444 0.045 0.09111111111111111
2 0.20375 0.25333333333333335 0.0375 0.10222222222222223
2 0.2475 0.2866666666666667 0.05 0.09777777777777778
2 0.876875 0.38333333333333336 0.07125 0.15777777777777777
2 0.42375 0.17888888888888888 0.04 0.09555555555555556
2 0.4225 0.5455555555555556 0.0925 0.18
2 0.235 0.21888888888888888 0.0375 0.09111111111111111
2 0.785 0.2311111111111111 0.045 0.10666666666666667
2 0.039375 0.45666666666666667 0.07375 0.15333333333333332
2 0.086875 0.5433333333333333 0.09125 0.17555555555555555
2 0.291875 0.21555555555555556 0.04625 0.09333333333333334
2 0.74375 0.4411111111111111 0.08 0.1711111111111111
2 0.613125 0.4588888888888889 0.10375 0.1622222222222222
2 0.5875 0.17 0.0375 0.08222222222222222
2 0.38125 0.31 0.07 0.12222222222222222
2 0.68 0.2877777777777778 0.05 0.10888888888888888
2 0.6025 0.22444444444444445 0.0375 0.09333333333333334
2 0.61625 0.36666666666666664 0.075 0.14222222222222222
2 0.6425 0.5466666666666666 0.1 0.19555555555555557
2 0.45375 0.37555555555555553 0.0725 0.13777777777777778
2 0.688125 0.31333333333333335 0.05875 0.12444444444444444
2 0.650625 0.23666666666666666 0.04125 0.10444444444444445
2 0.1775 0.2877777777777778 0.055 0.1
2 0.14125 0.45666666666666667 0.08 0.14888888888888888
2 0.9675 0.39 0.0625 0.14888888888888888
2 0.765625 0.19777777777777777 0.04125 0.1111111111111111
2 0.930625 0.4622222222222222 0.09375 0.19555555555555557
2 0.143125 0.3277777777777778 0.05125 0.11777777777777777
2 0.26375 0.25222222222222224 0.0425 0.09111111111111111
2 0.10375 0.3711111111111111 0.075 0.13777777777777778
2 0.88875 0.27555555555555555 0.0425 0.10666666666666667
2 0.478125 0.18 0.06125 0.09333333333333334
2 0.455625 0.31 0.05875 0.12222222222222222
2 0.85125 0.31666666666666665 0.0575 0.13555555555555557
2 0.92625 0.3211111111111111 0.0525 0.13555555555555557
2 0.57375 0.20555555555555555 0.0375 0.09111111111111111
2 0.393125 0.28555555555555556 0.05125 0.10444444444444445
2 0.30625 0.5488888888888889 0.0925 0.17777777777777778
2 0.226875 0.3233333333333333 0.05625 0.12666666666666668
2 0.604375 0.31 0.07875 0.11777777777777777
2 0.4275 0.4444444444444444 0.0825 0.16444444444444445
2 0.36375 0.37333333333333335 0.0625 0.14222222222222222
2 0.77375 0.54 0.1225 0.2088888888888889
2 0.858125 0.23 0.04375 0.10888888888888888
2 0.80375 0.27 0.055 0.12222222222222222
2 0.631875 0.18333333333333332 0.03375 0.1
2 0.31875 0.45 0.0875 0.16666666666666666
2 0.19125 0.3811111111111111 0.08 0.13111111111111112
2 0.588125 0.27111111111111114 0.04375 0.1111111111111111
2 0.64375 0.19111111111111112 0.04 0.09333333333333334
2 0.826875 0.21666666666666667 0.03625 0.08666666666666667
2 0.699375 0.37222222222222223 0.06375 0.14888888888888888
2 0.66625 0.26555555555555554 0.0475 0.11333333333333333
