0 0.598125 0.2911111111111111 0.08625 0.08
0 0.641875 0.5533333333333333 0.13625 0.21333333333333335
0 0.606875 0.36777777777777776 0.10125 0.15333333333333332
1 0.318125 0.43666666666666665 0.11125 0.16666666666666666
1 0.138125 0.32666666666666666 0.05375 0.1111111111111111
0 0.436875 0.4388888888888889 0.10625 0.16666666666666666
0 0.64625 0.20444444444444446 0.0625 0.09333333333333334
0 0.26875 0.2611111111111111 0.055 0.08222222222222222
0 0.734375 0.4477777777777778 0.09375 0.1622222222222222
1 0.421875 0.18777777777777777 0.04375 0.09111111111111111
1 0.108125 0.38222222222222224 0.05625 0.14666666666666667
0 0.706875 0.38555555555555554 0.07875 0.10444444444444445
0 0.589375 0.25 0.06875 0.07777777777777778
1 0.788125 0.23666666666666666 0.05375 0.10444444444444445
1 0.73375 0.44666666666666666 0.0925 0.16
0 0.611875 0.46555555555555556 0.11375 0.14444444444444443
0 0.449375 0.32222222222222224 0.09375 0.10666666666666667
1 0.364375 0.37222222222222223 0.07125 0.12666666666666668
1 0.77125 0.5633333333333334 0.1225 0.18
0 0.0825 0.5722222222222222 0.1075 0.1622222222222222
2 0.17875 0.27444444444444444 0.0475 0.10888888888888888
1 0.928125 0.4666666666666667 0.09125 0.19111111111111112
0 0.465 0.28 0.0725 0.09333333333333334
1 0.88125 0.2722222222222222 0.0525 0.11777777777777777
1 0.855 0.33 0.075 0.13111111111111112
0 0.894375 0.39111111111111113 0.08625 0.11555555555555555
0 0.693125 0.31333333333333335 0.06625 0.12
1 0.2325 0.3211111111111111 0.0675 0.13555555555555557
1 0.799375 0.27111111111111114 0.06375 0.12444444444444444
2 0.045 0.45555555555555555 0.0775 0.1688888888888889
1 0.3675 0.30777777777777776 0.06 0.11333333333333333
1 0.39125 0.2288888888888889 0.05 0.09777777777777778
0 0.318125 0.5466666666666666 0.09375 0.19555555555555557
1 0.4325 0.5477777777777778 0.1225 0.22
0 0.67125 0.2588888888888889 0.055 0.10444444444444445
0 0.291875 0.21555555555555556 0.05125 0.09333333333333334
