0 0.689375 0.3111111111111111 0.07875 0.12444444444444444
0 0.773125 0.57 0.12125 0.19777777777777777
0 0.5875 0.24 0.0725 0.08888888888888889
1 0.425625 0.19 0.04375 0.09111111111111111
0 0.43 0.5666666666666667 0.1275 0.23555555555555555
3 0.449375 0.32 0.08875 0.1111111111111111
0 0.319375 0.55 0.08875 0.19777777777777777
1 0.14375 0.3322222222222222 0.0575 0.10444444444444445
1 0.365 0.31222222222222223 0.0575 0.11333333333333333
0 0.67375 0.2688888888888889 0.06 0.08888888888888889
0 0.64875 0.5522222222222222 0.1275 0.20222222222222222
0 0.65875 0.24555555555555555 0.0625 0.08666666666666667
1 0.085 0.5611111111111111 0.115 0.1711111111111111
1 0.104375 0.3811111111111111 0.07375 0.13555555555555557
0 0.70875 0.39666666666666667 0.09 0.09555555555555556
0 0.89125 0.3988888888888889 0.085 0.11333333333333333
0 0.65625 0.20777777777777778 0.07 0.09111111111111111
1 0.928125 0.4666666666666667 0.09125 0.19111111111111112
1 0.04375 0.45666666666666667 0.08 0.1622222222222222
0 0.613125 0.47 0.11625 0.14
0 0.44375 0.44 0.1025 0.17333333333333334
0 0.603125 0.38666666666666666 0.10375 0.12444444444444444
0 0.86 0.33 0.0775 0.13111111111111112
1 0.800625 0.27111111111111114 0.06375 0.12
1 0.29 0.21666666666666667 0.05 0.09555555555555556
0 0.27 0.2633333333333333 0.0525 0.07777777777777778
1 0.145 0.46 0.08 0.1511111111111111
1 0.35875 0.37333333333333335 0.0725 0.13333333333333333
1 0.729375 0.4488888888888889 0.08875 0.17777777777777778
1 0.78875 0.23666666666666666 0.055 0.11333333333333333
0 0.60375 0.3233333333333333 0.09 0.10444444444444445
