0 0.391875 0.2877777777777778 0.05625 0.08666666666666667
0 0.85625 0.24666666666666667 0.0525 0.10666666666666667
0 0.96875 0.4077777777777778 0.06 0.10444444444444445
0 0.085 0.5833333333333334 0.115 0.14
0 0.7725 0.5944444444444444 0.1225 0.12666666666666668
0 0.653125 0.5833333333333334 0.12625 0.14444444444444443
0 0.805 0.2788888888888889 0.0725 0.12222222222222222
0 0.59375 0.2388888888888889 0.07 0.09555555555555556
0 0.6525 0.22333333333333333 0.0625 0.08666666666666667
0 0.32625 0.47555555555555556 0.1025 0.1288888888888889
0 0.09625 0.3988888888888889 0.0775 0.10444444444444445
0 0.186875 0.3988888888888889 0.07875 0.09555555555555556
0 0.89 0.2722222222222222 0.0675 0.12222222222222222
0 0.145625 0.46111111111111114 0.09625 0.13555555555555557
0 0.45375 0.37666666666666665 0.0825 0.12666666666666668
0 0.35625 0.38 0.095 0.1288888888888889
0 0.93125 0.4688888888888889 0.1075 0.1511111111111111
0 0.746875 0.4811111111111111 0.10875 0.12222222222222222
0 0.6075 0.36666666666666664 0.105 0.16444444444444445
0 0.681875 0.30444444444444446 0.07625 0.13333333333333333
0 0.3025 0.5788888888888889 0.125 0.14
3 0.45125 0.31555555555555553 0.0825 0.12444444444444444
0 0.943125 0.33555555555555555 0.05875 0.10222222222222223
1 0.390625 0.23 0.06625 0.10444444444444445
2 0.17375 0.2822222222222222 0.055 0.1288888888888889
0 0.89125 0.4022222222222222 0.085 0.10666666666666667
0 0.368125 0.31222222222222223 0.07375 0.11777777777777777
0 0.291875 0.21333333333333335 0.05125 0.09333333333333334
1 0.790625 0.2311111111111111 0.05875 0.10666666666666667
0 0.138125 0.3288888888888889 0.06375 0.1111111111111111
0 0.615 0.47 0.1225 0.14
1 0.76 0.19666666666666666 0.055 0.11333333333333333
0 0.575625 0.2088888888888889 0.05875 0.08444444444444445
0 0.71625 0.37555555555555553 0.09 0.12444444444444444
0 0.43625 0.5488888888888889 0.13 0.17777777777777778
0 0.85125 0.3466666666666667 0.0925 0.08444444444444445
1 0.4225 0.18777777777777777 0.045 0.08666666666666667
0 0.045625 0.4811111111111111 0.08875 0.11333333333333333
0 0.42875 0.45444444444444443 0.1 0.14444444444444443
0 0.45 0.3188888888888889 0.0825 0.12666666666666668
