0 0.38875 0.2922222222222222 0.06 0.08222222222222222
1 0.225 0.3233333333333333 0.065 0.12222222222222222
0 0.678125 0.2722222222222222 0.06125 0.11333333333333333
0 0.2925 0.5777777777777777 0.1225 0.15555555555555556
0 0.60375 0.3233333333333333 0.0925 0.11333333333333333
0 0.390625 0.23444444444444446 0.06875 0.09111111111111111
0 0.610625 0.48444444444444446 0.11625 0.14222222222222222
0 0.655 0.24555555555555555 0.0525 0.1
0 0.94125 0.33555555555555555 0.06 0.09777777777777778
0 0.649375 0.20555555555555555 0.05875 0.06444444444444444
0 0.085 0.5788888888888889 0.1175 0.15333333333333332
0 0.69125 0.33111111111111113 0.0875 0.10666666666666667
0 0.85125 0.3466666666666667 0.0875 0.08888888888888889
0 0.7175 0.4077777777777778 0.0925 0.09555555555555556
0 0.889375 0.3055555555555556 0.06875 0.07777777777777778
0 0.468125 0.23444444444444446 0.05625 0.09111111111111111
0 0.431875 0.5755555555555556 0.13375 0.1511111111111111
0 0.449375 0.3844444444444444 0.08375 0.1288888888888889
0 0.25375 0.2911111111111111 0.06 0.08888888888888889
0 0.26375 0.24888888888888888 0.0425 0.08444444444444445
1 0.191875 0.3877777777777778 0.07875 0.11333333333333333
0 0.890625 0.40444444444444444 0.08625 0.10222222222222223
0 0.1 0.39444444444444443 0.0825 0.11777777777777777
0 0.041875 0.4811111111111111 0.08375 0.12222222222222222
1 0.590625 0.22555555555555556 0.06125 0.11333333333333333
0 0.6025 0.39444444444444443 0.1075 0.11333333333333333
0 0.139375 0.48 0.09875 0.1288888888888889
0 0.326875 0.4766666666666667 0.09875 0.13555555555555557
0 0.434375 0.4711111111111111 0.11125 0.14666666666666667
0 0.92875 0.4711111111111111 0.1075 0.1511111111111111
0 0.808125 0.2822222222222222 0.07625 0.12
0 0.36875 0.32555555555555554 0.065 0.09555555555555556
1 0.574375 0.20777777777777778 0.05625 0.09555555555555556
0 0.4575 0.32 0.0875 0.12
0 0.764375 0.21555555555555556 0.06125 0.08888888888888889
2 0.206875 0.2611111111111111 0.04375 0.09111111111111111
0 0.48125 0.18222222222222223 0.055 0.08
0 0.745 0.48333333333333334 0.1175 0.13555555555555557
0 0.865 0.2477777777777778 0.055 0.1
0 0.17125 0.2922222222222222 0.0625 0.10444444444444445
0 0.9625 0.4033333333333333 0.07 0.10444444444444445
0 0.141875 0.3433333333333333 0.06625 0.09111111111111111
0 0.770625 0.5955555555555555 0.13125 0.1288888888888889
0 0.624375 0.5388888888888889 0.11125 0.22
0 0.355625 0.39444444444444443 0.08625 0.11333333333333333
0 0.78625 0.24555555555555555 0.06 0.09555555555555556
