0 0.48 0.18222222222222223 0.0575 0.08888888888888889
0 0.385625 0.25 0.06875 0.08666666666666667
0 0.14 0.4811111111111111 0.1 0.13111111111111112
0 0.459375 0.31666666666666665 0.08375 0.11777777777777777
0 0.739375 0.48333333333333334 0.10875 0.12222222222222222
0 0.94125 0.3377777777777778 0.07 0.10222222222222223
0 0.589375 0.25333333333333335 0.06375 0.08
0 0.18875 0.4077777777777778 0.0775 0.09555555555555556
0 0.9675 0.4066666666666667 0.0625 0.10222222222222223
0 0.874375 0.2477777777777778 0.04625 0.08666666666666667
0 0.891875 0.4066666666666667 0.08375 0.10222222222222223
0 0.715 0.40444444444444444 0.0975 0.09777777777777778
0 0.769375 0.5688888888888889 0.12125 0.17333333333333334
0 0.583125 0.18666666666666668 0.06375 0.08
1 0.205 0.2588888888888889 0.0425 0.09111111111111111
0 0.409375 0.21222222222222223 0.04375 0.08222222222222222
0 0.784375 0.24666666666666667 0.05875 0.08888888888888889
0 0.761875 0.22 0.05875 0.08
0 0.098125 0.4 0.08875 0.1111111111111111
0 0.299375 0.22 0.05125 0.08444444444444445
0 0.14375 0.3433333333333333 0.0725 0.09111111111111111
0 0.60875 0.47444444444444445 0.115 0.13111111111111112
0 0.6025 0.32 0.0925 0.12444444444444444
0 0.925625 0.4722222222222222 0.10875 0.14888888888888888
0 0.324375 0.4777777777777778 0.10125 0.1288888888888889
0 0.25 0.29444444444444445 0.065 0.08222222222222222
0 0.271875 0.25333333333333335 0.04875 0.08888888888888889
0 0.36375 0.32 0.075 0.1111111111111111
0 0.650625 0.2011111111111111 0.06125 0.06
0 0.35625 0.38666666666666666 0.09 0.12
0 0.6925 0.3322222222222222 0.0875 0.10444444444444445
0 0.676875 0.27 0.06125 0.11333333333333333
0 0.29375 0.5811111111111111 0.1175 0.14888888888888888
0 0.89375 0.2911111111111111 0.075 0.10222222222222223
0 0.5775 0.22111111111111112 0.0575 0.07333333333333333
0 0.04125 0.48333333333333334 0.0825 0.11777777777777777
0 0.434375 0.4722222222222222 0.11375 0.13111111111111112
0 0.228125 0.3244444444444444 0.07625 0.12444444444444444
0 0.4675 0.2388888888888889 0.065 0.09111111111111111
0 0.43125 0.5766666666666667 0.135 0.14888888888888888
0 0.809375 0.28444444444444444 0.07625 0.12444444444444444
0 0.64375 0.5655555555555556 0.125 0.20666666666666667
0 0.171875 0.29333333333333333 0.06625 0.10666666666666667
0 0.085 0.5811111111111111 0.1175 0.15333333333333332
0 0.605 0.38666666666666666 0.105 0.12444444444444444
0 0.4525 0.38555555555555554 0.085 0.12666666666666668
0 0.85125 0.3477777777777778 0.09 0.09111111111111111
