0 0.78375 0.25 0.0575 0.09111111111111111
0 0.80875 0.28444444444444444 0.075 0.12
0 0.675625 0.2833333333333333 0.08125 0.09555555555555556
0 0.8725 0.24666666666666667 0.045 0.08
0 0.458125 0.32 0.08875 0.1288888888888889
0 0.190625 0.3977777777777778 0.07875 0.10666666666666667
0 0.763125 0.21666666666666667 0.06125 0.08666666666666667
0 0.2075 0.26222222222222225 0.045 0.08444444444444445
0 0.268125 0.2544444444444444 0.05625 0.08666666666666667
0 0.1425 0.34444444444444444 0.0675 0.09333333333333334
0 0.25625 0.2966666666666667 0.065 0.08666666666666667
0 0.9425 0.3388888888888889 0.06 0.08222222222222222
0 0.851875 0.3488888888888889 0.09875 0.08444444444444445
0 0.04125 0.48333333333333334 0.0825 0.12222222222222222
0 0.645625 0.5588888888888889 0.13125 0.21555555555555556
0 0.233125 0.22555555555555556 0.04125 0.08666666666666667
0 0.365 0.3244444444444444 0.0775 0.10666666666666667
0 0.086875 0.5788888888888889 0.11375 0.15333333333333332
0 0.92625 0.47555555555555556 0.115 0.14666666666666667
0 0.451875 0.38666666666666666 0.08875 0.13333333333333333
0 0.386875 0.2477777777777778 0.06875 0.08666666666666667
0 0.69375 0.33 0.09 0.10444444444444445
0 0.74 0.48444444444444446 0.1075 0.12
0 0.4325 0.5744444444444444 0.135 0.14444444444444443
0 0.293125 0.5822222222222222 0.11875 0.14666666666666667
0 0.1375 0.4866666666666667 0.1075 0.12444444444444444
0 0.435 0.47888888888888886 0.115 0.13555555555555557
0 0.650625 0.2111111111111111 0.06125 0.07111111111111111
0 0.9675 0.41 0.0625 0.09111111111111111
0 0.600625 0.31666666666666665 0.09125 0.12666666666666668
0 0.57625 0.2088888888888889 0.055 0.08888888888888889
0 0.355 0.4022222222222222 0.0925 0.09777777777777778
0 0.2275 0.3411111111111111 0.075 0.10444444444444445
0 0.174375 0.2922222222222222 0.06625 0.10444444444444445
0 0.2975 0.2222222222222222 0.055 0.08444444444444445
0 0.41375 0.22444444444444445 0.05 0.07555555555555556
0 0.603125 0.39111111111111113 0.10875 0.12
0 0.479375 0.1811111111111111 0.05875 0.08222222222222222
0 0.60625 0.47444444444444445 0.115 0.13111111111111112
0 0.586875 0.18777777777777777 0.05375 0.08222222222222222
0 0.32625 0.47555555555555556 0.1 0.13333333333333333
0 0.88875 0.3 0.0725 0.08888888888888889
0 0.770625 0.5666666666666667 0.12125 0.17777777777777778
0 0.89125 0.40555555555555556 0.09 0.10444444444444445
0 0.593125 0.2722222222222222 0.06875 0.09555555555555556
0 0.84 0.24888888888888888 0.05 0.09333333333333334
0 0.715625 0.40555555555555556 0.09625 0.09555555555555556
0 0.096875 0.3988888888888889 0.08125 0.10888888888888888
