0 0.25375 0.30333333333333334 0.0775 0.07777777777777778
0 0.26875 0.25666666666666665 0.0525 0.08222222222222222
0 0.691875 0.3244444444444444 0.08875 0.11555555555555555
0 0.6025 0.32222222222222224 0.095 0.1111111111111111
0 0.233125 0.22444444444444445 0.04375 0.08888888888888889
0 0.834375 0.2388888888888889 0.05125 0.09555555555555556
0 0.14 0.3466666666666667 0.0725 0.08888888888888889
0 0.59 0.2311111111111111 0.065 0.09333333333333334
0 0.35375 0.4 0.09 0.09777777777777778
0 0.924375 0.47333333333333333 0.11125 0.14666666666666667
0 0.87375 0.2477777777777778 0.045 0.07777777777777778
0 0.71375 0.4022222222222222 0.1 0.09333333333333334
0 0.65125 0.21888888888888888 0.0575 0.06444444444444444
0 0.966875 0.4 0.06375 0.10222222222222223
0 0.45 0.3844444444444444 0.0875 0.12
0 0.939375 0.34 0.06375 0.08444444444444445
0 0.8925 0.4022222222222222 0.0875 0.10666666666666667
0 0.761875 0.21666666666666667 0.06125 0.08222222222222222
0 0.73625 0.48444444444444446 0.115 0.11555555555555555
0 0.188125 0.4088888888888889 0.08875 0.09333333333333334
0 0.88875 0.3022222222222222 0.075 0.07555555555555556
0 0.77125 0.5666666666666667 0.115 0.17333333333333334
0 0.783125 0.25 0.06125 0.08666666666666667
0 0.43125 0.5733333333333334 0.1375 0.14666666666666667
0 0.364375 0.3277777777777778 0.07875 0.09555555555555556
0 0.413125 0.21888888888888888 0.04625 0.06888888888888889
0 0.23 0.3511111111111111 0.08 0.08
0 0.809375 0.2866666666666667 0.07875 0.10666666666666667
0 0.13875 0.4855555555555556 0.105 0.11777777777777777
0 0.3275 0.4766666666666667 0.0925 0.12666666666666668
0 0.478125 0.18444444444444444 0.05875 0.07555555555555556
0 0.665 0.25333333333333335 0.06 0.06666666666666667
1 0.204375 0.2644444444444444 0.05375 0.08888888888888889
0 0.08375 0.5777777777777777 0.12 0.14666666666666667
0 0.84875 0.35 0.0925 0.08222222222222222
0 0.385625 0.24888888888888888 0.07125 0.08888888888888889
0 0.604375 0.38333333333333336 0.10625 0.11777777777777777
0 0.640625 0.5911111111111111 0.14375 0.13777777777777778
0 0.298125 0.22111111111111112 0.05375 0.08666666666666667
0 0.461875 0.2411111111111111 0.06375 0.07333333333333333
0 0.431875 0.4766666666666667 0.11625 0.13111111111111112
0 0.455 0.31666666666666665 0.0875 0.11777777777777777
0 0.583125 0.18555555555555556 0.06875 0.07777777777777778
0 0.04 0.48333333333333334 0.08 0.11777777777777777
0 0.61375 0.4688888888888889 0.1225 0.13777777777777778
0 0.095 0.3977777777777778 0.085 0.10666666666666667
0 0.168125 0.30666666666666664 0.06875 0.07555555555555556
