0 0.231875 0.22333333333333333 0.04625 0.08666666666666667
0 0.668125 0.27555555555555555 0.06625 0.1111111111111111
0 0.853125 0.33444444444444443 0.08125 0.10444444444444445
0 0.856875 0.24888888888888888 0.06125 0.09333333333333334
0 0.268125 0.25555555555555554 0.04375 0.08888888888888889
0 0.414375 0.21777777777777776 0.04375 0.08
0 0.804375 0.2777777777777778 0.07375 0.12
0 0.584375 0.2288888888888889 0.06625 0.10222222222222223
0 0.479375 0.22666666666666666 0.04875 0.06666666666666667
0 0.433125 0.4722222222222222 0.11875 0.14
0 0.69 0.32222222222222224 0.0825 0.11555555555555555
0 0.893125 0.2866666666666667 0.05625 0.09777777777777778
0 0.420625 0.18777777777777777 0.04875 0.07777777777777778
0 0.93625 0.3277777777777778 0.0625 0.11333333333333333
0 0.370625 0.3188888888888889 0.07875 0.10888888888888888
0 0.356875 0.3888888888888889 0.09125 0.11555555555555555
0 0.03875 0.4677777777777778 0.0775 0.14888888888888888
0 0.64875 0.5533333333333333 0.15 0.2088888888888889
0 0.29375 0.21888888888888888 0.05 0.09555555555555556
0 0.785 0.24222222222222223 0.0575 0.1111111111111111
0 0.93375 0.4633333333333333 0.1175 0.16666666666666666
0 0.460625 0.27111111111111114 0.06875 0.10222222222222223
0 0.4525 0.37777777777777777 0.085 0.13777777777777778
0 0.6025 0.37777777777777777 0.1 0.13777777777777778
0 0.76 0.2111111111111111 0.06 0.09777777777777778
0 0.774375 0.5644444444444444 0.11625 0.18222222222222223
0 0.299375 0.5522222222222222 0.11625 0.18888888888888888
0 0.5975 0.31666666666666665 0.085 0.13111111111111112
0 0.706875 0.3933333333333333 0.08875 0.10666666666666667
0 0.08 0.5633333333333334 0.11 0.1711111111111111
0 0.6025 0.47 0.1075 0.13555555555555557
0 0.65 0.19333333333333333 0.0575 0.057777777777777775
0 0.734375 0.4677777777777778 0.10625 0.14888888888888888
0 0.096875 0.3788888888888889 0.07875 0.14
0 0.3275 0.4622222222222222 0.09 0.14666666666666667
0 0.233125 0.3433333333333333 0.06125 0.10444444444444445
0 0.251875 0.28888888888888886 0.06125 0.08888888888888889
0 0.48 0.18555555555555556 0.06 0.07777777777777778
0 0.650625 0.22555555555555556 0.05375 0.07777777777777778
0 0.88625 0.39666666666666667 0.09 0.12222222222222222
0 0.384375 0.24333333333333335 0.06125 0.1
0 0.460625 0.32555555555555554 0.08375 0.10888888888888888
0 0.583125 0.18444444444444444 0.06625 0.08444444444444445
0 0.431875 0.5677777777777778 0.13625 0.15333333333333332
