0 0.601875 0.3788888888888889 0.09875 0.13555555555555557
0 0.231875 0.3388888888888889 0.06375 0.1
0 0.638125 0.5577777777777778 0.13375 0.19555555555555557
0 0.3575 0.3877777777777778 0.09 0.11333333333333333
0 0.971875 0.39444444444444443 0.05375 0.10888888888888888
0 0.770625 0.5633333333333334 0.12375 0.18
0 0.255 0.2866666666666667 0.0575 0.08888888888888889
0 0.29375 0.21555555555555556 0.05 0.09777777777777778
0 0.69 0.32222222222222224 0.0825 0.1111111111111111
0 0.888125 0.39444444444444443 0.09125 0.12222222222222222
0 0.583125 0.18444444444444444 0.06625 0.08
0 0.783125 0.2411111111111111 0.05625 0.10444444444444445
0 0.669375 0.27444444444444444 0.07125 0.10888888888888888
0 0.32625 0.46555555555555556 0.09 0.14444444444444443
0 0.853125 0.33555555555555555 0.08375 0.09777777777777778
0 0.9375 0.33111111111111113 0.065 0.1111111111111111
0 0.384375 0.24444444444444444 0.06875 0.09777777777777778
0 0.598125 0.31777777777777777 0.08875 0.1288888888888889
0 0.205625 0.26222222222222225 0.05125 0.08888888888888889
0 0.1775 0.30333333333333334 0.0575 0.08666666666666667
0 0.434375 0.47 0.11875 0.13555555555555557
0 0.888125 0.2833333333333333 0.06375 0.10888888888888888
0 0.8575 0.2511111111111111 0.0525 0.09777777777777778
0 0.583125 0.23444444444444446 0.06625 0.09111111111111111
0 0.8025 0.27444444444444444 0.0725 0.13555555555555557
0 0.76 0.2111111111111111 0.06 0.09333333333333334
0 0.453125 0.37555555555555553 0.08625 0.13777777777777778
0 0.65125 0.21 0.0625 0.08222222222222222
0 0.609375 0.46555555555555556 0.11875 0.13555555555555557
0 0.1825 0.39111111111111113 0.0875 0.1288888888888889
0 0.735 0.4677777777777778 0.1075 0.14888888888888888
0 0.93125 0.4633333333333333 0.1175 0.1622222222222222
0 0.270625 0.2544444444444444 0.04125 0.08666666666666667
0 0.370625 0.32 0.07875 0.10666666666666667
0 0.46 0.2677777777777778 0.07 0.1
0 0.43125 0.5666666666666667 0.1375 0.1511111111111111
0 0.0725 0.56 0.0925 0.18222222222222223
0 0.46 0.3211111111111111 0.0825 0.10888888888888888
0 0.480625 0.18555555555555556 0.05875 0.07777777777777778
0 0.2325 0.22555555555555556 0.045 0.08666666666666667
0 0.705 0.39555555555555555 0.0875 0.10222222222222223
0 0.039375 0.4666666666666667 0.07625 0.14666666666666667
0 0.296875 0.5522222222222222 0.11875 0.18444444444444444
