0 0.429375 0.5633333333333334 0.13625 0.15333333333333332
0 0.888125 0.39666666666666667 0.09125 0.11777777777777777
0 0.32625 0.4677777777777778 0.0925 0.14
0 0.2925 0.5633333333333334 0.1175 0.16666666666666666
1 0.785 0.23666666666666666 0.0575 0.10888888888888888
0 0.5975 0.31777777777777777 0.09 0.1111111111111111
0 0.70625 0.3977777777777778 0.095 0.09777777777777778
0 0.854375 0.3377777777777778 0.08375 0.09777777777777778
0 0.13875 0.48444444444444446 0.1025 0.11555555555555555
0 0.459375 0.2722222222222222 0.07625 0.10888888888888888
0 0.269375 0.2544444444444444 0.04375 0.08222222222222222
0 0.4275 0.19111111111111112 0.0375 0.07555555555555556
0 0.578125 0.21888888888888888 0.06125 0.07333333333333333
0 0.43125 0.46444444444444444 0.1125 0.13333333333333333
0 0.636875 0.5755555555555556 0.13625 0.16
0 0.29375 0.21666666666666667 0.05 0.09111111111111111
0 0.184375 0.4011111111111111 0.08375 0.1
0 0.6075 0.4677777777777778 0.1225 0.13555555555555557
0 0.35375 0.39111111111111113 0.09 0.1111111111111111
0 0.92375 0.46111111111111114 0.1125 0.1711111111111111
0 0.81 0.2777777777777778 0.0725 0.12
0 0.64875 0.21777777777777776 0.0575 0.07111111111111111
0 0.47875 0.18555555555555556 0.06 0.07777777777777778
0 0.093125 0.3877777777777778 0.07625 0.12222222222222222
1 0.75875 0.20333333333333334 0.0575 0.10444444444444445
0 0.255 0.3022222222222222 0.0725 0.08
0 0.668125 0.27444444444444444 0.07125 0.10888888888888888
0 0.588125 0.2611111111111111 0.07375 0.06888888888888889
0 0.59875 0.38333333333333336 0.105 0.12666666666666668
0 0.1775 0.3055555555555556 0.0575 0.08666666666666667
0 0.450625 0.3788888888888889 0.08875 0.13111111111111112
0 0.2325 0.2222222222222222 0.045 0.09333333333333334
0 0.03875 0.4688888888888889 0.0775 0.14222222222222222
0 0.6475 0.19444444444444445 0.0575 0.05555555555555555
0 0.41625 0.21444444444444444 0.045 0.08222222222222222
0 0.4575 0.32222222222222224 0.0825 0.1111111111111111
0 0.69125 0.3244444444444444 0.09 0.10666666666666667
0 0.771875 0.5677777777777778 0.12125 0.1711111111111111
0 0.579375 0.18444444444444444 0.06625 0.08
0 0.88625 0.28555555555555556 0.0675 0.11777777777777777
0 0.205625 0.2611111111111111 0.05125 0.08666666666666667
0 0.383125 0.2388888888888889 0.06625 0.10444444444444445
0 0.8575 0.2477777777777778 0.0475 0.08666666666666667
0 0.22875 0.33 0.075 0.10888888888888888
0 0.071875 0.5755555555555556 0.10875 0.1511111111111111
0 0.941875 0.3322222222222222 0.05625 0.1
0 0.96875 0.39444444444444443 0.055 0.11333333333333333
0 0.7375 0.4766666666666667 0.1125 0.13555555555555557
0 0.37 0.32222222222222224 0.0775 0.10222222222222223
0 0.14 0.33444444444444443 0.075 0.10888888888888888
