0 0.63875 0.5777777777777777 0.135 0.15555555555555556
0 0.429375 0.4722222222222222 0.10875 0.13555555555555557
0 0.185625 0.40444444444444444 0.08375 0.09777777777777778
0 0.26875 0.25555555555555554 0.045 0.08444444444444445
0 0.370625 0.31444444444444447 0.07875 0.11333333333333333
0 0.585625 0.2611111111111111 0.07125 0.06444444444444444
0 0.771875 0.5688888888888889 0.12375 0.1688888888888889
0 0.6925 0.3244444444444444 0.09 0.1111111111111111
0 0.205625 0.2611111111111111 0.04875 0.08666666666666667
0 0.70625 0.3977777777777778 0.095 0.09777777777777778
0 0.854375 0.3377777777777778 0.08375 0.09777777777777778
0 0.6 0.38333333333333336 0.105 0.12666666666666668
0 0.430625 0.5666666666666667 0.13875 0.1511111111111111
0 0.2325 0.22333333333333333 0.045 0.09111111111111111
0 0.578125 0.21888888888888888 0.06125 0.06444444444444444
0 0.580625 0.18444444444444444 0.06875 0.08
0 0.45625 0.32 0.0825 0.11555555555555555
0 0.4525 0.3788888888888889 0.0825 0.13555555555555557
0 0.075 0.5755555555555556 0.1075 0.1511111111111111
0 0.093125 0.38666666666666666 0.07625 0.1288888888888889
0 0.139375 0.33666666666666667 0.07375 0.10444444444444445
0 0.478125 0.18444444444444444 0.06125 0.07555555555555556
0 0.73875 0.47888888888888886 0.1175 0.13555555555555557
0 0.2925 0.5666666666666667 0.1175 0.16444444444444445
0 0.384375 0.2411111111111111 0.06875 0.09555555555555556
0 0.649375 0.21888888888888888 0.06125 0.07333333333333333
0 0.5975 0.32 0.0925 0.11555555555555555
0 0.255 0.3022222222222222 0.0725 0.08
0 0.928125 0.31666666666666665 0.06875 0.11333333333333333
0 0.17625 0.3055555555555556 0.0575 0.08666666666666667
0 0.67 0.27666666666666667 0.0725 0.10444444444444445
0 0.228125 0.3322222222222222 0.07625 0.10888888888888888
0 0.355 0.39 0.095 0.10888888888888888
0 0.428125 0.19 0.04125 0.07333333333333333
0 0.29375 0.21777777777777776 0.05 0.08888888888888889
0 0.460625 0.27444444444444444 0.07625 0.1
0 0.88625 0.3977777777777778 0.0925 0.11555555555555555
0 0.76125 0.2088888888888889 0.065 0.09333333333333334
0 0.8075 0.2866666666666667 0.075 0.10222222222222223
0 0.03875 0.47 0.0775 0.14
0 0.885 0.2777777777777778 0.0675 0.1111111111111111
0 0.135625 0.47333333333333333 0.09875 0.13333333333333333
0 0.32375 0.4677777777777778 0.095 0.13555555555555557
0 0.97 0.39444444444444443 0.0525 0.10888888888888888
0 0.921875 0.4622222222222222 0.11125 0.17333333333333334
0 0.85875 0.2477777777777778 0.0475 0.08666666666666667
0 0.610625 0.4677777777777778 0.12875 0.13555555555555557
0 0.415625 0.21666666666666667 0.04125 0.07777777777777778
