0 0.38375 0.24444444444444444 0.0625 0.08444444444444445
0 0.585625 0.18555555555555556 0.06125 0.08222222222222222
0 0.09 0.39111111111111113 0.0775 0.12
0 0.36875 0.31555555555555553 0.075 0.12444444444444444
0 0.58375 0.24444444444444444 0.07 0.08444444444444445
0 0.6025 0.4711111111111111 0.125 0.14222222222222222
0 0.63875 0.5766666666666667 0.135 0.16666666666666666
0 0.9625 0.39111111111111113 0.0625 0.1111111111111111
0 0.8875 0.4 0.0975 0.12
0 0.476875 0.18555555555555556 0.06375 0.07777777777777778
0 0.441875 0.5533333333333333 0.10375 0.16
0 0.354375 0.3933333333333333 0.09375 0.1111111111111111
0 0.07125 0.5766666666666667 0.1175 0.15333333333333332
0 0.413125 0.21666666666666667 0.04625 0.07777777777777778
0 0.773125 0.5633333333333334 0.12625 0.18
0 0.596875 0.38666666666666666 0.10625 0.1288888888888889
0 0.29125 0.5733333333333334 0.1175 0.16
0 0.77875 0.24333333333333335 0.0625 0.10444444444444445
0 0.455 0.3288888888888889 0.0875 0.09777777777777778
0 0.42625 0.19 0.0425 0.07333333333333333
0 0.295 0.21888888888888888 0.0525 0.08666666666666667
0 0.75875 0.21222222222222223 0.0625 0.09111111111111111
0 0.13625 0.47888888888888886 0.0975 0.13555555555555557
0 0.138125 0.34 0.06875 0.10222222222222223
0 0.65 0.21222222222222223 0.06 0.06888888888888889
0 0.43375 0.4688888888888889 0.095 0.12
0 0.45125 0.38222222222222224 0.0875 0.1288888888888889
0 0.851875 0.34 0.08625 0.10222222222222223
0 0.176875 0.3022222222222222 0.06125 0.08888888888888889
0 0.705 0.39666666666666667 0.095 0.10444444444444445
0 0.254375 0.29888888888888887 0.05875 0.08666666666666667
0 0.230625 0.3322222222222222 0.06875 0.11777777777777777
0 0.934375 0.33111111111111113 0.06875 0.08444444444444445
0 0.809375 0.2788888888888889 0.07875 0.13111111111111112
0 0.5975 0.3211111111111111 0.095 0.11777777777777777
0 0.321875 0.4688888888888889 0.09875 0.13333333333333333
0 0.20625 0.2644444444444444 0.04 0.08888888888888889
0 0.6675 0.2822222222222222 0.0675 0.09777777777777778
0 0.0375 0.47333333333333333 0.075 0.14666666666666667
0 0.7325 0.4811111111111111 0.11 0.13111111111111112
0 0.69125 0.32555555555555554 0.0925 0.11333333333333333
0 0.92875 0.47 0.105 0.1622222222222222
0 0.269375 0.26 0.04375 0.08
0 0.18375 0.3977777777777778 0.08 0.1111111111111111
0 0.88625 0.27555555555555555 0.0675 0.12
0 0.46 0.27666666666666667 0.0825 0.09555555555555556
