0 0.599375 0.3844444444444444 0.10875 0.1288888888888889
0 0.60375 0.4711111111111111 0.1225 0.13777777777777778
0 0.596875 0.32 0.09125 0.11555555555555555
0 0.85625 0.2511111111111111 0.0525 0.08888888888888889
0 0.705625 0.3977777777777778 0.09625 0.09777777777777778
0 0.18375 0.4 0.0775 0.1111111111111111
0 0.450625 0.3244444444444444 0.08125 0.10666666666666667
0 0.778125 0.24444444444444444 0.06375 0.10222222222222223
0 0.850625 0.34 0.08625 0.09777777777777778
0 0.666875 0.27666666666666667 0.06625 0.10444444444444445
0 0.138125 0.3388888888888889 0.07375 0.1
0 0.453125 0.37666666666666665 0.08375 0.13111111111111112
0 0.4775 0.22666666666666666 0.05 0.06666666666666667
0 0.205625 0.2611111111111111 0.04375 0.08666666666666667
0 0.8875 0.27555555555555555 0.0675 0.12
0 0.425 0.19111111111111112 0.0425 0.07111111111111111
0 0.889375 0.3988888888888889 0.09625 0.11333333333333333
0 0.0375 0.47 0.075 0.14444444444444443
0 0.25375 0.29777777777777775 0.065 0.08444444444444445
0 0.81 0.27666666666666667 0.075 0.12666666666666668
0 0.295625 0.21666666666666667 0.05125 0.08666666666666667
0 0.65 0.21222222222222223 0.06 0.07777777777777778
0 0.58375 0.24222222222222223 0.07 0.08888888888888889
0 0.4275 0.4633333333333333 0.1075 0.14444444444444443
0 0.428125 0.5622222222222222 0.13125 0.16
0 0.07125 0.5722222222222222 0.11 0.15333333333333332
0 0.135 0.4766666666666667 0.0975 0.13111111111111112
0 0.76875 0.5744444444444444 0.125 0.15777777777777777
0 0.23 0.3288888888888889 0.0725 0.11555555555555555
0 0.69125 0.3233333333333333 0.0875 0.10888888888888888
0 0.369375 0.31333333333333335 0.07375 0.11555555555555555
0 0.175625 0.30444444444444446 0.06375 0.08444444444444445
0 0.931875 0.3322222222222222 0.06625 0.08666666666666667
0 0.231875 0.22333333333333333 0.04375 0.09555555555555556
0 0.93 0.4633333333333333 0.1075 0.15777777777777777
0 0.385 0.24222222222222223 0.0625 0.08444444444444445
0 0.41375 0.21555555555555556 0.045 0.08
0 0.476875 0.18444444444444444 0.06375 0.07555555555555556
0 0.09 0.39 0.0775 0.12222222222222222
0 0.353125 0.3933333333333333 0.09375 0.1111111111111111
0 0.736875 0.48 0.11375 0.1288888888888889
0 0.32375 0.4711111111111111 0.0975 0.13333333333333333
0 0.964375 0.3933333333333333 0.05875 0.10666666666666667
0 0.584375 0.18333333333333332 0.06125 0.07777777777777778
0 0.460625 0.27444444444444444 0.07625 0.1
0 0.6375 0.5755555555555556 0.135 0.16444444444444445
0 0.75875 0.2111111111111111 0.06 0.08888888888888889
0 0.26875 0.25666666666666665 0.045 0.08222222222222222
