0 0.451875 0.37666666666666665 0.08625 0.13111111111111112
0 0.809375 0.27666666666666667 0.07375 0.12666666666666668
0 0.598125 0.38333333333333336 0.10875 0.12666666666666668
0 0.85125 0.3377777777777778 0.09 0.09777777777777778
0 0.32625 0.4711111111111111 0.095 0.13333333333333333
0 0.58375 0.24333333333333335 0.07 0.08666666666666667
0 0.175625 0.3088888888888889 0.06375 0.07555555555555556
0 0.6375 0.5744444444444444 0.135 0.16666666666666666
0 0.6025 0.47 0.12 0.13555555555555557
0 0.7575 0.21222222222222223 0.06 0.09111111111111111
0 0.136875 0.3388888888888889 0.07125 0.1
0 0.46 0.2777777777777778 0.0775 0.09777777777777778
0 0.738125 0.48 0.12125 0.13333333333333333
0 0.885625 0.27666666666666667 0.06875 0.12222222222222222
0 0.385 0.24333333333333335 0.0625 0.09111111111111111
0 0.37 0.31222222222222223 0.075 0.11777777777777777
0 0.963125 0.39111111111111113 0.06125 0.10666666666666667
0 0.931875 0.3322222222222222 0.06875 0.08666666666666667
0 0.25375 0.29888888888888887 0.0675 0.08222222222222222
0 0.4125 0.21666666666666667 0.0475 0.07777777777777778
0 0.5975 0.3211111111111111 0.0925 0.11333333333333333
0 0.425 0.19111111111111112 0.0425 0.07111111111111111
0 0.036875 0.47 0.07375 0.14444444444444443
0 0.77875 0.24444444444444444 0.065 0.09777777777777778
0 0.666875 0.2777777777777778 0.06625 0.10666666666666667
0 0.295625 0.21666666666666667 0.05125 0.08666666666666667
0 0.20375 0.26 0.05 0.08444444444444445
0 0.4525 0.32666666666666666 0.08 0.10666666666666667
0 0.855625 0.25 0.05125 0.09111111111111111
0 0.888125 0.3977777777777778 0.09625 0.11555555555555555
0 0.23 0.33 0.075 0.11333333333333333
0 0.180625 0.4011111111111111 0.06875 0.11777777777777777
0 0.930625 0.46555555555555556 0.10875 0.15333333333333332
0 0.58375 0.18222222222222223 0.0625 0.08
0 0.690625 0.32555555555555554 0.08875 0.10888888888888888
0 0.42625 0.5655555555555556 0.135 0.15333333333333332
0 0.353125 0.39222222222222225 0.09125 0.10888888888888888
0 0.706875 0.3977777777777778 0.09625 0.09777777777777778
0 0.07 0.5744444444444444 0.11 0.15333333333333332
0 0.26875 0.2577777777777778 0.045 0.08
0 0.76875 0.5788888888888889 0.1225 0.14444444444444443
0 0.134375 0.47888888888888886 0.10125 0.13111111111111112
0 0.090625 0.3877777777777778 0.07875 0.12666666666666668
0 0.4275 0.4688888888888889 0.1125 0.14222222222222222
0 0.64875 0.21333333333333335 0.06 0.08
0 0.4775 0.18555555555555556 0.0625 0.07777777777777778
