0 0.175 0.3055555555555556 0.06 0.08666666666666667
0 0.781875 0.24888888888888888 0.05875 0.09333333333333334
0 0.89375 0.39666666666666667 0.0825 0.10888888888888888
0 0.1375 0.3377777777777778 0.07 0.10222222222222223
0 0.575625 0.21888888888888888 0.06375 0.06888888888888889
0 0.036875 0.47 0.07375 0.14
0 0.138125 0.4777777777777778 0.09125 0.1288888888888889
0 0.429375 0.4711111111111111 0.11125 0.13777777777777778
0 0.47625 0.2222222222222222 0.0525 0.06666666666666667
0 0.88625 0.2877777777777778 0.0675 0.11333333333333333
0 0.76875 0.5788888888888889 0.13 0.15333333333333332
0 0.736875 0.48444444444444446 0.12125 0.1288888888888889
0 0.44875 0.37777777777777777 0.09 0.1288888888888889
0 0.6675 0.2777777777777778 0.07 0.10666666666666667
0 0.25125 0.2966666666666667 0.0675 0.08666666666666667
0 0.09125 0.39111111111111113 0.08 0.11555555555555555
0 0.235 0.22111111111111112 0.045 0.09555555555555556
0 0.3275 0.4722222222222222 0.0925 0.13555555555555557
0 0.086875 0.5677777777777778 0.09875 0.16666666666666666
0 0.460625 0.2777777777777778 0.07125 0.09333333333333334
0 0.850625 0.34 0.08875 0.09333333333333334
0 0.930625 0.4666666666666667 0.10875 0.15555555555555556
0 0.693125 0.3244444444444444 0.08875 0.1111111111111111
0 0.613125 0.4688888888888889 0.11375 0.13777777777777778
0 0.47875 0.18555555555555556 0.06 0.07777777777777778
0 0.764375 0.2111111111111111 0.06125 0.08444444444444445
0 0.413125 0.21888888888888888 0.04625 0.07777777777777778
0 0.29 0.5666666666666667 0.1175 0.16
0 0.70875 0.4 0.0925 0.09333333333333334
0 0.2275 0.3411111111111111 0.08 0.09111111111111111
0 0.9375 0.33666666666666667 0.0525 0.09111111111111111
0 0.65 0.21444444444444444 0.0625 0.08222222222222222
0 0.369375 0.31333333333333335 0.07375 0.11555555555555555
0 0.42625 0.5655555555555556 0.135 0.15333333333333332
0 0.838125 0.22111111111111112 0.03875 0.06444444444444444
0 0.60625 0.38222222222222224 0.0975 0.12444444444444444
0 0.591875 0.27111111111111114 0.07125 0.09333333333333334
0 0.855 0.25222222222222224 0.0525 0.09111111111111111
0 0.449375 0.32222222222222224 0.08125 0.10666666666666667
0 0.80875 0.27555555555555555 0.075 0.1288888888888889
0 0.27 0.2577777777777778 0.0425 0.08
0 0.35125 0.3888888888888889 0.0925 0.1111111111111111
0 0.606875 0.32222222222222224 0.08125 0.10222222222222223
0 0.295 0.21777777777777776 0.0525 0.08444444444444445
0 0.58375 0.18333333333333332 0.0625 0.07777777777777778
0 0.633125 0.5811111111111111 0.13125 0.14888888888888888
0 0.18125 0.4 0.075 0.10222222222222223
0 0.20375 0.26 0.05 0.08888888888888889
0 0.3875 0.24666666666666667 0.065 0.08888888888888889
