0 0.479375 0.18555555555555556 0.06125 0.07777777777777778
0 0.08625 0.57 0.1025 0.15333333333333332
0 0.575 0.22111111111111112 0.0625 0.07333333333333333
0 0.133125 0.4766666666666667 0.09875 0.12666666666666668
0 0.70625 0.3988888888888889 0.095 0.09555555555555556
0 0.6925 0.3233333333333333 0.09 0.11333333333333333
0 0.78125 0.24666666666666667 0.06 0.09333333333333334
0 0.929375 0.3322222222222222 0.06875 0.08222222222222222
0 0.448125 0.3233333333333333 0.08375 0.10444444444444445
0 0.3675 0.31555555555555553 0.075 0.1111111111111111
1 0.2025 0.26 0.05 0.08444444444444445
0 0.449375 0.3811111111111111 0.09125 0.12222222222222222
0 0.25125 0.29555555555555557 0.065 0.08888888888888889
0 0.76375 0.21333333333333335 0.0625 0.08444444444444445
0 0.64875 0.21555555555555556 0.065 0.08
0 0.46 0.2788888888888889 0.07 0.09555555555555556
0 0.233125 0.22555555555555556 0.04625 0.09111111111111111
0 0.85375 0.25333333333333335 0.0525 0.09333333333333334
0 0.590625 0.2722222222222222 0.07375 0.09555555555555556
0 0.605 0.39 0.1 0.11333333333333333
0 0.27 0.2544444444444444 0.0425 0.08666666666666667
0 0.385625 0.24888888888888888 0.06375 0.08444444444444445
0 0.223125 0.35 0.07625 0.08222222222222222
0 0.58375 0.18222222222222223 0.0625 0.07555555555555556
0 0.8075 0.27444444444444444 0.0725 0.13111111111111112
0 0.608125 0.3211111111111111 0.08375 0.1
0 0.32875 0.4711111111111111 0.0925 0.13333333333333333
0 0.8925 0.27666666666666667 0.0525 0.11333333333333333
0 0.83875 0.2222222222222222 0.035 0.06222222222222222
0 0.611875 0.4711111111111111 0.11375 0.13333333333333333
0 0.6675 0.2811111111111111 0.0675 0.1
0 0.736875 0.48333333333333334 0.11625 0.12666666666666668
0 0.8525 0.3322222222222222 0.0875 0.10888888888888888
0 0.6325 0.5777777777777777 0.13 0.16
0 0.928125 0.46555555555555556 0.10625 0.15333333333333332
0 0.76875 0.5788888888888889 0.13 0.14888888888888888
0 0.18 0.3988888888888889 0.075 0.10888888888888888
0 0.291875 0.21444444444444444 0.05125 0.09111111111111111
0 0.03625 0.47 0.0725 0.14
0 0.42875 0.4711111111111111 0.11 0.13777777777777778
0 0.131875 0.3377777777777778 0.06375 0.10222222222222223
0 0.35125 0.3877777777777778 0.0925 0.11333333333333333
0 0.090625 0.3877777777777778 0.07875 0.12666666666666668
0 0.4775 0.22444444444444445 0.0525 0.06666666666666667
0 0.424375 0.5677777777777778 0.13625 0.14888888888888888
0 0.406875 0.21444444444444444 0.04875 0.07777777777777778
0 0.96375 0.3977777777777778 0.06 0.09777777777777778
0 0.8925 0.39555555555555555 0.0825 0.10666666666666667
0 0.1725 0.30666666666666664 0.0675 0.07555555555555556
0 0.29 0.5711111111111111 0.12 0.1511111111111111
