0 0.574375 0.2222222222222222 0.05875 0.07555555555555556
0 0.889375 0.27444444444444444 0.06125 0.11333333333333333
0 0.8525 0.25333333333333335 0.055 0.10222222222222223
0 0.609375 0.3211111111111111 0.08625 0.1
0 0.7775 0.2311111111111111 0.0675 0.10666666666666667
0 0.449375 0.38222222222222224 0.09125 0.12444444444444444
0 0.806875 0.27666666666666667 0.07125 0.12666666666666668
0 0.58375 0.18555555555555556 0.0625 0.07777777777777778
0 0.290625 0.21666666666666667 0.05625 0.09111111111111111
0 0.29125 0.5711111111111111 0.1175 0.15555555555555556
0 0.894375 0.3977777777777778 0.08375 0.1111111111111111
0 0.691875 0.32555555555555554 0.08875 0.11333333333333333
0 0.4275 0.5677777777777778 0.1375 0.15333333333333332
0 0.251875 0.29777777777777775 0.06375 0.08888888888888889
0 0.965625 0.38 0.06375 0.13777777777777778
0 0.9275 0.4688888888888889 0.105 0.15555555555555556
0 0.175 0.3088888888888889 0.065 0.08
0 0.8525 0.33111111111111113 0.085 0.11555555555555555
0 0.385 0.2477777777777778 0.065 0.08666666666666667
0 0.44875 0.3244444444444444 0.085 0.11555555555555555
0 0.036875 0.4722222222222222 0.07375 0.14444444444444443
0 0.650625 0.21777777777777776 0.06625 0.08444444444444445
0 0.09875 0.37777777777777777 0.0725 0.13777777777777778
0 0.366875 0.31555555555555553 0.07625 0.11555555555555555
0 0.613125 0.4722222222222222 0.11375 0.14
0 0.181875 0.4 0.07375 0.1111111111111111
0 0.2325 0.22777777777777777 0.0475 0.09111111111111111
0 0.3525 0.39 0.095 0.11777777777777777
0 0.63375 0.5744444444444444 0.1325 0.1622222222222222
0 0.83875 0.2222222222222222 0.0375 0.06222222222222222
0 0.706875 0.3988888888888889 0.09375 0.09555555555555556
0 0.76375 0.21666666666666667 0.0625 0.09111111111111111
0 0.4625 0.2811111111111111 0.0675 0.1
0 0.4775 0.22666666666666666 0.055 0.06222222222222222
0 0.603125 0.39111111111111113 0.09875 0.11555555555555555
0 0.41875 0.18777777777777777 0.0425 0.07777777777777778
0 0.429375 0.4722222222222222 0.10625 0.14444444444444443
0 0.769375 0.5788888888888889 0.12875 0.15333333333333332
0 0.08625 0.5688888888888889 0.1 0.1511111111111111
0 0.223125 0.35 0.07375 0.08666666666666667
0 0.928125 0.3322222222222222 0.06875 0.07777777777777778
0 0.66875 0.2811111111111111 0.0675 0.10444444444444445
0 0.479375 0.18444444444444444 0.06125 0.08
0 0.590625 0.2733333333333333 0.07125 0.09777777777777778
0 0.326875 0.4766666666666667 0.09625 0.13555555555555557
0 0.409375 0.21777777777777776 0.04375 0.07555555555555556
0 0.13375 0.48 0.0975 0.1288888888888889
0 0.203125 0.26 0.04875 0.08444444444444445
0 0.136875 0.3411111111111111 0.05625 0.1
0 0.735 0.4811111111111111 0.12 0.13111111111111112
0 0.271875 0.26 0.04125 0.08
