0 0.925625 0.4711111111111111 0.10875 0.1511111111111111
0 0.928125 0.3277777777777778 0.07375 0.09555555555555556
0 0.77 0.5822222222222222 0.1225 0.14222222222222222
0 0.0825 0.5733333333333334 0.105 0.14222222222222222
0 0.8525 0.3388888888888889 0.0925 0.09555555555555556
0 0.448125 0.3811111111111111 0.08875 0.12222222222222222
0 0.290625 0.21333333333333335 0.05625 0.08888888888888889
0 0.61125 0.4711111111111111 0.115 0.13777777777777778
0 0.60625 0.3211111111111111 0.0875 0.1
0 0.445 0.32555555555555554 0.0825 0.10444444444444445
0 0.4525 0.27111111111111114 0.065 0.09333333333333334
0 0.885625 0.2788888888888889 0.06625 0.10444444444444445
0 0.233125 0.22444444444444445 0.04875 0.08888888888888889
0 0.866875 0.24666666666666667 0.04625 0.08
0 0.43 0.47444444444444445 0.105 0.13555555555555557
0 0.143125 0.3377777777777778 0.05875 0.10222222222222223
0 0.58875 0.2777777777777778 0.0725 0.08
0 0.290625 0.5722222222222222 0.11625 0.14888888888888888
0 0.42375 0.19111111111111112 0.0475 0.07111111111111111
0 0.7625 0.21555555555555556 0.0625 0.08444444444444445
0 0.668125 0.2788888888888889 0.07125 0.10444444444444445
0 0.65 0.21666666666666667 0.06 0.07777777777777778
0 0.039375 0.4677777777777778 0.07625 0.14444444444444443
0 0.480625 0.18444444444444444 0.05875 0.08888888888888889
0 0.385 0.24666666666666667 0.065 0.08444444444444445
0 0.170625 0.3088888888888889 0.04875 0.07555555555555556
0 0.58625 0.24444444444444444 0.0675 0.08
0 0.74 0.4811111111111111 0.12 0.13555555555555557
0 0.57625 0.22111111111111112 0.065 0.07333333333333333
0 0.58375 0.18555555555555556 0.065 0.08222222222222222
0 0.705625 0.39666666666666667 0.09875 0.09555555555555556
0 0.644375 0.5855555555555556 0.12625 0.14888888888888888
0 0.12875 0.47888888888888886 0.095 0.12222222222222222
0 0.693125 0.3233333333333333 0.08875 0.10888888888888888
1 0.2025 0.25666666666666665 0.0525 0.08222222222222222
0 0.330625 0.4711111111111111 0.09625 0.13777777777777778
0 0.275 0.2588888888888889 0.045 0.07333333333333333
0 0.895 0.39666666666666667 0.085 0.10888888888888888
0 0.1 0.38666666666666666 0.075 0.12444444444444444
0 0.25375 0.2966666666666667 0.0625 0.08666666666666667
0 0.366875 0.31333333333333335 0.07625 0.1111111111111111
0 0.809375 0.27555555555555555 0.07625 0.1288888888888889
0 0.9675 0.39555555555555555 0.0625 0.1111111111111111
0 0.429375 0.5588888888888889 0.13625 0.1622222222222222
0 0.603125 0.38666666666666666 0.10375 0.12
0 0.7825 0.25 0.0575 0.08222222222222222
0 0.350625 0.39 0.09875 0.11777777777777777
