0 0.04375 0.47333333333333333 0.0825 0.13333333333333333
0 0.605625 0.32222222222222224 0.09625 0.1111111111111111
0 0.6125 0.47 0.1175 0.13555555555555557
0 0.16625 0.2911111111111111 0.0625 0.09777777777777778
0 0.328125 0.4711111111111111 0.09375 0.13777777777777778
0 0.771875 0.5811111111111111 0.12375 0.14
0 0.479375 0.18333333333333332 0.06125 0.08666666666666667
0 0.363125 0.31222222222222223 0.07375 0.11333333333333333
0 0.233125 0.22666666666666666 0.04875 0.08888888888888889
0 0.45625 0.25 0.055 0.08666666666666667
0 0.709375 0.37222222222222223 0.08125 0.13111111111111112
0 0.8525 0.3377777777777778 0.0925 0.09777777777777778
0 0.290625 0.21666666666666667 0.05625 0.09111111111111111
0 0.58875 0.2477777777777778 0.0725 0.07777777777777778
0 0.74125 0.47888888888888886 0.1175 0.13555555555555557
0 0.14375 0.3377777777777778 0.0575 0.09777777777777778
0 0.925625 0.4677777777777778 0.11125 0.15333333333333332
0 0.891875 0.3977777777777778 0.08625 0.1111111111111111
0 0.2525 0.2922222222222222 0.065 0.08666666666666667
0 0.645 0.5833333333333334 0.13 0.15333333333333332
0 0.66875 0.28 0.0675 0.09777777777777778
0 0.43 0.5677777777777778 0.14 0.14888888888888888
0 0.885625 0.27666666666666667 0.06375 0.11777777777777777
0 0.4475 0.38 0.09 0.1288888888888889
0 0.27875 0.2633333333333333 0.05 0.07777777777777778
0 0.9425 0.33666666666666667 0.065 0.09111111111111111
0 0.420625 0.19111111111111112 0.04875 0.07111111111111111
0 0.206875 0.2577777777777778 0.04375 0.07555555555555556
0 0.583125 0.18555555555555556 0.06375 0.07777777777777778
0 0.81 0.27666666666666667 0.075 0.12222222222222222
0 0.35125 0.3888888888888889 0.095 0.11555555555555555
0 0.5725 0.22 0.065 0.07555555555555556
0 0.29 0.5733333333333334 0.1175 0.14666666666666667
0 0.965625 0.39555555555555555 0.06625 0.10666666666666667
0 0.651875 0.22 0.06375 0.07555555555555556
0 0.430625 0.4711111111111111 0.11125 0.13777777777777778
0 0.40875 0.22111111111111112 0.0475 0.07333333333333333
0 0.09875 0.38666666666666666 0.07 0.12444444444444444
0 0.688125 0.32222222222222224 0.07375 0.10222222222222223
0 0.44375 0.3233333333333333 0.085 0.11777777777777777
0 0.7825 0.25222222222222224 0.0575 0.08222222222222222
0 0.603125 0.3877777777777778 0.10375 0.11777777777777777
1 0.1325 0.4677777777777778 0.0825 0.14
0 0.085 0.5711111111111111 0.1025 0.16444444444444445
0 0.765 0.21 0.065 0.09111111111111111
