0 0.675625 0.2811111111111111 0.07125 0.09111111111111111
0 0.3725 0.3188888888888889 0.0775 0.10888888888888888
0 0.445 0.3244444444444444 0.0825 0.1111111111111111
0 0.276875 0.2611111111111111 0.05375 0.07333333333333333
0 0.429375 0.5666666666666667 0.13875 0.1511111111111111
0 0.290625 0.21666666666666667 0.05875 0.09111111111111111
0 0.86 0.25333333333333335 0.0525 0.08
0 0.446875 0.38 0.09125 0.12444444444444444
0 0.590625 0.23666666666666666 0.07125 0.09555555555555556
0 0.61125 0.4711111111111111 0.12 0.13333333333333333
0 0.885 0.2811111111111111 0.0675 0.10888888888888888
0 0.22375 0.3322222222222222 0.0725 0.1
0 0.65 0.21555555555555556 0.06 0.06666666666666667
0 0.94 0.33111111111111113 0.07 0.08
0 0.04125 0.4722222222222222 0.08 0.13555555555555557
0 0.7325 0.45 0.1125 0.16666666666666666
0 0.761875 0.21333333333333335 0.06375 0.08444444444444445
0 0.60125 0.32 0.095 0.11555555555555555
0 0.893125 0.4011111111111111 0.09375 0.10444444444444445
0 0.924375 0.47 0.11875 0.14888888888888888
0 0.419375 0.19 0.05125 0.06444444444444444
0 0.643125 0.5844444444444444 0.13125 0.14666666666666667
0 0.434375 0.4766666666666667 0.11625 0.12666666666666668
0 0.689375 0.3211111111111111 0.08375 0.10888888888888888
0 0.853125 0.3377777777777778 0.09375 0.09777777777777778
0 0.081875 0.5733333333333334 0.10375 0.1511111111111111
0 0.466875 0.2788888888888889 0.06875 0.09111111111111111
0 0.769375 0.5633333333333334 0.11875 0.18444444444444444
0 0.600625 0.3877777777777778 0.10875 0.11777777777777777
0 0.2975 0.55 0.1025 0.17555555555555555
0 0.38375 0.2477777777777778 0.0725 0.08666666666666667
0 0.174375 0.2966666666666667 0.06125 0.1
0 0.5825 0.18666666666666668 0.0675 0.08
0 0.22875 0.22777777777777777 0.05 0.07777777777777778
0 0.96875 0.39555555555555555 0.0575 0.10666666666666667
0 0.330625 0.47 0.08625 0.13555555555555557
0 0.708125 0.39666666666666667 0.08625 0.09555555555555556
0 0.248125 0.2966666666666667 0.06375 0.07777777777777778
0 0.479375 0.18444444444444444 0.06125 0.08
0 0.781875 0.25222222222222224 0.06125 0.08222222222222222
0 0.208125 0.26222222222222225 0.04625 0.07555555555555556
0 0.47375 0.22444444444444445 0.05 0.06222222222222222
0 0.35375 0.4022222222222222 0.09 0.09777777777777778
0 0.81 0.2777777777777778 0.075 0.12444444444444444
0 0.41375 0.22 0.0475 0.07111111111111111
0 0.095 0.39111111111111113 0.0675 0.12444444444444444
