0 0.7825 0.24444444444444444 0.06 0.08888888888888889
0 0.208125 0.2588888888888889 0.04625 0.08666666666666667
0 0.64625 0.19666666666666666 0.06 0.06
0 0.384375 0.24555555555555555 0.06875 0.09555555555555556
0 0.609375 0.4711111111111111 0.12125 0.13777777777777778
0 0.84875 0.3466666666666667 0.095 0.08444444444444445
0 0.59 0.23555555555555555 0.0725 0.09333333333333334
0 0.891875 0.3977777777777778 0.09125 0.11555555555555555
0 0.97 0.3988888888888889 0.0575 0.10444444444444445
0 0.3525 0.40444444444444444 0.085 0.09777777777777778
0 0.8375 0.2222222222222222 0.045 0.08444444444444445
0 0.4275 0.5722222222222222 0.1325 0.14444444444444443
0 0.6 0.3888888888888889 0.11 0.11555555555555555
0 0.809375 0.2788888888888889 0.07375 0.12222222222222222
0 0.48125 0.18555555555555556 0.06 0.07777777777777778
0 0.316875 0.4711111111111111 0.09375 0.12444444444444444
0 0.656875 0.24 0.06125 0.07555555555555556
0 0.13375 0.4811111111111111 0.08 0.12666666666666668
0 0.223125 0.3333333333333333 0.07375 0.10666666666666667
0 0.603125 0.32222222222222224 0.09125 0.10222222222222223
0 0.445625 0.31666666666666665 0.07875 0.11333333333333333
0 0.14375 0.34 0.0675 0.09777777777777778
0 0.65 0.21888888888888888 0.06 0.07333333333333333
0 0.69125 0.3211111111111111 0.0825 0.10888888888888888
0 0.483125 0.22666666666666666 0.04875 0.07111111111111111
0 0.45375 0.3811111111111111 0.0875 0.12222222222222222
0 0.76 0.20444444444444446 0.0625 0.10222222222222223
0 0.3 0.5711111111111111 0.1125 0.16
0 0.670625 0.2788888888888889 0.06125 0.09111111111111111
0 0.250625 0.29888888888888887 0.05875 0.07777777777777778
0 0.08375 0.5677777777777778 0.1025 0.15777777777777777
0 0.7325 0.48 0.105 0.11555555555555555
0 0.580625 0.18444444444444444 0.06625 0.08
0 0.370625 0.32 0.07375 0.1111111111111111
0 0.040625 0.47 0.07875 0.13555555555555557
1 0.92375 0.32 0.0575 0.12
0 0.186875 0.3988888888888889 0.08125 0.10444444444444445
0 0.291875 0.21888888888888888 0.06125 0.08666666666666667
0 0.178125 0.29444444444444445 0.05875 0.1
0 0.23 0.2222222222222222 0.0475 0.08888888888888889
0 0.430625 0.47333333333333333 0.11875 0.13777777777777778
0 0.713125 0.4011111111111111 0.09875 0.09111111111111111
0 0.766875 0.5666666666666667 0.12125 0.17333333333333334
0 0.41625 0.21888888888888888 0.045 0.07777777777777778
0 0.8825 0.2822222222222222 0.065 0.1111111111111111
0 0.095625 0.3877777777777778 0.07625 0.12666666666666668
0 0.275 0.2633333333333333 0.06 0.07777777777777778
0 0.64 0.58 0.14 0.15555555555555556
0 0.928125 0.46555555555555556 0.12375 0.1622222222222222
