0 0.84875 0.3466666666666667 0.095 0.08444444444444445
0 0.18 0.3055555555555556 0.0625 0.07777777777777778
0 0.599375 0.39111111111111113 0.10875 0.11555555555555555
0 0.41625 0.22 0.0425 0.07555555555555556
0 0.711875 0.4011111111111111 0.10125 0.09555555555555556
0 0.350625 0.4011111111111111 0.09125 0.1
0 0.453125 0.3788888888888889 0.08625 0.12222222222222222
0 0.761875 0.2111111111111111 0.06375 0.08888888888888889
0 0.931875 0.4666666666666667 0.11375 0.15555555555555556
0 0.765625 0.5677777777777778 0.11875 0.17555555555555555
0 0.61125 0.4688888888888889 0.12 0.14222222222222222
0 0.6 0.32222222222222224 0.0975 0.10666666666666667
0 0.654375 0.2411111111111111 0.05375 0.09111111111111111
0 0.250625 0.29888888888888887 0.05625 0.07777777777777778
1 0.131875 0.4633333333333333 0.08375 0.15777777777777777
0 0.274375 0.2644444444444444 0.05875 0.07555555555555556
0 0.645625 0.19444444444444445 0.05625 0.06
0 0.444375 0.3188888888888889 0.07875 0.11333333333333333
0 0.1875 0.3988888888888889 0.0775 0.10444444444444445
0 0.59 0.23444444444444446 0.07 0.09111111111111111
0 0.923125 0.3211111111111111 0.06625 0.11777777777777777
0 0.3175 0.47555555555555556 0.095 0.12
0 0.809375 0.2777777777777778 0.07375 0.12444444444444444
0 0.224375 0.3322222222222222 0.07375 0.10888888888888888
0 0.858125 0.2588888888888889 0.05375 0.08222222222222222
0 0.433125 0.5555555555555556 0.14375 0.15555555555555556
0 0.834375 0.2222222222222222 0.04375 0.08
0 0.8925 0.3977777777777778 0.0925 0.11555555555555555
0 0.09625 0.38555555555555554 0.07 0.12666666666666668
0 0.690625 0.3211111111111111 0.08125 0.10444444444444445
0 0.580625 0.18444444444444444 0.06625 0.08
0 0.430625 0.47 0.11625 0.13111111111111112
0 0.081875 0.5766666666666667 0.10625 0.14444444444444443
0 0.7825 0.24555555555555555 0.0575 0.09111111111111111
0 0.30125 0.5722222222222222 0.115 0.14888888888888888
0 0.385 0.24444444444444444 0.0725 0.09777777777777778
0 0.370625 0.32 0.07625 0.10666666666666667
0 0.97 0.4 0.06 0.10222222222222223
0 0.88625 0.2833333333333333 0.06 0.1
0 0.144375 0.3422222222222222 0.06875 0.09333333333333334
0 0.231875 0.22111111111111112 0.04375 0.08666666666666667
0 0.670625 0.2811111111111111 0.06375 0.09111111111111111
0 0.04125 0.4722222222222222 0.08 0.14
0 0.291875 0.22 0.06125 0.08888888888888889
0 0.735625 0.48 0.11625 0.11555555555555555
0 0.480625 0.18666666666666668 0.06125 0.08
0 0.638125 0.5822222222222222 0.13875 0.1511111111111111
0 0.203125 0.2577777777777778 0.05625 0.08444444444444445
