0 0.81 0.28555555555555556 0.08 0.1
0 0.459375 0.2477777777777778 0.05875 0.08222222222222222
0 0.0825 0.5777777777777777 0.105 0.14666666666666667
0 0.598125 0.32 0.09625 0.1111111111111111
0 0.784375 0.2477777777777778 0.05875 0.09111111111111111
0 0.969375 0.4011111111111111 0.05875 0.1
0 0.761875 0.21222222222222223 0.06125 0.08666666666666667
0 0.38375 0.24666666666666667 0.07 0.09333333333333334
0 0.1425 0.3422222222222222 0.0675 0.09333333333333334
1 0.925625 0.3211111111111111 0.06375 0.11777777777777777
0 0.645625 0.19777777777777777 0.05875 0.057777777777777775
0 0.8875 0.2866666666666667 0.0575 0.09777777777777778
0 0.934375 0.4677777777777778 0.11375 0.15333333333333332
0 0.7125 0.4 0.1 0.09777777777777778
0 0.228125 0.3488888888888889 0.07875 0.08
0 0.736875 0.4811111111111111 0.11625 0.11333333333333333
0 0.430625 0.4777777777777778 0.11625 0.1288888888888889
0 0.04125 0.4711111111111111 0.08 0.13777777777777778
0 0.185625 0.3988888888888889 0.08375 0.10888888888888888
0 0.45125 0.38333333333333336 0.0875 0.12222222222222222
0 0.76625 0.5688888888888889 0.1175 0.16
0 0.889375 0.3977777777777778 0.09125 0.11555555555555555
0 0.246875 0.3 0.06625 0.08
0 0.46 0.31666666666666665 0.0825 0.12222222222222222
0 0.09625 0.38222222222222224 0.075 0.13777777777777778
0 0.6 0.3933333333333333 0.11 0.1111111111111111
0 0.57875 0.18666666666666668 0.0625 0.07555555555555556
0 0.130625 0.4811111111111111 0.08625 0.12222222222222222
0 0.67 0.2822222222222222 0.0675 0.09333333333333334
0 0.435 0.57 0.1375 0.14
0 0.585625 0.22777777777777777 0.06625 0.09555555555555556
0 0.848125 0.34555555555555556 0.09625 0.08666666666666667
0 0.63875 0.5811111111111111 0.1375 0.15333333333333332
0 0.351875 0.40444444444444444 0.08875 0.09333333333333334
0 0.2325 0.2222222222222222 0.045 0.08888888888888889
0 0.321875 0.4722222222222222 0.09625 0.12666666666666668
0 0.275 0.2633333333333333 0.0625 0.07777777777777778
0 0.30125 0.5733333333333334 0.115 0.14666666666666667
0 0.370625 0.3211111111111111 0.07625 0.10444444444444445
0 0.480625 0.18888888888888888 0.06125 0.08
0 0.86125 0.25666666666666665 0.0525 0.07777777777777778
0 0.690625 0.3211111111111111 0.08125 0.10888888888888888
2 0.4225 0.17555555555555555 0.045 0.09333333333333334
0 0.6475 0.21666666666666667 0.0575 0.06444444444444444
0 0.60875 0.4711111111111111 0.1175 0.13777777777777778
0 0.288125 0.21777777777777776 0.05375 0.08888888888888889
0 0.83125 0.2222222222222222 0.0525 0.08444444444444445
0 0.1775 0.30777777777777776 0.065 0.07333333333333333
0 0.2025 0.2588888888888889 0.055 0.08222222222222222
