0 0.7075 0.4 0.095 0.08888888888888889
0 0.58 0.18444444444444444 0.065 0.08
0 0.095 0.38666666666666666 0.08 0.12444444444444444
0 0.86125 0.2544444444444444 0.055 0.08222222222222222
0 0.84875 0.3388888888888889 0.095 0.09555555555555556
0 0.175625 0.30777777777777776 0.06875 0.07333333333333333
0 0.145 0.3433333333333333 0.0725 0.09111111111111111
0 0.43125 0.47333333333333333 0.115 0.13333333333333333
0 0.69125 0.32222222222222224 0.0825 0.10666666666666667
2 0.925625 0.3233333333333333 0.05875 0.11777777777777777
0 0.29125 0.21888888888888888 0.0525 0.09111111111111111
0 0.785 0.24555555555555555 0.0625 0.09111111111111111
0 0.8875 0.3933333333333333 0.09 0.12444444444444444
0 0.201875 0.26222222222222225 0.05125 0.08
0 0.453125 0.38222222222222224 0.08375 0.12
0 0.271875 0.2611111111111111 0.05625 0.07777777777777778
0 0.460625 0.3188888888888889 0.08375 0.11777777777777777
0 0.59875 0.39111111111111113 0.115 0.11555555555555555
0 0.1325 0.4722222222222222 0.0875 0.13555555555555557
0 0.30125 0.5677777777777778 0.1125 0.1622222222222222
0 0.320625 0.47555555555555556 0.09625 0.1288888888888889
0 0.0375 0.47444444444444445 0.075 0.13555555555555557
0 0.234375 0.2222222222222222 0.04625 0.08444444444444445
0 0.60875 0.47 0.115 0.13555555555555557
0 0.433125 0.5622222222222222 0.13375 0.16
0 0.67 0.2822222222222222 0.0675 0.09333333333333334
0 0.598125 0.3233333333333333 0.09625 0.10888888888888888
0 0.883125 0.29333333333333333 0.05375 0.08444444444444445
1 0.968125 0.3977777777777778 0.06125 0.10666666666666667
0 0.2475 0.29555555555555557 0.0675 0.08444444444444445
0 0.765 0.5711111111111111 0.1275 0.16444444444444445
0 0.228125 0.35 0.07875 0.08222222222222222
0 0.371875 0.32666666666666666 0.07875 0.10222222222222223
0 0.631875 0.5744444444444444 0.13375 0.1711111111111111
0 0.41625 0.21888888888888888 0.0425 0.07777777777777778
0 0.734375 0.4633333333333333 0.11625 0.14888888888888888
0 0.48 0.18555555555555556 0.06 0.07777777777777778
0 0.351875 0.4 0.08875 0.09777777777777778
0 0.185625 0.4022222222222222 0.07625 0.09777777777777778
0 0.929375 0.4688888888888889 0.11375 0.1511111111111111
0 0.583125 0.23666666666666666 0.06625 0.09555555555555556
0 0.083125 0.5733333333333334 0.10625 0.15555555555555556
0 0.648125 0.21333333333333335 0.05875 0.07555555555555556
0 0.383125 0.2477777777777778 0.07125 0.09111111111111111
0 0.76125 0.21444444444444444 0.0625 0.08666666666666667
0 0.8325 0.22 0.0475 0.08
0 0.80875 0.2866666666666667 0.0775 0.09777777777777778
