0 0.386875 0.24666666666666667 0.06875 0.08444444444444445
0 0.608125 0.4688888888888889 0.11625 0.13777777777777778
0 0.45875 0.3244444444444444 0.0875 0.10222222222222223
0 0.0375 0.4722222222222222 0.075 0.13555555555555557
0 0.31875 0.47 0.1 0.14444444444444443
0 0.710625 0.4 0.09375 0.09333333333333334
0 0.92875 0.46555555555555556 0.11 0.14888888888888888
0 0.66875 0.28444444444444444 0.06 0.08888888888888889
0 0.45125 0.3844444444444444 0.09 0.12
0 0.37125 0.31555555555555553 0.0775 0.10666666666666667
0 0.83125 0.22444444444444445 0.05 0.08444444444444445
0 0.29875 0.21777777777777776 0.0525 0.08888888888888889
0 0.2325 0.22444444444444445 0.045 0.08444444444444445
0 0.64625 0.5777777777777777 0.1275 0.15555555555555556
0 0.140625 0.3322222222222222 0.06875 0.10888888888888888
0 0.29875 0.5733333333333334 0.12 0.14666666666666667
2 0.925 0.3188888888888889 0.05 0.11777777777777777
0 0.14125 0.49444444444444446 0.0975 0.10888888888888888
0 0.656875 0.2511111111111111 0.06125 0.07555555555555556
0 0.356875 0.3844444444444444 0.08125 0.1111111111111111
0 0.5975 0.3877777777777778 0.1125 0.11777777777777777
0 0.46 0.27444444444444444 0.0775 0.09555555555555556
0 0.225625 0.3433333333333333 0.07625 0.09111111111111111
0 0.586875 0.28888888888888886 0.06875 0.08
0 0.80875 0.28888888888888886 0.08 0.10222222222222223
0 0.18 0.3055555555555556 0.0575 0.07777777777777778
0 0.784375 0.24888888888888888 0.06125 0.09333333333333334
0 0.8625 0.25333333333333335 0.0475 0.08
0 0.433125 0.5677777777777778 0.13375 0.14444444444444443
0 0.885625 0.3933333333333333 0.09125 0.12444444444444444
0 0.246875 0.29555555555555557 0.06625 0.08444444444444445
0 0.27375 0.26 0.0525 0.08
0 0.201875 0.2588888888888889 0.05125 0.08222222222222222
0 0.094375 0.3888888888888889 0.07625 0.12444444444444444
0 0.430625 0.47555555555555556 0.11625 0.1288888888888889
0 0.584375 0.1811111111111111 0.06125 0.07777777777777778
0 0.579375 0.21555555555555556 0.06625 0.07555555555555556
0 0.77125 0.5833333333333334 0.125 0.14
0 0.606875 0.32 0.09125 0.10222222222222223
1 0.963125 0.3811111111111111 0.05875 0.12666666666666668
0 0.883125 0.2788888888888889 0.06125 0.09555555555555556
0 0.690625 0.3211111111111111 0.08125 0.10888888888888888
0 0.5925 0.23444444444444446 0.0675 0.09111111111111111
0 0.64875 0.21333333333333335 0.0575 0.07111111111111111
0 0.079375 0.5711111111111111 0.10875 0.1511111111111111
0 0.47875 0.18888888888888888 0.06 0.07555555555555556
0 0.18375 0.3977777777777778 0.08 0.1111111111111111
0 0.413125 0.21777777777777776 0.03875 0.07555555555555556
0 0.75875 0.21666666666666667 0.0625 0.08222222222222222
0 0.739375 0.47444444444444445 0.11625 0.12222222222222222
0 0.855 0.3411111111111111 0.085 0.08666666666666667
