0 0.271875 0.2633333333333333 0.05625 0.07777777777777778
0 0.43375 0.57 0.1375 0.14444444444444443
0 0.3225 0.4688888888888889 0.09 0.14666666666666667
0 0.456875 0.3211111111111111 0.08875 0.10888888888888888
0 0.784375 0.25 0.05625 0.08666666666666667
0 0.2025 0.26222222222222225 0.0525 0.08
0 0.0975 0.39222222222222225 0.0825 0.11333333333333333
0 0.480625 0.18888888888888888 0.06125 0.08444444444444445
0 0.29625 0.22 0.05 0.09333333333333334
0 0.38625 0.24555555555555555 0.0675 0.08222222222222222
0 0.1425 0.48 0.0975 0.1288888888888889
0 0.64375 0.5855555555555556 0.135 0.1711111111111111
0 0.73 0.48444444444444446 0.105 0.12444444444444444
0 0.77375 0.5588888888888889 0.125 0.17555555555555555
0 0.80875 0.2822222222222222 0.0725 0.13333333333333333
0 0.885625 0.2811111111111111 0.06375 0.09111111111111111
1 0.969375 0.4 0.05875 0.1111111111111111
0 0.138125 0.34555555555555556 0.07125 0.09111111111111111
0 0.764375 0.21333333333333335 0.06375 0.08888888888888889
0 0.07375 0.5755555555555556 0.105 0.16444444444444445
0 0.603125 0.39222222222222225 0.10875 0.11777777777777777
0 0.709375 0.3988888888888889 0.09375 0.09555555555555556
0 0.64875 0.22111111111111112 0.0675 0.08222222222222222
0 0.60625 0.3244444444444444 0.0925 0.1111111111111111
0 0.355 0.39111111111111113 0.0875 0.10666666666666667
0 0.6675 0.2866666666666667 0.0625 0.09777777777777778
0 0.236875 0.22444444444444445 0.04875 0.08444444444444445
0 0.608125 0.4711111111111111 0.11875 0.13777777777777778
0 0.36875 0.31777777777777777 0.0775 0.12
0 0.5875 0.2866666666666667 0.07 0.08444444444444445
0 0.694375 0.32666666666666666 0.08875 0.11555555555555555
0 0.461875 0.2722222222222222 0.07875 0.1
0 0.22375 0.3488888888888889 0.08 0.08888888888888889
0 0.58375 0.18555555555555556 0.065 0.07777777777777778
0 0.43 0.47555555555555556 0.12 0.14222222222222222
0 0.454375 0.38666666666666666 0.08625 0.1111111111111111
0 0.18125 0.4033333333333333 0.075 0.10444444444444445
0 0.17625 0.30777777777777776 0.0675 0.07777777777777778
0 0.88375 0.39222222222222225 0.085 0.14444444444444443
0 0.57625 0.22777777777777777 0.0625 0.06888888888888889
0 0.296875 0.5766666666666667 0.12125 0.14888888888888888
0 0.2475 0.3 0.0725 0.08
0 0.85875 0.33555555555555555 0.0875 0.09777777777777778
0 0.83375 0.2311111111111111 0.05 0.06222222222222222
0 0.038125 0.4722222222222222 0.07625 0.14
