0 0.60625 0.3233333333333333 0.095 0.11333333333333333
0 0.295625 0.5777777777777777 0.12125 0.1511111111111111
0 0.64875 0.22333333333333333 0.0625 0.07777777777777778
0 0.178125 0.3055555555555556 0.06125 0.08222222222222222
0 0.236875 0.22333333333333333 0.04625 0.08222222222222222
0 0.32 0.4711111111111111 0.0925 0.13777777777777778
0 0.666875 0.28444444444444444 0.06625 0.09777777777777778
0 0.483125 0.18888888888888888 0.05625 0.07555555555555556
7 0.806875 0.5544444444444444 0.20375 0.21555555555555556
0 0.41125 0.22111111111111112 0.05 0.07333333333333333
0 0.81 0.28 0.0725 0.12444444444444444
0 0.640625 0.5822222222222222 0.13375 0.17333333333333334
0 0.78 0.56 0.1475 0.18222222222222223
0 0.968125 0.39444444444444443 0.06125 0.11333333333333333
0 0.584375 0.18555555555555556 0.06375 0.07777777777777778
0 0.890625 0.38555555555555554 0.08125 0.14
0 0.433125 0.5644444444444444 0.13625 0.15555555555555556
0 0.275 0.2633333333333333 0.0525 0.07777777777777778
0 0.35375 0.39222222222222225 0.0875 0.10888888888888888
0 0.38875 0.2511111111111111 0.07 0.08444444444444445
0 0.205 0.2588888888888889 0.05 0.08666666666666667
0 0.295625 0.21888888888888888 0.05125 0.09111111111111111
0 0.14 0.48 0.1 0.1288888888888889
0 0.926875 0.33111111111111113 0.05625 0.1111111111111111
0 0.24625 0.3 0.07 0.08444444444444445
0 0.711875 0.39555555555555555 0.09375 0.09777777777777778
0 0.726875 0.47888888888888886 0.10125 0.12222222222222222
0 0.0375 0.47555555555555556 0.075 0.14222222222222222
0 0.461875 0.2733333333333333 0.07625 0.09333333333333334
0 0.454375 0.3244444444444444 0.08125 0.10222222222222223
0 0.073125 0.5733333333333334 0.11125 0.16444444444444445
0 0.095625 0.3888888888888889 0.08375 0.12444444444444444
0 0.783125 0.2511111111111111 0.05875 0.08
0 0.224375 0.3488888888888889 0.07125 0.08444444444444445
0 0.13625 0.3433333333333333 0.0675 0.08666666666666667
0 0.889375 0.2877777777777778 0.06375 0.08666666666666667
0 0.575 0.22111111111111112 0.0625 0.07777777777777778
0 0.691875 0.32666666666666666 0.07625 0.10666666666666667
0 0.429375 0.47555555555555556 0.12125 0.1288888888888889
0 0.603125 0.3877777777777778 0.10375 0.11333333333333333
0 0.475625 0.21888888888888888 0.05625 0.07777777777777778
0 0.18125 0.4022222222222222 0.0775 0.11555555555555555
0 0.604375 0.47 0.11625 0.14
0 0.9375 0.4677777777777778 0.1075 0.15333333333333332
0 0.7625 0.21444444444444444 0.065 0.08666666666666667
0 0.856875 0.34 0.08625 0.09333333333333334
0 0.45125 0.38 0.0925 0.1288888888888889
0 0.37 0.31777777777777777 0.08 0.11555555555555555
