0 0.24625 0.3011111111111111 0.07 0.07777777777777778
0 0.45125 0.38222222222222224 0.0925 0.12444444444444444
0 0.073125 0.5688888888888889 0.10375 0.15555555555555556
0 0.68875 0.32666666666666666 0.08 0.10222222222222223
0 0.134375 0.3388888888888889 0.06875 0.09555555555555556
0 0.17375 0.30666666666666664 0.07 0.08
0 0.7625 0.21222222222222223 0.0625 0.08666666666666667
0 0.095625 0.38666666666666666 0.08375 0.12444444444444444
0 0.603125 0.4722222222222222 0.11625 0.13555555555555557
0 0.2725 0.26222222222222225 0.0575 0.07555555555555556
0 0.204375 0.26 0.05625 0.08444444444444445
0 0.1825 0.39222222222222225 0.0725 0.11777777777777777
0 0.641875 0.5866666666666667 0.13375 0.1511111111111111
0 0.76875 0.5611111111111111 0.12 0.18
0 0.57375 0.22111111111111112 0.065 0.06888888888888889
0 0.0375 0.47333333333333333 0.075 0.13777777777777778
0 0.66375 0.28888888888888886 0.065 0.08444444444444445
0 0.294375 0.21777777777777776 0.05375 0.08888888888888889
0 0.3875 0.2511111111111111 0.0725 0.08444444444444445
0 0.463125 0.27444444444444444 0.07125 0.1
0 0.8875 0.29555555555555557 0.06 0.1111111111111111
0 0.35375 0.39 0.085 0.11333333333333333
0 0.81 0.2811111111111111 0.0725 0.12666666666666668
0 0.140625 0.47555555555555556 0.09875 0.13333333333333333
0 0.320625 0.47 0.09375 0.14
0 0.966875 0.3977777777777778 0.06375 0.09777777777777778
0 0.588125 0.2788888888888889 0.06875 0.09111111111111111
0 0.40875 0.21777777777777776 0.05 0.07555555555555556
0 0.3675 0.31444444444444447 0.0775 0.10888888888888888
0 0.451875 0.3244444444444444 0.08375 0.10222222222222223
0 0.86375 0.25555555555555554 0.0675 0.08
0 0.294375 0.5766666666666667 0.11875 0.14
0 0.6475 0.21777777777777776 0.0625 0.08
0 0.234375 0.22555555555555556 0.04625 0.08666666666666667
0 0.42875 0.47555555555555556 0.12 0.12444444444444444
0 0.225 0.35 0.0675 0.08222222222222222
0 0.70625 0.3933333333333333 0.09 0.10222222222222223
0 0.60375 0.32222222222222224 0.0925 0.10666666666666667
0 0.93875 0.47 0.0975 0.14888888888888888
0 0.47625 0.21777777777777776 0.0575 0.08
0 0.42875 0.5677777777777778 0.1375 0.14888888888888888
0 0.581875 0.18333333333333332 0.06625 0.07777777777777778
1 0.7325 0.47 0.1025 0.15777777777777777
0 0.78375 0.25222222222222224 0.0575 0.07777777777777778
0 0.8325 0.21555555555555556 0.045 0.08
0 0.6 0.39 0.1025 0.10888888888888888
