0 0.645 0.21444444444444444 0.0525 0.06888888888888889
0 0.274375 0.2633333333333333 0.05125 0.07777777777777778
0 0.43 0.47555555555555556 0.12 0.1288888888888889
0 0.88625 0.29888888888888887 0.06 0.10888888888888888
0 0.103125 0.3877777777777778 0.07875 0.12222222222222222
0 0.583125 0.18444444444444444 0.06625 0.07555555555555556
0 0.203125 0.26 0.05375 0.08444444444444445
0 0.176875 0.30666666666666664 0.06625 0.08
0 0.0375 0.4722222222222222 0.075 0.13555555555555557
0 0.600625 0.47 0.11875 0.14
0 0.896875 0.39444444444444443 0.06875 0.11777777777777777
0 0.691875 0.3244444444444444 0.08375 0.10666666666666667
0 0.59 0.2733333333333333 0.07 0.08888888888888889
0 0.77125 0.5677777777777778 0.125 0.1622222222222222
0 0.13875 0.47888888888888886 0.1025 0.12666666666666668
0 0.704375 0.39444444444444443 0.08875 0.1
0 0.864375 0.2544444444444444 0.06125 0.07333333333333333
0 0.293125 0.22 0.05625 0.08888888888888889
0 0.073125 0.5766666666666667 0.11125 0.15777777777777777
0 0.248125 0.29777777777777775 0.06125 0.08
0 0.32125 0.4666666666666667 0.0925 0.14222222222222222
0 0.463125 0.27444444444444444 0.07375 0.09555555555555556
0 0.385625 0.25 0.07125 0.08222222222222222
0 0.194375 0.3888888888888889 0.07875 0.11555555555555555
0 0.60625 0.3233333333333333 0.0925 0.10444444444444445
0 0.730625 0.46111111111111114 0.10625 0.14888888888888888
0 0.47875 0.21333333333333335 0.0575 0.08
0 0.235 0.22555555555555556 0.0475 0.08666666666666667
0 0.7875 0.24888888888888888 0.065 0.08
0 0.665 0.23777777777777778 0.0575 0.08888888888888889
0 0.664375 0.29 0.05875 0.08222222222222222
0 0.93 0.4688888888888889 0.105 0.14666666666666667
1 0.9675 0.39444444444444443 0.06 0.10444444444444445
0 0.29625 0.5755555555555556 0.12 0.14666666666666667
0 0.581875 0.23333333333333334 0.05875 0.08888888888888889
0 0.605 0.38333333333333336 0.105 0.11777777777777777
0 0.83625 0.21444444444444444 0.045 0.08222222222222222
0 0.226875 0.3377777777777778 0.07125 0.09777777777777778
0 0.36875 0.31666666666666665 0.08 0.11333333333333333
0 0.136875 0.34 0.05875 0.09333333333333334
0 0.43 0.5677777777777778 0.1375 0.14888888888888888
0 0.451875 0.38333333333333336 0.08875 0.11777777777777777
0 0.64125 0.5844444444444444 0.1375 0.16444444444444445
0 0.4525 0.32222222222222224 0.0825 0.10222222222222223
0 0.41125 0.21555555555555556 0.0475 0.07555555555555556
0 0.354375 0.38666666666666666 0.08625 0.1111111111111111
0 0.76125 0.21222222222222223 0.0625 0.08666666666666667
