0 0.29375 0.22 0.0525 0.09333333333333334
0 0.65875 0.2388888888888889 0.065 0.08666666666666667
0 0.77125 0.57 0.1275 0.15777777777777777
0 0.425 0.19333333333333333 0.0425 0.07111111111111111
0 0.27375 0.26222222222222225 0.055 0.08
0 0.385625 0.24555555555555555 0.07125 0.09555555555555556
0 0.451875 0.3233333333333333 0.08375 0.10444444444444445
0 0.92625 0.3288888888888889 0.0625 0.11555555555555555
0 0.926875 0.47 0.11375 0.14888888888888888
0 0.8375 0.2222222222222222 0.0475 0.07111111111111111
0 0.64 0.5855555555555556 0.1375 0.15777777777777777
0 0.144375 0.3422222222222222 0.06625 0.08888888888888889
0 0.25 0.29777777777777775 0.0575 0.07555555555555556
0 0.690625 0.32555555555555554 0.08375 0.10444444444444445
0 0.46 0.27 0.075 0.10444444444444445
0 0.60375 0.3244444444444444 0.0975 0.11555555555555555
0 0.7025 0.39444444444444443 0.085 0.1
0 0.60125 0.3888888888888889 0.1075 0.11555555555555555
0 0.3675 0.31777777777777777 0.0775 0.1111111111111111
0 0.036875 0.4722222222222222 0.07375 0.13111111111111112
0 0.2275 0.33111111111111113 0.0725 0.10222222222222223
0 0.20125 0.2588888888888889 0.0625 0.08666666666666667
0 0.48125 0.19333333333333333 0.0575 0.06666666666666667
0 0.1925 0.39666666666666667 0.0775 0.10888888888888888
0 0.433125 0.47555555555555556 0.11625 0.1288888888888889
0 0.96875 0.4 0.06 0.10222222222222223
0 0.13875 0.48 0.1 0.12444444444444444
0 0.89375 0.39444444444444443 0.0775 0.11333333333333333
0 0.861875 0.2544444444444444 0.06125 0.08222222222222222
0 0.428125 0.5711111111111111 0.13625 0.14222222222222222
0 0.8875 0.29333333333333333 0.06 0.09777777777777778
0 0.101875 0.39111111111111113 0.07875 0.11555555555555555
0 0.236875 0.2222222222222222 0.04625 0.08444444444444445
0 0.8125 0.27555555555555555 0.065 0.12444444444444444
0 0.35125 0.38666666666666666 0.09 0.1111111111111111
0 0.4125 0.21888888888888888 0.0425 0.07333333333333333
0 0.45 0.38333333333333336 0.09 0.11777777777777777
0 0.176875 0.30777777777777776 0.05875 0.06888888888888889
0 0.644375 0.19666666666666666 0.05125 0.06
0 0.855 0.3433333333333333 0.0875 0.08666666666666667
0 0.58375 0.18333333333333332 0.065 0.07777777777777778
0 0.07375 0.5722222222222222 0.11 0.16666666666666666
0 0.588125 0.23444444444444446 0.06625 0.09111111111111111
0 0.7325 0.46111111111111114 0.11 0.15333333333333332
0 0.33 0.47 0.0925 0.14
0 0.615 0.4711111111111111 0.1125 0.13777777777777778
0 0.295 0.5744444444444444 0.1225 0.14444444444444443
0 0.663125 0.2911111111111111 0.05875 0.08
