0 0.143125 0.47555555555555556 0.09125 0.13333333333333333
0 0.29375 0.5755555555555556 0.1225 0.1511111111111111
1 0.9275 0.32555555555555554 0.055 0.12222222222222222
0 0.733125 0.4666666666666667 0.11125 0.1511111111111111
0 0.759375 0.21333333333333335 0.05375 0.08444444444444445
0 0.6875 0.3244444444444444 0.075 0.10666666666666667
0 0.070625 0.5733333333333334 0.11125 0.1688888888888889
0 0.36875 0.31 0.0775 0.12666666666666668
0 0.273125 0.26 0.05625 0.08
0 0.429375 0.48 0.10625 0.1288888888888889
0 0.895 0.39111111111111113 0.0825 0.12
0 0.655625 0.24222222222222223 0.05125 0.08444444444444445
0 0.23375 0.22444444444444445 0.045 0.08444444444444445
0 0.85375 0.3422222222222222 0.0875 0.08888888888888889
0 0.43 0.57 0.1375 0.14444444444444443
0 0.88875 0.2922222222222222 0.06 0.1
0 0.409375 0.2222222222222222 0.05125 0.07111111111111111
0 0.603125 0.3933333333333333 0.11125 0.1111111111111111
0 0.7075 0.38333333333333336 0.085 0.12222222222222222
0 0.449375 0.3811111111111111 0.09125 0.12222222222222222
0 0.04375 0.47333333333333333 0.08 0.13777777777777778
0 0.588125 0.25555555555555554 0.07125 0.10222222222222223
0 0.64125 0.5877777777777777 0.1375 0.15777777777777777
0 0.83625 0.22555555555555556 0.045 0.06444444444444444
0 0.86125 0.2544444444444444 0.0575 0.08222222222222222
0 0.673125 0.2788888888888889 0.05875 0.10888888888888888
0 0.773125 0.5666666666666667 0.13125 0.16
0 0.603125 0.3188888888888889 0.09125 0.11333333333333333
0 0.35125 0.38666666666666666 0.0925 0.10666666666666667
0 0.424375 0.19333333333333333 0.04625 0.06666666666666667
0 0.38875 0.24 0.065 0.07111111111111111
0 0.183125 0.30666666666666664 0.05375 0.07555555555555556
0 0.249375 0.29777777777777775 0.06125 0.07555555555555556
0 0.18875 0.39111111111111113 0.075 0.1111111111111111
0 0.614375 0.4711111111111111 0.11875 0.13777777777777778
0 0.81125 0.2733333333333333 0.065 0.13777777777777778
0 0.926875 0.4688888888888889 0.12125 0.1511111111111111
0 0.468125 0.2688888888888889 0.07375 0.10666666666666667
0 0.645 0.19555555555555557 0.055 0.057777777777777775
0 0.200625 0.25333333333333335 0.05625 0.09333333333333334
0 0.480625 0.2011111111111111 0.05875 0.06888888888888889
0 0.44875 0.3211111111111111 0.0875 0.11777777777777777
0 0.331875 0.4711111111111111 0.09375 0.13777777777777778
0 0.22875 0.33111111111111113 0.0725 0.10222222222222223
1 0.97125 0.3977777777777778 0.0525 0.10222222222222223
0 0.1425 0.33555555555555555 0.0625 0.10222222222222223
0 0.583125 0.18333333333333332 0.06875 0.07777777777777778
0 0.294375 0.21555555555555556 0.05375 0.09333333333333334
0 0.1025 0.3844444444444444 0.0775 0.12444444444444444
