0 0.70625 0.39555555555555555 0.095 0.10222222222222223
0 0.096875 0.3977777777777778 0.08125 0.10666666666666667
0 0.186875 0.40444444444444444 0.08125 0.09777777777777778
0 0.070625 0.5733333333333334 0.10875 0.16444444444444445
0 0.29 0.5766666666666667 0.12 0.14444444444444443
0 0.408125 0.21888888888888888 0.04375 0.07777777777777778
0 0.46875 0.2811111111111111 0.0675 0.1
0 0.651875 0.2411111111111111 0.06125 0.08666666666666667
0 0.599375 0.39222222222222225 0.10625 0.11333333333333333
0 0.690625 0.32555555555555554 0.07875 0.10444444444444445
0 0.365625 0.31666666666666665 0.07875 0.11333333333333333
0 0.604375 0.32222222222222224 0.09625 0.10666666666666667
0 0.429375 0.47888888888888886 0.10625 0.12222222222222222
0 0.96875 0.3988888888888889 0.06 0.1
0 0.233125 0.22333333333333333 0.04625 0.08666666666666667
0 0.76125 0.21222222222222223 0.0575 0.08666666666666667
0 0.2725 0.26222222222222225 0.0575 0.08
0 0.421875 0.19333333333333333 0.04625 0.07111111111111111
0 0.2025 0.25666666666666665 0.055 0.08666666666666667
0 0.38875 0.2477777777777778 0.07 0.09111111111111111
0 0.475625 0.21555555555555556 0.06375 0.08888888888888889
0 0.735 0.48444444444444446 0.115 0.12
0 0.89125 0.39111111111111113 0.0775 0.12444444444444444
0 0.44875 0.3844444444444444 0.0925 0.12444444444444444
0 0.043125 0.4722222222222222 0.07875 0.14
0 0.64 0.5844444444444444 0.1375 0.16
0 0.861875 0.3466666666666667 0.06125 0.08444444444444445
0 0.44875 0.3233333333333333 0.0825 0.10888888888888888
0 0.930625 0.3233333333333333 0.06375 0.11777777777777777
0 0.588125 0.2688888888888889 0.07375 0.1111111111111111
0 0.67375 0.2733333333333333 0.06 0.10222222222222223
0 0.140625 0.33666666666666667 0.07375 0.10444444444444445
0 0.86 0.25666666666666665 0.0575 0.07777777777777778
0 0.33125 0.4711111111111111 0.095 0.13333333333333333
0 0.350625 0.38666666666666666 0.09125 0.10666666666666667
0 0.22625 0.33444444444444443 0.0775 0.1
0 0.770625 0.57 0.13125 0.15777777777777777
0 0.615 0.4711111111111111 0.115 0.13777777777777778
0 0.294375 0.21777777777777776 0.05125 0.09333333333333334
0 0.928125 0.47 0.12125 0.15333333333333332
0 0.581875 0.18333333333333332 0.06625 0.07777777777777778
0 0.64125 0.19444444444444445 0.05 0.05555555555555555
0 0.886875 0.2911111111111111 0.06125 0.10222222222222223
0 0.428125 0.57 0.13875 0.14444444444444443
0 0.13625 0.4855555555555556 0.09 0.10888888888888888
0 0.249375 0.29888888888888887 0.06125 0.07333333333333333
0 0.179375 0.30666666666666664 0.06125 0.08
