0 0.09875 0.39 0.0775 0.12222222222222222
0 0.6925 0.32555555555555554 0.085 0.11333333333333333
0 0.85875 0.2611111111111111 0.05 0.08666666666666667
0 0.476875 0.18222222222222223 0.05625 0.08
0 0.205625 0.2644444444444444 0.05625 0.07111111111111111
0 0.885625 0.2877777777777778 0.05625 0.10444444444444445
0 0.431875 0.5744444444444444 0.13625 0.14888888888888888
0 0.288125 0.5788888888888889 0.11125 0.14444444444444443
0 0.19 0.39 0.075 0.12222222222222222
0 0.275 0.2633333333333333 0.0525 0.07777777777777778
0 0.700625 0.3988888888888889 0.09125 0.09555555555555556
0 0.35 0.39111111111111113 0.09 0.11555555555555555
0 0.58375 0.23444444444444446 0.0675 0.09555555555555556
0 0.0975 0.5733333333333334 0.12 0.13777777777777778
0 0.2925 0.21777777777777776 0.06 0.09333333333333334
0 0.9325 0.32666666666666666 0.07 0.12
0 0.25 0.3 0.06 0.08
0 0.229375 0.33444444444444443 0.06375 0.10444444444444445
0 0.81125 0.28 0.07 0.12
0 0.613125 0.4722222222222222 0.11875 0.14444444444444443
0 0.583125 0.18555555555555556 0.06875 0.08222222222222222
0 0.37375 0.3233333333333333 0.08 0.10444444444444445
0 0.179375 0.3055555555555556 0.05875 0.07777777777777778
0 0.448125 0.3211111111111111 0.07625 0.10888888888888888
0 0.7375 0.4722222222222222 0.115 0.14444444444444443
0 0.89 0.3888888888888889 0.0875 0.1288888888888889
0 0.45 0.3844444444444444 0.095 0.12444444444444444
0 0.598125 0.3211111111111111 0.09375 0.11777777777777777
0 0.04125 0.47333333333333333 0.08 0.14222222222222222
0 0.463125 0.27111111111111114 0.07375 0.1111111111111111
0 0.64375 0.5977777777777777 0.135 0.1511111111111111
0 0.93 0.4711111111111111 0.115 0.1511111111111111
0 0.425 0.47555555555555556 0.0975 0.14222222222222222
0 0.595625 0.38666666666666666 0.10125 0.1288888888888889
0 0.1425 0.3411111111111111 0.0675 0.09555555555555556
0 0.96875 0.4077777777777778 0.06 0.09555555555555556
0 0.665625 0.28 0.06625 0.09777777777777778
0 0.2325 0.22777777777777777 0.045 0.08666666666666667
0 0.131875 0.4777777777777778 0.09875 0.12444444444444444
0 0.6525 0.23 0.065 0.08222222222222222
0 0.3825 0.24555555555555555 0.0625 0.09111111111111111
0 0.790625 0.24888888888888888 0.04125 0.07555555555555556
0 0.8375 0.22333333333333333 0.0425 0.06888888888888889
0 0.8525 0.3433333333333333 0.085 0.08666666666666667
0 0.421875 0.19444444444444445 0.04375 0.06888888888888889
0 0.33 0.4722222222222222 0.09 0.13555555555555557
0 0.771875 0.5811111111111111 0.12875 0.14
