0 0.578125 0.18333333333333332 0.06125 0.08222222222222222
0 0.703125 0.3977777777777778 0.09625 0.09333333333333334
0 0.783125 0.24444444444444444 0.05875 0.08888888888888889
0 0.885 0.37777777777777777 0.0925 0.14666666666666667
0 0.176875 0.30777777777777776 0.06375 0.07777777777777778
0 0.04 0.4711111111111111 0.08 0.13777777777777778
0 0.186875 0.3988888888888889 0.07625 0.10444444444444445
0 0.9275 0.3333333333333333 0.07 0.10222222222222223
0 0.6025 0.31777777777777777 0.09 0.11555555555555555
0 0.465625 0.2311111111111111 0.06125 0.07111111111111111
0 0.835625 0.22666666666666666 0.05125 0.08888888888888889
0 0.41875 0.19333333333333333 0.0525 0.07111111111111111
0 0.09625 0.39666666666666667 0.0825 0.10444444444444445
0 0.43625 0.5744444444444444 0.135 0.13555555555555557
0 0.603125 0.38 0.09375 0.12444444444444444
0 0.300625 0.5577777777777778 0.13125 0.16444444444444445
0 0.64375 0.1922222222222222 0.0575 0.06444444444444444
0 0.653125 0.22555555555555556 0.05625 0.06888888888888889
0 0.241875 0.29888888888888887 0.06375 0.08222222222222222
0 0.884375 0.28888888888888886 0.06375 0.09333333333333334
0 0.3525 0.3888888888888889 0.085 0.1111111111111111
0 0.13875 0.3433333333333333 0.0725 0.09111111111111111
0 0.2225 0.3388888888888889 0.0725 0.09111111111111111
0 0.461875 0.31777777777777777 0.08125 0.12444444444444444
0 0.293125 0.21888888888888888 0.05875 0.08666666666666667
0 0.6425 0.5933333333333334 0.135 0.14666666666666667
0 0.413125 0.22111111111111112 0.04625 0.06888888888888889
0 0.37125 0.31444444444444447 0.0775 0.11333333333333333
0 0.13625 0.47888888888888886 0.0925 0.12222222222222222
0 0.08625 0.5677777777777778 0.1025 0.14444444444444443
0 0.204375 0.26666666666666666 0.05125 0.07111111111111111
0 0.26875 0.2588888888888889 0.055 0.07777777777777778
0 0.69375 0.3244444444444444 0.0875 0.10666666666666667
0 0.76625 0.5811111111111111 0.12 0.15777777777777777
0 0.483125 0.19444444444444445 0.05375 0.07333333333333333
0 0.669375 0.28 0.06625 0.09777777777777778
0 0.736875 0.4777777777777778 0.11875 0.13777777777777778
0 0.433125 0.48 0.10875 0.12444444444444444
0 0.613125 0.4722222222222222 0.11625 0.14
0 0.4475 0.38555555555555554 0.0975 0.13111111111111112
0 0.38875 0.2477777777777778 0.06 0.07777777777777778
0 0.231875 0.22666666666666666 0.05125 0.08888888888888889
0 0.586875 0.23555555555555555 0.07125 0.09777777777777778
0 0.85 0.34 0.0825 0.08888888888888889
0 0.76 0.21 0.0625 0.09555555555555556
0 0.32875 0.4711111111111111 0.09 0.13333333333333333
0 0.810625 0.28 0.06875 0.12
