0 0.929375 0.3411111111111111 0.06875 0.10444444444444445
0 0.305625 0.5777777777777777 0.11875 0.1511111111111111
0 0.455 0.27555555555555555 0.07 0.10222222222222223
0 0.86 0.2611111111111111 0.055 0.07333333333333333
0 0.431875 0.48 0.10875 0.12444444444444444
0 0.6675 0.2811111111111111 0.0675 0.09555555555555556
0 0.645 0.19111111111111112 0.0625 0.06666666666666667
0 0.04 0.4722222222222222 0.0775 0.14
0 0.691875 0.32555555555555554 0.08875 0.11333333333333333
0 0.760625 0.21444444444444444 0.06625 0.08666666666666667
0 0.243125 0.3 0.06625 0.08
0 0.65125 0.22333333333333333 0.0625 0.07333333333333333
0 0.22875 0.3277777777777778 0.0675 0.11777777777777777
0 0.643125 0.5988888888888889 0.13625 0.14888888888888888
0 0.56375 0.21555555555555556 0.0625 0.07111111111111111
0 0.83875 0.22333333333333333 0.04 0.07333333333333333
0 0.48125 0.20222222222222222 0.0625 0.08
0 0.20625 0.2677777777777778 0.055 0.07333333333333333
0 0.1875 0.39222222222222225 0.075 0.12666666666666668
0 0.588125 0.24222222222222223 0.06875 0.08888888888888889
0 0.448125 0.38333333333333336 0.09375 0.14444444444444443
0 0.933125 0.47555555555555556 0.11125 0.14222222222222222
0 0.09875 0.5588888888888889 0.13 0.18888888888888888
0 0.43625 0.57 0.1275 0.14888888888888888
0 0.704375 0.3977777777777778 0.09625 0.09777777777777778
0 0.324375 0.47555555555555556 0.09125 0.13777777777777778
0 0.175 0.30777777777777776 0.065 0.07777777777777778
0 0.269375 0.2644444444444444 0.05625 0.07555555555555556
0 0.88125 0.30333333333333334 0.0675 0.07777777777777778
0 0.3525 0.3977777777777778 0.085 0.09777777777777778
0 0.2325 0.22555555555555556 0.045 0.08222222222222222
0 0.61375 0.47333333333333333 0.12 0.14222222222222222
0 0.3725 0.3188888888888889 0.0775 0.11333333333333333
0 0.966875 0.4066666666666667 0.06375 0.10222222222222223
0 0.463125 0.32 0.07875 0.1111111111111111
0 0.729375 0.4822222222222222 0.10375 0.12444444444444444
0 0.09625 0.39444444444444443 0.08 0.11333333333333333
0 0.81 0.27555555555555555 0.075 0.1288888888888889
0 0.139375 0.48 0.08375 0.12444444444444444
0 0.14 0.34555555555555556 0.0675 0.08666666666666667
0 0.2925 0.22111111111111112 0.065 0.08222222222222222
0 0.3875 0.25 0.0675 0.09111111111111111
0 0.888125 0.38 0.07625 0.14666666666666667
0 0.595 0.3233333333333333 0.0925 0.10888888888888888
0 0.851875 0.3433333333333333 0.08375 0.08666666666666667
0 0.60375 0.38555555555555554 0.0975 0.12222222222222222
