0 0.231875 0.22444444444444445 0.04625 0.08444444444444445
0 0.32375 0.47444444444444445 0.0925 0.13555555555555557
0 0.085625 0.5655555555555556 0.10125 0.1622222222222222
0 0.73875 0.4777777777777778 0.1225 0.13777777777777778
0 0.590625 0.2722222222222222 0.07875 0.1
0 0.353125 0.39666666666666667 0.08625 0.08666666666666667
0 0.57375 0.22333333333333333 0.0575 0.06444444444444444
0 0.69375 0.32222222222222224 0.085 0.10666666666666667
0 0.225625 0.3377777777777778 0.06375 0.09333333333333334
0 0.138125 0.3433333333333333 0.06875 0.08666666666666667
0 0.295 0.21777777777777776 0.06 0.08444444444444445
0 0.45 0.38555555555555554 0.0975 0.12666666666666668
0 0.810625 0.2877777777777778 0.07875 0.1
0 0.660625 0.2577777777777778 0.05625 0.06666666666666667
0 0.434375 0.5744444444444444 0.13125 0.13555555555555557
0 0.188125 0.39555555555555555 0.07375 0.11555555555555555
0 0.61 0.47333333333333333 0.1175 0.13333333333333333
0 0.204375 0.2633333333333333 0.05125 0.07777777777777778
0 0.65 0.2222222222222222 0.06 0.06666666666666667
0 0.476875 0.22 0.05375 0.07555555555555556
0 0.095 0.3888888888888889 0.08 0.12
0 0.414375 0.21888888888888888 0.04375 0.06888888888888889
0 0.419375 0.18333333333333332 0.05125 0.07777777777777778
0 0.76625 0.21444444444444444 0.0625 0.08222222222222222
0 0.965625 0.4111111111111111 0.06875 0.08888888888888889
0 0.928125 0.47888888888888886 0.11875 0.13555555555555557
0 0.171875 0.3055555555555556 0.06875 0.08222222222222222
0 0.43 0.48444444444444446 0.1125 0.12
0 0.27 0.2611111111111111 0.055 0.07777777777777778
0 0.48 0.19 0.06 0.06888888888888889
0 0.458125 0.2733333333333333 0.07375 0.09333333333333334
0 0.849375 0.34444444444444444 0.08875 0.08
0 0.319375 0.5688888888888889 0.08875 0.13777777777777778
0 0.831875 0.22777777777777777 0.05125 0.07777777777777778
0 0.245 0.2966666666666667 0.0625 0.07777777777777778
0 0.60875 0.3188888888888889 0.0925 0.10888888888888888
0 0.644375 0.18333333333333332 0.05875 0.08222222222222222
0 0.771875 0.5844444444444444 0.11625 0.14222222222222222
0 0.7825 0.25 0.055 0.08666666666666667
0 0.704375 0.4 0.09375 0.09333333333333334
0 0.03625 0.4711111111111111 0.0725 0.13333333333333333
0 0.6425 0.5911111111111111 0.1375 0.1511111111111111
0 0.148125 0.46 0.08625 0.14222222222222222
0 0.3675 0.3277777777777778 0.0825 0.09555555555555556
0 0.670625 0.2866666666666667 0.05875 0.08888888888888889
0 0.884375 0.28555555555555556 0.06625 0.1
0 0.46125 0.3233333333333333 0.085 0.09555555555555556
0 0.931875 0.3377777777777778 0.06625 0.09777777777777778
0 0.385 0.2511111111111111 0.07 0.08444444444444445
0 0.5775 0.18777777777777777 0.065 0.07333333333333333
0 0.603125 0.3888888888888889 0.10125 0.12
0 0.883125 0.39 0.08375 0.13555555555555557
