0 0.84625 0.34 0.0825 0.09333333333333334
0 0.248125 0.29777777777777775 0.07125 0.07555555555555556
0 0.9275 0.4777777777777778 0.12 0.13777777777777778
0 0.691875 0.3244444444444444 0.08125 0.10222222222222223
0 0.230625 0.22333333333333333 0.04875 0.08222222222222222
0 0.6025 0.3888888888888889 0.1025 0.11555555555555555
0 0.859375 0.2588888888888889 0.04375 0.07777777777777778
2 0.636875 0.5666666666666667 0.13125 0.20444444444444446
0 0.6075 0.4722222222222222 0.1125 0.13111111111111112
0 0.20625 0.2633333333333333 0.065 0.07777777777777778
0 0.321875 0.47555555555555556 0.09375 0.1288888888888889
0 0.5775 0.18444444444444444 0.0625 0.07111111111111111
0 0.185625 0.39222222222222225 0.06875 0.11777777777777777
0 0.738125 0.47444444444444445 0.12125 0.13555555555555557
0 0.71375 0.4011111111111111 0.095 0.09555555555555556
0 0.035625 0.4722222222222222 0.07125 0.13555555555555557
0 0.35125 0.4033333333333333 0.0875 0.09111111111111111
0 0.76625 0.21444444444444444 0.06 0.08222222222222222
0 0.81 0.2877777777777778 0.0775 0.09555555555555556
0 0.414375 0.22111111111111112 0.04625 0.06888888888888889
0 0.305 0.5777777777777777 0.1175 0.14222222222222222
0 0.434375 0.5733333333333334 0.13125 0.14222222222222222
0 0.609375 0.3211111111111111 0.08875 0.10444444444444445
0 0.449375 0.38555555555555554 0.10125 0.13111111111111112
0 0.366875 0.3233333333333333 0.08125 0.10888888888888888
0 0.48 0.19666666666666666 0.055 0.06444444444444444
0 0.67625 0.2788888888888889 0.0725 0.09555555555555556
0 0.4575 0.27666666666666667 0.0775 0.09555555555555556
0 0.17375 0.30777777777777776 0.065 0.07333333333333333
0 0.416875 0.18555555555555556 0.05375 0.07333333333333333
0 0.64875 0.19777777777777777 0.0625 0.06222222222222222
0 0.46125 0.3244444444444444 0.0875 0.09333333333333334
0 0.475625 0.22111111111111112 0.05625 0.06888888888888889
0 0.09125 0.3888888888888889 0.0725 0.12
0 0.784375 0.2511111111111111 0.06125 0.08444444444444445
0 0.430625 0.48333333333333334 0.11375 0.12222222222222222
0 0.294375 0.21666666666666667 0.05125 0.08666666666666667
0 0.6475 0.22333333333333333 0.0575 0.06444444444444444
0 0.636875 0.5644444444444444 0.13125 0.2
0 0.96625 0.4088888888888889 0.0675 0.09777777777777778
0 0.575 0.2222222222222222 0.06 0.06666666666666667
0 0.834375 0.22666666666666666 0.04375 0.07111111111111111
0 0.588125 0.27111111111111114 0.07125 0.09777777777777778
0 0.89 0.28555555555555556 0.0625 0.1
0 0.7725 0.5822222222222222 0.1175 0.14666666666666667
0 0.884375 0.39222222222222225 0.08375 0.13111111111111112
0 0.268125 0.26 0.05125 0.08
0 0.223125 0.33444444444444443 0.06875 0.1
0 0.1375 0.3433333333333333 0.0725 0.08666666666666667
0 0.385625 0.25 0.07125 0.08666666666666667
0 0.92875 0.33555555555555555 0.0725 0.10222222222222223
