0 0.173125 0.3111111111111111 0.06625 0.07111111111111111
0 0.636875 0.5822222222222222 0.13375 0.16
0 0.67 0.28444444444444444 0.0625 0.08888888888888889
0 0.61 0.32222222222222224 0.0925 0.10222222222222223
0 0.89375 0.2877777777777778 0.0475 0.1
0 0.335 0.47 0.0925 0.13111111111111112
0 0.35625 0.3933333333333333 0.0825 0.10222222222222223
0 0.648125 0.21222222222222223 0.06375 0.08222222222222222
0 0.88375 0.3888888888888889 0.085 0.13777777777777778
0 0.73875 0.4822222222222222 0.1225 0.12
0 0.08625 0.5577777777777778 0.105 0.18222222222222223
0 0.095 0.39 0.0825 0.11333333333333333
0 0.59 0.2722222222222222 0.0725 0.09111111111111111
0 0.135 0.4822222222222222 0.08 0.12444444444444444
0 0.4125 0.2222222222222222 0.0425 0.06222222222222222
0 0.205625 0.2644444444444444 0.06875 0.08
0 0.764375 0.21555555555555556 0.05875 0.08444444444444445
0 0.37 0.32222222222222224 0.0775 0.10666666666666667
0 0.5775 0.1811111111111111 0.0675 0.08222222222222222
0 0.2225 0.33555555555555555 0.07 0.09777777777777778
0 0.458125 0.27444444444444444 0.07375 0.07777777777777778
0 0.13875 0.34555555555555556 0.07 0.08666666666666667
0 0.18125 0.3977777777777778 0.075 0.1111111111111111
0 0.46 0.31777777777777777 0.0875 0.10222222222222223
0 0.2225 0.22333333333333333 0.05 0.08666666666666667
0 0.9325 0.33111111111111113 0.065 0.12
0 0.304375 0.5733333333333334 0.11875 0.14666666666666667
0 0.966875 0.40555555555555556 0.06625 0.1
0 0.7175 0.39555555555555555 0.0975 0.1111111111111111
0 0.809375 0.2877777777777778 0.07625 0.09555555555555556
0 0.035625 0.4688888888888889 0.07125 0.14222222222222222
0 0.84875 0.32666666666666666 0.0825 0.11555555555555555
0 0.430625 0.4811111111111111 0.10875 0.12222222222222222
0 0.83625 0.2311111111111111 0.05 0.08444444444444445
0 0.475625 0.22 0.05875 0.08
0 0.60125 0.3888888888888889 0.105 0.12444444444444444
0 0.61 0.47333333333333333 0.1175 0.1288888888888889
0 0.69125 0.32222222222222224 0.0775 0.10222222222222223
0 0.784375 0.25 0.06125 0.08666666666666667
0 0.385 0.24888888888888888 0.07 0.08444444444444445
0 0.434375 0.5733333333333334 0.13375 0.14222222222222222
0 0.773125 0.5788888888888889 0.11625 0.14888888888888888
0 0.578125 0.22333333333333333 0.06625 0.07333333333333333
0 0.925625 0.4766666666666667 0.12375 0.14444444444444443
0 0.448125 0.3844444444444444 0.10375 0.1288888888888889
