0 0.934375 0.3322222222222222 0.06125 0.11333333333333333
0 0.368125 0.33 0.08125 0.1
0 0.41875 0.18888888888888888 0.05 0.07111111111111111
0 0.644375 0.19777777777777777 0.05875 0.06222222222222222
0 0.96625 0.4 0.065 0.10666666666666667
0 0.60875 0.4722222222222222 0.1175 0.13111111111111112
0 0.6 0.38666666666666666 0.105 0.12
0 0.133125 0.34555555555555556 0.07125 0.08666666666666667
0 0.85 0.33555555555555555 0.0875 0.10666666666666667
0 0.63625 0.5822222222222222 0.1375 0.15555555555555556
0 0.809375 0.2866666666666667 0.07625 0.10222222222222223
0 0.888125 0.3844444444444444 0.08375 0.13333333333333333
0 0.7175 0.39666666666666667 0.1 0.10888888888888888
0 0.1325 0.4811111111111111 0.08 0.12222222222222222
0 0.765 0.21444444444444444 0.0625 0.08222222222222222
0 0.670625 0.28444444444444444 0.06375 0.08888888888888889
0 0.580625 0.22111111111111112 0.06875 0.07777777777777778
0 0.183125 0.3888888888888889 0.07625 0.12
0 0.085 0.56 0.105 0.18222222222222223
0 0.65625 0.24888888888888888 0.0625 0.08
0 0.46 0.31666666666666665 0.0875 0.10888888888888888
0 0.3475 0.4 0.0925 0.09333333333333334
0 0.385 0.25 0.0675 0.09111111111111111
0 0.78375 0.2544444444444444 0.065 0.08222222222222222
0 0.925625 0.47 0.11875 0.15777777777777777
0 0.414375 0.22111111111111112 0.04625 0.06888888888888889
0 0.650625 0.22333333333333333 0.06375 0.07333333333333333
0 0.291875 0.21888888888888888 0.05625 0.08666666666666667
0 0.205 0.26 0.06 0.08888888888888889
0 0.4775 0.21666666666666667 0.06 0.08222222222222222
0 0.7375 0.48333333333333334 0.12 0.11777777777777777
0 0.585625 0.27666666666666667 0.07375 0.1
0 0.43 0.47888888888888886 0.11 0.12666666666666668
0 0.609375 0.3233333333333333 0.08875 0.10444444444444445
0 0.69125 0.3211111111111111 0.08 0.10444444444444445
0 0.8925 0.2866666666666667 0.0575 0.10222222222222223
0 0.236875 0.3411111111111111 0.07125 0.09555555555555556
0 0.43375 0.5766666666666667 0.1325 0.13555555555555557
0 0.17125 0.30444444444444446 0.07 0.08
0 0.453125 0.38222222222222224 0.09125 0.13333333333333333
0 0.4575 0.2788888888888889 0.075 0.09111111111111111
0 0.30375 0.5733333333333334 0.12 0.1511111111111111
0 0.225 0.22333333333333333 0.045 0.09111111111111111
0 0.089375 0.3977777777777778 0.08125 0.10222222222222223
0 0.034375 0.4688888888888889 0.06875 0.14222222222222222
0 0.33375 0.4722222222222222 0.0925 0.12666666666666668
0 0.27 0.26222222222222225 0.07 0.07555555555555556
0 0.83625 0.22777777777777777 0.0525 0.08666666666666667
0 0.57875 0.18555555555555556 0.0675 0.07777777777777778
0 0.770625 0.58 0.12125 0.1511111111111111
