0 0.61 0.4711111111111111 0.1225 0.13333333333333333
0 0.09 0.3977777777777778 0.0825 0.10222222222222223
0 0.235 0.3422222222222222 0.0725 0.08888888888888889
0 0.17625 0.30444444444444446 0.065 0.07555555555555556
2 0.228125 0.22111111111111112 0.04375 0.09111111111111111
0 0.37 0.33111111111111113 0.07 0.09333333333333334
0 0.830625 0.21888888888888888 0.04875 0.08666666666666667
0 0.1325 0.4822222222222222 0.08 0.12444444444444444
0 0.654375 0.2588888888888889 0.06375 0.06
0 0.45375 0.31777777777777777 0.0875 0.1111111111111111
0 0.035625 0.4711111111111111 0.07125 0.14222222222222222
0 0.60125 0.38555555555555554 0.1025 0.12222222222222222
0 0.783125 0.2511111111111111 0.05875 0.08444444444444445
0 0.65125 0.22333333333333333 0.065 0.06888888888888889
0 0.41625 0.2222222222222222 0.05 0.07555555555555556
0 0.606875 0.3233333333333333 0.09375 0.10888888888888888
0 0.809375 0.2833333333333333 0.07875 0.10444444444444445
0 0.4525 0.3811111111111111 0.09 0.12666666666666668
0 0.89375 0.2866666666666667 0.045 0.1111111111111111
0 0.183125 0.3933333333333333 0.07625 0.11555555555555555
0 0.584375 0.2733333333333333 0.06875 0.10222222222222223
0 0.641875 0.18888888888888888 0.05125 0.06222222222222222
0 0.34875 0.4011111111111111 0.09 0.09555555555555556
0 0.770625 0.5788888888888889 0.12125 0.15333333333333332
0 0.385625 0.2477777777777778 0.06625 0.08666666666666667
0 0.43 0.4822222222222222 0.115 0.12444444444444444
0 0.430625 0.5722222222222222 0.13125 0.14444444444444443
0 0.333125 0.47444444444444445 0.09375 0.12666666666666668
0 0.76375 0.21555555555555556 0.0625 0.08444444444444445
1 0.93 0.3211111111111111 0.06 0.11333333333333333
0 0.895 0.38666666666666666 0.08 0.12
0 0.926875 0.4711111111111111 0.12125 0.1511111111111111
0 0.6875 0.3188888888888889 0.08 0.10888888888888888
0 0.130625 0.3422222222222222 0.07125 0.09333333333333334
0 0.864375 0.26666666666666666 0.04375 0.09333333333333334
0 0.9675 0.3988888888888889 0.065 0.10888888888888888
0 0.21 0.2644444444444444 0.06 0.08444444444444445
0 0.48125 0.22111111111111112 0.0575 0.08222222222222222
0 0.57375 0.22111111111111112 0.0625 0.06888888888888889
0 0.735 0.4811111111111111 0.1175 0.11777777777777777
0 0.3 0.5755555555555556 0.125 0.14666666666666667
0 0.706875 0.37666666666666665 0.08375 0.13555555555555557
0 0.420625 0.18666666666666668 0.05375 0.07555555555555556
0 0.850625 0.3288888888888889 0.08375 0.1111111111111111
0 0.636875 0.5877777777777777 0.13875 0.15333333333333332
0 0.08 0.5611111111111111 0.11 0.1622222222222222
0 0.58375 0.18 0.0575 0.08444444444444445
