0 0.58625 0.28555555555555556 0.0725 0.08222222222222222
0 0.761875 0.2088888888888889 0.06125 0.09333333333333334
0 0.64625 0.5677777777777778 0.135 0.16666666666666666
0 0.235625 0.34444444444444444 0.07375 0.08888888888888889
0 0.273125 0.2633333333333333 0.05875 0.07333333333333333
0 0.38375 0.25 0.07 0.09111111111111111
0 0.770625 0.57 0.11125 0.18
0 0.333125 0.4711111111111111 0.09125 0.1288888888888889
0 0.69 0.31555555555555553 0.08 0.11555555555555555
0 0.835625 0.22666666666666666 0.04875 0.07111111111111111
0 0.809375 0.2833333333333333 0.07875 0.10888888888888888
0 0.43 0.4822222222222222 0.1125 0.12
0 0.578125 0.21555555555555556 0.05625 0.07555555555555556
0 0.926875 0.47 0.11875 0.15333333333333332
0 0.931875 0.33 0.06625 0.10444444444444445
0 0.850625 0.3477777777777778 0.08625 0.08222222222222222
0 0.715625 0.39666666666666667 0.09875 0.10888888888888888
0 0.28875 0.22 0.055 0.08888888888888889
0 0.885625 0.29333333333333333 0.06875 0.09777777777777778
0 0.9675 0.39222222222222225 0.0625 0.11777777777777777
0 0.22375 0.22 0.05 0.08888888888888889
0 0.453125 0.3844444444444444 0.09375 0.12
0 0.731875 0.4811111111111111 0.09875 0.11333333333333333
0 0.364375 0.32555555555555554 0.08375 0.10444444444444445
0 0.894375 0.38666666666666666 0.07875 0.1288888888888889
0 0.605 0.46555555555555556 0.1125 0.14888888888888888
0 0.429375 0.5644444444444444 0.13125 0.15555555555555556
0 0.604375 0.32666666666666666 0.09375 0.11555555555555555
0 0.185625 0.3888888888888889 0.08625 0.12444444444444444
0 0.176875 0.31 0.06375 0.06888888888888889
0 0.413125 0.21888888888888888 0.04375 0.07333333333333333
0 0.035 0.4711111111111111 0.07 0.13777777777777778
0 0.078125 0.56 0.11375 0.16444444444444445
0 0.783125 0.2511111111111111 0.06375 0.08888888888888889
0 0.609375 0.3688888888888889 0.09125 0.16
0 0.094375 0.38666666666666666 0.08125 0.12
0 0.135625 0.3411111111111111 0.05625 0.09555555555555556
0 0.65125 0.22111111111111112 0.0675 0.07777777777777778
0 0.31 0.5777777777777777 0.1025 0.13333333333333333
0 0.47875 0.22666666666666666 0.06 0.07555555555555556
0 0.454375 0.32 0.08875 0.11555555555555555
0 0.346875 0.3977777777777778 0.09375 0.08888888888888889
0 0.584375 0.18444444444444444 0.05875 0.08
0 0.861875 0.2544444444444444 0.04875 0.07777777777777778
0 0.13375 0.48333333333333334 0.0775 0.13111111111111112
0 0.654375 0.26 0.06125 0.057777777777777775
0 0.204375 0.2633333333333333 0.06125 0.08222222222222222
