0 0.845625 0.3466666666666667 0.08125 0.08444444444444445
0 0.325625 0.47555555555555556 0.09375 0.1288888888888889
0 0.204375 0.26222222222222225 0.04875 0.08444444444444445
0 0.583125 0.18555555555555556 0.05875 0.08666666666666667
2 0.229375 0.22111111111111112 0.04125 0.09111111111111111
0 0.605 0.4766666666666667 0.115 0.14
0 0.230625 0.32555555555555554 0.08375 0.12222222222222222
0 0.178125 0.30444444444444446 0.05875 0.08444444444444445
0 0.1025 0.38666666666666666 0.0775 0.12444444444444444
0 0.711875 0.3988888888888889 0.09625 0.1
0 0.248125 0.29333333333333333 0.06125 0.08444444444444445
0 0.4525 0.37666666666666665 0.0925 0.13111111111111112
0 0.77125 0.5655555555555556 0.115 0.18888888888888888
0 0.273125 0.26 0.05375 0.07555555555555556
2 0.424375 0.18 0.03875 0.09333333333333334
0 0.288125 0.22 0.05625 0.08888888888888889
0 0.431875 0.4711111111111111 0.11125 0.13333333333333333
0 0.075625 0.5477777777777778 0.11375 0.18
1 0.784375 0.24 0.06125 0.10222222222222223
0 0.348125 0.39222222222222225 0.08625 0.10888888888888888
0 0.1425 0.3377777777777778 0.0675 0.10666666666666667
0 0.665 0.2866666666666667 0.0575 0.09333333333333334
2 0.97375 0.38333333333333336 0.0475 0.12222222222222222
0 0.649375 0.21333333333333335 0.06375 0.08444444444444445
0 0.605625 0.31333333333333335 0.09875 0.1288888888888889
0 0.690625 0.3188888888888889 0.07875 0.10888888888888888
0 0.039375 0.4688888888888889 0.07375 0.13333333333333333
0 0.29125 0.5722222222222222 0.1175 0.14444444444444443
0 0.604375 0.38666666666666666 0.10625 0.11555555555555555
0 0.371875 0.33666666666666667 0.07375 0.08666666666666667
2 0.92125 0.32 0.055 0.13777777777777778
2 0.933125 0.45666666666666667 0.10375 0.1711111111111111
0 0.150625 0.4633333333333333 0.09875 0.12222222222222222
0 0.380625 0.2822222222222222 0.06875 0.08444444444444445
0 0.72625 0.47444444444444445 0.1025 0.12222222222222222
1 0.80875 0.27666666666666667 0.0725 0.12222222222222222
2 0.87875 0.2733333333333333 0.06 0.10666666666666667
0 0.48 0.20555555555555555 0.0625 0.08222222222222222
0 0.428125 0.5722222222222222 0.13125 0.14888888888888888
0 0.450625 0.33444444444444443 0.08125 0.09111111111111111
0 0.64375 0.57 0.1325 0.15333333333333332
1 0.8375 0.22111111111111112 0.04 0.08666666666666667
0 0.18875 0.3988888888888889 0.0775 0.1
0 0.4575 0.2822222222222222 0.0825 0.09333333333333334
0 0.76125 0.21222222222222223 0.0625 0.08666666666666667
1 0.578125 0.21222222222222223 0.05875 0.09555555555555556
