0 0.739375 0.48444444444444446 0.12375 0.11555555555555555
0 0.645 0.22555555555555556 0.0525 0.07777777777777778
0 0.04125 0.47555555555555556 0.08 0.13333333333333333
0 0.86 0.3433333333333333 0.0825 0.08222222222222222
0 0.09375 0.3888888888888889 0.0775 0.12
0 0.20375 0.2644444444444444 0.0575 0.08444444444444445
0 0.5925 0.26555555555555554 0.065 0.09555555555555556
0 0.174375 0.31 0.06375 0.06888888888888889
0 0.431875 0.5677777777777778 0.13375 0.14888888888888888
0 0.713125 0.3988888888888889 0.10125 0.1
0 0.425 0.47444444444444445 0.1025 0.12222222222222222
0 0.64 0.58 0.1375 0.13333333333333333
0 0.661875 0.2477777777777778 0.05875 0.07333333333333333
0 0.885 0.2811111111111111 0.0725 0.08222222222222222
0 0.2725 0.2633333333333333 0.055 0.07333333333333333
0 0.60625 0.4766666666666667 0.12 0.14444444444444443
0 0.69375 0.3188888888888889 0.08 0.11333333333333333
0 0.93 0.3277777777777778 0.0675 0.11333333333333333
0 0.231875 0.2222222222222222 0.04625 0.08888888888888889
0 0.763125 0.2111111111111111 0.06375 0.08444444444444445
0 0.770625 0.58 0.11375 0.15555555555555556
0 0.250625 0.3022222222222222 0.06625 0.08444444444444445
0 0.78 0.25 0.06 0.09111111111111111
0 0.190625 0.39222222222222225 0.08375 0.11333333333333333
0 0.886875 0.3988888888888889 0.08625 0.10888888888888888
0 0.449375 0.3288888888888889 0.08125 0.09777777777777778
0 0.456875 0.24 0.05625 0.08
0 0.385625 0.24888888888888888 0.07375 0.09333333333333334
0 0.32 0.47444444444444445 0.1 0.13555555555555557
0 0.83125 0.2222222222222222 0.06 0.08
0 0.075 0.5588888888888889 0.105 0.18888888888888888
1 0.968125 0.3877777777777778 0.05875 0.12222222222222222
0 0.808125 0.2877777777777778 0.07875 0.10888888888888888
0 0.286875 0.21888888888888888 0.05375 0.08666666666666667
0 0.14125 0.3433333333333333 0.07 0.08666666666666667
0 0.413125 0.21888888888888888 0.04375 0.07333333333333333
0 0.23125 0.33111111111111113 0.08 0.10666666666666667
0 0.42625 0.19 0.0425 0.06888888888888889
0 0.295 0.5711111111111111 0.12 0.1511111111111111
0 0.35 0.4033333333333333 0.085 0.09111111111111111
0 0.366875 0.33 0.08375 0.10444444444444445
0 0.604375 0.32 0.09375 0.10222222222222223
0 0.580625 0.22 0.05625 0.06666666666666667
0 0.45125 0.38222222222222224 0.0875 0.12
0 0.145 0.4855555555555556 0.0875 0.11333333333333333
0 0.930625 0.4711111111111111 0.11875 0.14222222222222222
0 0.664375 0.2877777777777778 0.06125 0.08666666666666667
0 0.605 0.3844444444444444 0.1075 0.12
0 0.5825 0.18444444444444444 0.06 0.07555555555555556
