0 0.176875 0.31222222222222223 0.05875 0.06888888888888889
0 0.095 0.39111111111111113 0.0775 0.12
0 0.93875 0.3411111111111111 0.07 0.09111111111111111
0 0.930625 0.4677777777777778 0.11875 0.14444444444444443
0 0.808125 0.2833333333333333 0.07625 0.11333333333333333
0 0.350625 0.3977777777777778 0.08875 0.10222222222222223
0 0.5825 0.18777777777777777 0.06 0.08222222222222222
0 0.6475 0.18222222222222223 0.06 0.08444444444444445
0 0.7625 0.21222222222222223 0.0625 0.08666666666666667
0 0.14 0.3433333333333333 0.0625 0.08666666666666667
0 0.713125 0.3988888888888889 0.09875 0.1
0 0.299375 0.21777777777777776 0.05375 0.08888888888888889
0 0.695625 0.32222222222222224 0.08375 0.10666666666666667
0 0.4125 0.21888888888888888 0.045 0.07777777777777778
0 0.66625 0.28888888888888886 0.065 0.08888888888888889
0 0.886875 0.4 0.08375 0.10222222222222223
0 0.425625 0.19444444444444445 0.04125 0.06444444444444444
0 0.078125 0.5488888888888889 0.10375 0.17333333333333334
0 0.86 0.3433333333333333 0.085 0.08222222222222222
0 0.61 0.37777777777777777 0.1 0.1288888888888889
0 0.3675 0.3322222222222222 0.08 0.09555555555555556
0 0.23125 0.22333333333333333 0.0475 0.08666666666666667
0 0.271875 0.2611111111111111 0.05625 0.07777777777777778
0 0.885 0.2877777777777778 0.0725 0.09111111111111111
0 0.190625 0.39111111111111113 0.09125 0.1111111111111111
0 0.385625 0.2511111111111111 0.07125 0.08888888888888889
0 0.20375 0.2633333333333333 0.0575 0.08222222222222222
0 0.608125 0.4722222222222222 0.11875 0.14888888888888888
0 0.23 0.34444444444444444 0.0725 0.08444444444444445
0 0.57875 0.21444444444444444 0.055 0.07333333333333333
0 0.475625 0.18777777777777777 0.05375 0.08222222222222222
0 0.4525 0.3811111111111111 0.09 0.11777777777777777
0 0.4325 0.5588888888888889 0.1325 0.15777777777777777
0 0.9675 0.39666666666666667 0.0625 0.10888888888888888
0 0.319375 0.4722222222222222 0.09875 0.13111111111111112
0 0.59875 0.32222222222222224 0.0925 0.1111111111111111
0 0.44625 0.3211111111111111 0.075 0.10444444444444445
0 0.424375 0.47333333333333333 0.10125 0.1288888888888889
0 0.148125 0.4888888888888889 0.08375 0.12
0 0.64 0.5755555555555556 0.14 0.13777777777777778
0 0.770625 0.5788888888888889 0.11375 0.1711111111111111
0 0.295 0.57 0.1225 0.15333333333333332
0 0.648125 0.22555555555555556 0.05875 0.06888888888888889
0 0.78375 0.25 0.06 0.09111111111111111
0 0.8325 0.21666666666666667 0.045 0.08666666666666667
0 0.040625 0.4711111111111111 0.08125 0.13333333333333333
0 0.251875 0.3011111111111111 0.06625 0.07777777777777778
0 0.59 0.25222222222222224 0.0625 0.07333333333333333
0 0.736875 0.47888888888888886 0.12125 0.12222222222222222
0 0.863125 0.2477777777777778 0.05375 0.09111111111111111
