0 0.385 0.2511111111111111 0.0725 0.09333333333333334
0 0.88375 0.2877777777777778 0.0725 0.09111111111111111
0 0.585625 0.18666666666666668 0.05875 0.08
0 0.830625 0.21333333333333335 0.03875 0.07555555555555556
0 0.44625 0.32 0.0775 0.11555555555555555
0 0.64625 0.2222222222222222 0.055 0.07111111111111111
0 0.8575 0.34555555555555556 0.085 0.08222222222222222
0 0.411875 0.22 0.04375 0.07555555555555556
0 0.139375 0.3433333333333333 0.06625 0.08666666666666667
0 0.63875 0.5811111111111111 0.1375 0.13111111111111112
0 0.25 0.3022222222222222 0.0675 0.08
0 0.88625 0.3988888888888889 0.0825 0.10444444444444445
0 0.299375 0.21777777777777776 0.05375 0.08888888888888889
0 0.17625 0.3111111111111111 0.06 0.06222222222222222
0 0.230625 0.2222222222222222 0.04625 0.08888888888888889
0 0.451875 0.38222222222222224 0.08875 0.12
0 0.144375 0.48777777777777775 0.09125 0.11777777777777777
0 0.770625 0.5755555555555556 0.11375 0.16444444444444445
0 0.271875 0.26222222222222225 0.05625 0.07555555555555556
0 0.806875 0.2777777777777778 0.07625 0.12444444444444444
0 0.70875 0.39444444444444443 0.09 0.10444444444444445
0 0.599375 0.32 0.09375 0.11555555555555555
0 0.31875 0.47444444444444445 0.0975 0.13111111111111112
0 0.8575 0.24222222222222223 0.055 0.10222222222222223
0 0.48 0.18777777777777777 0.06 0.08666666666666667
0 0.6075 0.37777777777777777 0.1 0.12444444444444444
0 0.35 0.3988888888888889 0.085 0.1
0 0.6475 0.18444444444444444 0.0575 0.08888888888888889
0 0.094375 0.3933333333333333 0.07875 0.12
0 0.04 0.4722222222222222 0.08 0.14
0 0.091875 0.5666666666666667 0.10375 0.14666666666666667
0 0.229375 0.3466666666666667 0.07125 0.08444444444444445
0 0.936875 0.34 0.07125 0.09333333333333334
0 0.735 0.48 0.12 0.12
0 0.18875 0.38333333333333336 0.0875 0.11777777777777777
0 0.968125 0.3977777777777778 0.06375 0.10666666666666667
0 0.425 0.19555555555555557 0.04 0.06222222222222222
0 0.295625 0.5711111111111111 0.11875 0.15555555555555556
0 0.203125 0.26222222222222225 0.05875 0.08444444444444445
0 0.42375 0.47333333333333333 0.1025 0.1288888888888889
0 0.665625 0.2877777777777778 0.06375 0.08666666666666667
0 0.783125 0.2511111111111111 0.05875 0.08888888888888889
0 0.36625 0.3322222222222222 0.08 0.1
0 0.693125 0.32222222222222224 0.08125 0.10222222222222223
0 0.433125 0.5611111111111111 0.13375 0.15333333333333332
0 0.585625 0.24444444444444444 0.06125 0.07555555555555556
0 0.606875 0.4711111111111111 0.11875 0.14666666666666667
0 0.93125 0.4688888888888889 0.115 0.14666666666666667
0 0.7625 0.21333333333333335 0.0625 0.08888888888888889
