0 0.425625 0.4677777777777778 0.10375 0.12666666666666668
0 0.349375 0.3988888888888889 0.08375 0.10444444444444445
0 0.606875 0.4666666666666667 0.11625 0.15555555555555556
0 0.143125 0.4866666666666667 0.09375 0.12
0 0.830625 0.21666666666666667 0.04375 0.08222222222222222
0 0.884375 0.2877777777777778 0.07125 0.09111111111111111
0 0.249375 0.30333333333333334 0.06875 0.08222222222222222
0 0.693125 0.3244444444444444 0.08375 0.10222222222222223
0 0.09 0.5722222222222222 0.1025 0.13555555555555557
0 0.271875 0.26222222222222225 0.05875 0.07555555555555556
0 0.858125 0.24888888888888888 0.05875 0.08888888888888889
0 0.63875 0.5811111111111111 0.1375 0.13111111111111112
0 0.29875 0.21777777777777776 0.0525 0.08888888888888889
0 0.649375 0.17666666666666667 0.05625 0.09111111111111111
0 0.22875 0.34555555555555556 0.07 0.08222222222222222
0 0.094375 0.39444444444444443 0.07875 0.11777777777777777
0 0.18875 0.3877777777777778 0.095 0.12222222222222222
0 0.58375 0.2388888888888889 0.065 0.09111111111111111
0 0.138125 0.3433333333333333 0.07125 0.08666666666666667
0 0.295 0.57 0.12 0.15333333333333332
0 0.761875 0.21333333333333335 0.06125 0.08444444444444445
0 0.231875 0.2222222222222222 0.04625 0.08888888888888889
0 0.433125 0.5622222222222222 0.13375 0.1511111111111111
0 0.175625 0.31222222222222223 0.05625 0.06444444444444444
0 0.408125 0.21777777777777776 0.04625 0.08444444444444445
0 0.445625 0.3211111111111111 0.07625 0.11333333333333333
0 0.47875 0.18444444444444444 0.0575 0.08888888888888889
0 0.9675 0.3977777777777778 0.0625 0.10222222222222223
0 0.040625 0.4722222222222222 0.07875 0.14
0 0.666875 0.2866666666666667 0.06625 0.09333333333333334
0 0.585 0.18333333333333332 0.0625 0.08222222222222222
0 0.23875 0.32222222222222224 0.07 0.08888888888888889
0 0.734375 0.48 0.12125 0.12
0 0.425 0.19555555555555557 0.04 0.06222222222222222
0 0.885625 0.3988888888888889 0.08375 0.10888888888888888
0 0.320625 0.4722222222222222 0.09625 0.13111111111111112
0 0.203125 0.26555555555555554 0.05625 0.08666666666666667
0 0.645 0.22 0.0575 0.07111111111111111
0 0.709375 0.3977777777777778 0.09125 0.10222222222222223
0 0.93125 0.47 0.1175 0.14444444444444443
0 0.77 0.5755555555555556 0.1125 0.1688888888888889
0 0.60125 0.3188888888888889 0.0975 0.11777777777777777
0 0.6075 0.38 0.095 0.11555555555555555
0 0.36625 0.3322222222222222 0.08 0.1
0 0.783125 0.25222222222222224 0.06125 0.08666666666666667
0 0.38625 0.2511111111111111 0.0725 0.08888888888888889
0 0.9375 0.34 0.07 0.08888888888888889
0 0.8075 0.2777777777777778 0.075 0.12444444444444444
0 0.45125 0.38222222222222224 0.09 0.12
0 0.858125 0.34555555555555556 0.08625 0.08222222222222222
