0 0.88375 0.39444444444444443 0.085 0.11777777777777777
0 0.480625 0.19111111111111112 0.06375 0.07111111111111111
0 0.0375 0.4722222222222222 0.075 0.13555555555555557
0 0.831875 0.21777777777777776 0.04875 0.08444444444444445
0 0.695625 0.32666666666666666 0.08625 0.10222222222222223
0 0.33125 0.4722222222222222 0.095 0.12666666666666668
0 0.42875 0.4777777777777778 0.105 0.12444444444444444
0 0.13875 0.48333333333333334 0.1025 0.12666666666666668
0 0.450625 0.38555555555555554 0.09125 0.12222222222222222
0 0.645625 0.22111111111111112 0.05625 0.06888888888888889
0 0.46 0.2477777777777778 0.0575 0.08222222222222222
0 0.22625 0.3422222222222222 0.08 0.08888888888888889
0 0.18875 0.4033333333333333 0.09 0.1
0 0.136875 0.34444444444444444 0.07375 0.08888888888888889
0 0.296875 0.21777777777777776 0.05625 0.08888888888888889
0 0.66875 0.2833333333333333 0.0675 0.09111111111111111
0 0.45625 0.31444444444444447 0.075 0.11777777777777777
0 0.608125 0.3888888888888889 0.09375 0.12
0 0.385625 0.2511111111111111 0.07125 0.08444444444444445
0 0.48 0.22555555555555556 0.0475 0.05555555555555555
0 0.805625 0.29 0.07875 0.10444444444444445
0 0.578125 0.21777777777777776 0.05875 0.08
0 0.63375 0.5822222222222222 0.13 0.16
0 0.969375 0.3988888888888889 0.06125 0.1
0 0.41375 0.21888888888888888 0.0475 0.06888888888888889
0 0.59375 0.27 0.06 0.09555555555555556
0 0.765625 0.5688888888888889 0.11625 0.17777777777777778
0 0.368125 0.33 0.08125 0.09555555555555556
0 0.76125 0.21 0.06 0.08666666666666667
0 0.85375 0.3466666666666667 0.0875 0.08
0 0.09 0.57 0.105 0.13555555555555557
0 0.428125 0.5633333333333334 0.13625 0.15777777777777777
0 0.174375 0.3055555555555556 0.07125 0.08222222222222222
0 0.348125 0.39444444444444443 0.08875 0.10444444444444445
0 0.2025 0.26 0.05 0.08444444444444445
0 0.094375 0.3977777777777778 0.07875 0.10666666666666667
0 0.23 0.22444444444444445 0.0475 0.09333333333333334
0 0.289375 0.5755555555555556 0.11875 0.14222222222222222
0 0.246875 0.29777777777777775 0.06375 0.07555555555555556
0 0.7075 0.3977777777777778 0.0925 0.09777777777777778
0 0.929375 0.4677777777777778 0.11875 0.15333333333333332
0 0.734375 0.48444444444444446 0.11625 0.1111111111111111
0 0.8825 0.2866666666666667 0.075 0.09777777777777778
0 0.611875 0.47333333333333333 0.11375 0.13333333333333333
0 0.57875 0.18333333333333332 0.0625 0.07333333333333333
2 0.644375 0.17888888888888888 0.05375 0.09111111111111111
0 0.941875 0.3433333333333333 0.05625 0.09111111111111111
0 0.61125 0.32 0.0875 0.10222222222222223
0 0.27375 0.26222222222222225 0.0575 0.07555555555555556
0 0.7825 0.24222222222222223 0.0575 0.10222222222222223
