0 0.67375 0.28444444444444444 0.0675 0.09333333333333334
0 0.038125 0.47333333333333333 0.07625 0.14222222222222222
0 0.33125 0.47555555555555556 0.095 0.1288888888888889
0 0.230625 0.22444444444444445 0.04875 0.08888888888888889
0 0.090625 0.5722222222222222 0.11375 0.13555555555555557
0 0.4225 0.18333333333333332 0.0575 0.07333333333333333
0 0.459375 0.25 0.05625 0.08222222222222222
0 0.885625 0.39444444444444443 0.09125 0.14
0 0.696875 0.3277777777777778 0.08625 0.10444444444444445
0 0.27625 0.2633333333333333 0.05 0.07333333333333333
1 0.64625 0.18555555555555556 0.0525 0.09111111111111111
0 0.94375 0.34555555555555556 0.055 0.09111111111111111
0 0.594375 0.27444444444444444 0.06125 0.1
0 0.7775 0.24888888888888888 0.0575 0.09333333333333334
0 0.2475 0.29777777777777775 0.0675 0.08
0 0.92875 0.46555555555555556 0.12 0.15777777777777777
0 0.854375 0.3466666666666667 0.08625 0.08444444444444445
0 0.96875 0.3988888888888889 0.06 0.1
0 0.174375 0.3055555555555556 0.06375 0.08222222222222222
0 0.480625 0.22777777777777777 0.05375 0.06444444444444444
0 0.428125 0.4777777777777778 0.11125 0.13333333333333333
0 0.766875 0.5688888888888889 0.11375 0.18222222222222223
0 0.29125 0.5777777777777777 0.1175 0.14666666666666667
0 0.19 0.4033333333333333 0.0875 0.1
0 0.61 0.4766666666666667 0.1125 0.13555555555555557
0 0.2025 0.26555555555555554 0.05 0.08666666666666667
0 0.44875 0.38666666666666666 0.0875 0.12
0 0.6125 0.3188888888888889 0.08 0.10888888888888888
0 0.57875 0.18555555555555556 0.065 0.07777777777777778
0 0.139375 0.48333333333333334 0.10375 0.12666666666666668
0 0.3675 0.33111111111111113 0.0825 0.09333333333333334
0 0.8325 0.22444444444444445 0.055 0.07555555555555556
0 0.138125 0.34555555555555556 0.06875 0.09555555555555556
0 0.430625 0.5666666666666667 0.13375 0.16
0 0.60875 0.39 0.0975 0.12666666666666668
0 0.7375 0.4822222222222222 0.1125 0.11555555555555555
0 0.579375 0.22 0.05625 0.07111111111111111
0 0.455 0.3188888888888889 0.0775 0.11777777777777777
0 0.481875 0.19333333333333333 0.06125 0.06666666666666667
0 0.348125 0.3977777777777778 0.08875 0.10222222222222223
0 0.63875 0.5766666666666667 0.1225 0.18444444444444444
0 0.761875 0.21222222222222223 0.06125 0.09111111111111111
0 0.38375 0.25222222222222224 0.0725 0.09111111111111111
0 0.4175 0.22 0.045 0.07111111111111111
0 0.885 0.28888888888888886 0.0725 0.10222222222222223
0 0.645 0.22444444444444445 0.06 0.07111111111111111
0 0.296875 0.22 0.05625 0.08888888888888889
0 0.095 0.3988888888888889 0.08 0.10888888888888888
0 0.225 0.3422222222222222 0.08 0.09333333333333334
0 0.70875 0.3988888888888889 0.0925 0.1
0 0.806875 0.29 0.07625 0.11333333333333333
