0 0.4275 0.4722222222222222 0.0975 0.13111111111111112
0 0.289375 0.5766666666666667 0.11875 0.14
0 0.853125 0.34555555555555556 0.08625 0.08222222222222222
0 0.3675 0.33555555555555555 0.085 0.09333333333333334
0 0.930625 0.4677777777777778 0.11625 0.14888888888888888
0 0.2475 0.29777777777777775 0.0625 0.07555555555555556
0 0.884375 0.2877777777777778 0.07125 0.09111111111111111
0 0.481875 0.19555555555555557 0.06125 0.06666666666666667
0 0.57625 0.2222222222222222 0.06 0.07111111111111111
0 0.349375 0.4011111111111111 0.08875 0.09555555555555556
0 0.295625 0.22 0.05875 0.08888888888888889
2 0.644375 0.17666666666666667 0.05375 0.09555555555555556
0 0.1375 0.48333333333333334 0.1075 0.12222222222222222
0 0.41625 0.21888888888888888 0.0475 0.06888888888888889
0 0.385 0.2511111111111111 0.0725 0.08888888888888889
0 0.095 0.39666666666666667 0.0825 0.11333333333333333
0 0.8075 0.28555555555555556 0.0775 0.10888888888888888
0 0.13625 0.34444444444444444 0.0725 0.08888888888888889
0 0.616875 0.47555555555555556 0.10875 0.13333333333333333
0 0.33 0.4722222222222222 0.0925 0.12666666666666668
0 0.669375 0.2822222222222222 0.06875 0.09333333333333334
0 0.429375 0.5677777777777778 0.13375 0.15333333333333332
0 0.64 0.58 0.12 0.16444444444444445
0 0.229375 0.2222222222222222 0.04875 0.09333333333333334
0 0.765 0.5688888888888889 0.1175 0.17777777777777778
0 0.419375 0.18555555555555556 0.05125 0.07333333333333333
0 0.446875 0.3788888888888889 0.08125 0.11777777777777777
0 0.27875 0.26666666666666666 0.055 0.07555555555555556
0 0.611875 0.31777777777777777 0.08125 0.1111111111111111
0 0.64625 0.22 0.06 0.07111111111111111
0 0.22625 0.34444444444444444 0.08 0.08888888888888889
0 0.5925 0.2722222222222222 0.0625 0.09111111111111111
0 0.695625 0.3244444444444444 0.08625 0.10222222222222223
0 0.2025 0.26 0.05 0.08444444444444445
0 0.94125 0.34444444444444444 0.0575 0.08888888888888889
0 0.174375 0.3055555555555556 0.06875 0.08222222222222222
0 0.7625 0.2111111111111111 0.065 0.08888888888888889
0 0.968125 0.3988888888888889 0.06125 0.1
0 0.186875 0.4022222222222222 0.08875 0.09777777777777778
0 0.459375 0.25222222222222224 0.05875 0.08222222222222222
0 0.776875 0.24555555555555555 0.06375 0.09111111111111111
0 0.706875 0.3877777777777778 0.09375 0.11777777777777777
0 0.578125 0.18666666666666668 0.06625 0.07555555555555556
0 0.73375 0.48333333333333334 0.115 0.11333333333333333
2 0.611875 0.37222222222222223 0.08125 0.15333333333333332
0 0.86 0.25222222222222224 0.055 0.07333333333333333
0 0.090625 0.5677777777777778 0.10625 0.14
0 0.830625 0.22 0.05375 0.07555555555555556
0 0.035625 0.4722222222222222 0.07125 0.14
0 0.458125 0.32 0.07875 0.1111111111111111
0 0.88625 0.39555555555555555 0.09 0.12
