0 0.58375 0.23555555555555555 0.07 0.09333333333333334
0 0.23125 0.2222222222222222 0.0475 0.09333333333333334
0 0.46125 0.31777777777777777 0.0775 0.1111111111111111
0 0.174375 0.30666666666666664 0.06875 0.08
0 0.189375 0.38666666666666666 0.07875 0.11555555555555555
0 0.930625 0.4677777777777778 0.11625 0.14888888888888888
0 0.8325 0.22 0.045 0.07555555555555556
0 0.349375 0.4011111111111111 0.08875 0.09555555555555556
0 0.86 0.3411111111111111 0.0825 0.09555555555555556
0 0.363125 0.32222222222222224 0.08125 0.11555555555555555
0 0.706875 0.3933333333333333 0.09375 0.1111111111111111
0 0.428125 0.47555555555555556 0.10125 0.12444444444444444
0 0.610625 0.3188888888888889 0.08375 0.11333333333333333
0 0.289375 0.5644444444444444 0.11125 0.16
0 0.615 0.47555555555555556 0.1075 0.14666666666666667
0 0.22875 0.33666666666666667 0.07 0.1
0 0.385625 0.24888888888888888 0.07375 0.08888888888888889
0 0.42875 0.5688888888888889 0.135 0.1511111111111111
0 0.81 0.29555555555555557 0.08 0.08444444444444445
0 0.940625 0.3433333333333333 0.05875 0.09111111111111111
0 0.73625 0.4822222222222222 0.115 0.1111111111111111
0 0.138125 0.3433333333333333 0.07125 0.08666666666666667
0 0.089375 0.5666666666666667 0.10625 0.14666666666666667
0 0.295625 0.22 0.05875 0.08444444444444445
0 0.45 0.37777777777777777 0.0925 0.1288888888888889
0 0.885625 0.2877777777777778 0.07125 0.10444444444444445
0 0.615 0.3788888888888889 0.0725 0.10444444444444445
0 0.20375 0.2611111111111111 0.0525 0.08222222222222222
0 0.67 0.2866666666666667 0.0675 0.08444444444444445
0 0.093125 0.3977777777777778 0.07875 0.10666666666666667
0 0.66 0.25 0.0625 0.07777777777777778
0 0.64375 0.5677777777777778 0.12 0.1711111111111111
0 0.885625 0.3977777777777778 0.08875 0.1111111111111111
0 0.781875 0.25 0.06375 0.09111111111111111
0 0.45875 0.24888888888888888 0.0675 0.08444444444444445
0 0.481875 0.19444444444444445 0.06125 0.06444444444444444
0 0.278125 0.2644444444444444 0.05875 0.07555555555555556
0 0.1525 0.46 0.1025 0.14222222222222222
0 0.76125 0.2111111111111111 0.0625 0.08888888888888889
2 0.643125 0.18333333333333332 0.04625 0.1
0 0.330625 0.47444444444444445 0.08875 0.12666666666666668
0 0.765 0.5722222222222222 0.1175 0.18
0 0.695625 0.3211111111111111 0.08625 0.10888888888888888
0 0.413125 0.21555555555555556 0.04625 0.07111111111111111
0 0.24875 0.2966666666666667 0.0575 0.07777777777777778
0 0.03625 0.4722222222222222 0.0725 0.13555555555555557
0 0.48 0.22777777777777777 0.0525 0.06444444444444444
0 0.9675 0.4 0.0625 0.09777777777777778
0 0.57875 0.18555555555555556 0.0675 0.07777777777777778
