0 0.19 0.3933333333333333 0.075 0.10666666666666667
0 0.859375 0.3433333333333333 0.08125 0.09111111111111111
0 0.886875 0.29 0.07125 0.1
0 0.610625 0.32 0.08375 0.10222222222222223
0 0.4275 0.47555555555555556 0.1025 0.12
0 0.331875 0.47444444444444445 0.08625 0.12666666666666668
0 0.735625 0.48333333333333334 0.11625 0.11333333333333333
0 0.47875 0.22444444444444445 0.0575 0.07111111111111111
0 0.346875 0.4022222222222222 0.08875 0.09777777777777778
0 0.765 0.5744444444444444 0.1175 0.17555555555555555
0 0.035625 0.47555555555555556 0.07125 0.11555555555555555
0 0.230625 0.22333333333333333 0.04875 0.09111111111111111
0 0.781875 0.25 0.06625 0.09111111111111111
0 0.279375 0.2644444444444444 0.05125 0.07555555555555556
0 0.414375 0.21777777777777776 0.04625 0.06666666666666667
0 0.223125 0.33555555555555555 0.06875 0.09333333333333334
0 0.7075 0.3933333333333333 0.095 0.10666666666666667
0 0.885625 0.39666666666666667 0.08625 0.11333333333333333
0 0.38625 0.25 0.0725 0.09555555555555556
0 0.671875 0.2833333333333333 0.07125 0.09555555555555556
0 0.136875 0.34 0.07375 0.09777777777777778
0 0.695 0.32222222222222224 0.0875 0.10666666666666667
2 0.64375 0.18222222222222223 0.0475 0.09333333333333334
0 0.9375 0.3433333333333333 0.0675 0.09111111111111111
0 0.93 0.4677777777777778 0.1175 0.14888888888888888
0 0.579375 0.18777777777777777 0.06625 0.07777777777777778
0 0.585625 0.2411111111111111 0.06875 0.08666666666666667
0 0.294375 0.21888888888888888 0.06125 0.08666666666666667
0 0.481875 0.19555555555555557 0.05875 0.06222222222222222
0 0.97 0.4011111111111111 0.0575 0.09555555555555556
0 0.090625 0.4 0.07875 0.10666666666666667
0 0.61625 0.3811111111111111 0.075 0.10888888888888888
0 0.654375 0.25 0.05625 0.07777777777777778
0 0.459375 0.31555555555555553 0.08625 0.1111111111111111
0 0.28875 0.5633333333333334 0.11 0.1622222222222222
0 0.643125 0.5811111111111111 0.12125 0.14888888888888888
0 0.175625 0.30333333333333334 0.06375 0.09111111111111111
0 0.62125 0.47444444444444445 0.11 0.14444444444444443
0 0.8625 0.25222222222222224 0.045 0.07777777777777778
0 0.08875 0.5644444444444444 0.105 0.14666666666666667
0 0.449375 0.38 0.09625 0.1288888888888889
0 0.15375 0.46111111111111114 0.105 0.14444444444444443
0 0.833125 0.22555555555555556 0.04625 0.07777777777777778
0 0.42875 0.5677777777777778 0.135 0.14888888888888888
0 0.809375 0.29 0.07875 0.09555555555555556
0 0.363125 0.33 0.07875 0.10444444444444445
0 0.205 0.2633333333333333 0.055 0.08222222222222222
0 0.76125 0.21222222222222223 0.0625 0.08666666666666667
