0 0.734375 0.48333333333333334 0.11875 0.11333333333333333
0 0.13625 0.3433333333333333 0.0725 0.09111111111111111
0 0.13875 0.4766666666666667 0.09 0.13111111111111112
0 0.765 0.5733333333333334 0.1175 0.17333333333333334
0 0.584375 0.24 0.06875 0.08888888888888889
0 0.08875 0.5666666666666667 0.1075 0.14666666666666667
0 0.42875 0.4766666666666667 0.105 0.12222222222222222
0 0.2325 0.2222222222222222 0.045 0.09777777777777778
0 0.86375 0.25 0.045 0.07777777777777778
0 0.27875 0.2633333333333333 0.055 0.07777777777777778
0 0.385 0.25 0.0725 0.08666666666666667
0 0.658125 0.5755555555555556 0.08875 0.1511111111111111
0 0.969375 0.4 0.05875 0.09777777777777778
0 0.3625 0.32666666666666666 0.075 0.10222222222222223
0 0.415625 0.21888888888888888 0.04625 0.06888888888888889
0 0.035625 0.47555555555555556 0.07125 0.11555555555555555
0 0.1875 0.39666666666666667 0.08 0.10888888888888888
0 0.48 0.22555555555555556 0.0525 0.06888888888888889
0 0.295 0.21888888888888888 0.06 0.08666666666666667
0 0.58375 0.18444444444444444 0.0625 0.09333333333333334
0 0.609375 0.3211111111111111 0.08875 0.11333333333333333
0 0.760625 0.2111111111111111 0.05875 0.08888888888888889
0 0.706875 0.3933333333333333 0.09375 0.10666666666666667
0 0.885 0.39555555555555555 0.085 0.12
0 0.481875 0.19555555555555557 0.06125 0.06222222222222222
0 0.695 0.32222222222222224 0.0875 0.10666666666666667
0 0.348125 0.38 0.08375 0.1111111111111111
0 0.93 0.4688888888888889 0.12 0.1511111111111111
0 0.654375 0.25222222222222224 0.05875 0.07777777777777778
0 0.85875 0.3422222222222222 0.08 0.09777777777777778
2 0.644375 0.18222222222222223 0.04875 0.09333333333333334
0 0.613125 0.37444444444444447 0.07875 0.09111111111111111
0 0.938125 0.3433333333333333 0.06625 0.09111111111111111
0 0.42875 0.5688888888888889 0.1375 0.14666666666666667
0 0.09125 0.3988888888888889 0.08 0.10444444444444445
0 0.885625 0.29 0.07125 0.1
0 0.67375 0.2822222222222222 0.065 0.09333333333333334
0 0.83125 0.22555555555555556 0.05 0.07777777777777778
0 0.3325 0.47333333333333333 0.0875 0.1288888888888889
0 0.28875 0.5633333333333334 0.11 0.1622222222222222
0 0.1725 0.30444444444444446 0.07 0.08888888888888889
0 0.808125 0.2877777777777778 0.07625 0.09555555555555556
0 0.204375 0.2611111111111111 0.05375 0.08222222222222222
0 0.449375 0.38333333333333336 0.10125 0.12666666666666668
0 0.78125 0.24888888888888888 0.0625 0.09777777777777778
0 0.456875 0.31666666666666665 0.09625 0.11333333333333333
0 0.245625 0.29888888888888887 0.06125 0.07333333333333333
0 0.22375 0.3377777777777778 0.07 0.09333333333333334
