0 0.74 0.4811111111111111 0.11 0.10888888888888888
0 0.429375 0.5677777777777778 0.13625 0.14888888888888888
0 0.385 0.24888888888888888 0.0725 0.08888888888888889
0 0.03625 0.4688888888888889 0.0725 0.13777777777777778
0 0.480625 0.22444444444444445 0.05375 0.07111111111111111
0 0.96875 0.4 0.06 0.09777777777777778
0 0.348125 0.3788888888888889 0.08375 0.10888888888888888
0 0.13625 0.48444444444444446 0.0975 0.12
0 0.77 0.5722222222222222 0.1075 0.17555555555555555
2 0.644375 0.18333333333333332 0.04875 0.09555555555555556
0 0.58375 0.18555555555555556 0.0625 0.09111111111111111
0 0.3625 0.3277777777777778 0.0775 0.10444444444444445
0 0.673125 0.2833333333333333 0.06375 0.09111111111111111
0 0.458125 0.31777777777777777 0.09375 0.11555555555555555
0 0.695625 0.3211111111111111 0.08375 0.1
0 0.60875 0.32222222222222224 0.09 0.1111111111111111
0 0.414375 0.21777777777777776 0.04625 0.06666666666666667
0 0.173125 0.30333333333333334 0.07125 0.08666666666666667
0 0.715 0.3933333333333333 0.075 0.10666666666666667
0 0.223125 0.3377777777777778 0.07375 0.09333333333333334
0 0.205625 0.2611111111111111 0.05625 0.08222222222222222
0 0.28875 0.5644444444444444 0.11 0.16
0 0.585 0.24 0.07 0.08888888888888889
0 0.93 0.4688888888888889 0.12 0.1511111111111111
0 0.654375 0.25222222222222224 0.06125 0.07777777777777778
0 0.884375 0.3977777777777778 0.08375 0.1111111111111111
0 0.45 0.3811111111111111 0.0975 0.12666666666666668
0 0.60125 0.3888888888888889 0.0925 0.12
0 0.48125 0.19444444444444445 0.06 0.06
0 0.136875 0.3411111111111111 0.07125 0.09555555555555556
0 0.760625 0.21222222222222223 0.05875 0.09111111111111111
0 0.86125 0.25222222222222224 0.0475 0.08222222222222222
0 0.244375 0.29777777777777775 0.06375 0.07555555555555556
0 0.296875 0.21888888888888888 0.05625 0.08666666666666667
0 0.7775 0.24 0.065 0.10222222222222223
0 0.808125 0.2877777777777778 0.07875 0.1
0 0.890625 0.2833333333333333 0.06875 0.11333333333333333
0 0.278125 0.2611111111111111 0.05875 0.07777777777777778
0 0.428125 0.4766666666666667 0.10625 0.12222222222222222
0 0.939375 0.34444444444444444 0.06375 0.09333333333333334
0 0.331875 0.4722222222222222 0.08875 0.13111111111111112
0 0.233125 0.2222222222222222 0.04625 0.09777777777777778
0 0.0875 0.5677777777777778 0.1125 0.14
0 0.85875 0.3488888888888889 0.0825 0.09333333333333334
0 0.0925 0.4011111111111111 0.08 0.10444444444444445
0 0.18625 0.4 0.085 0.10666666666666667
0 0.830625 0.22444444444444445 0.05125 0.07555555555555556
0 0.458125 0.24444444444444444 0.06125 0.07111111111111111
