0 0.60875 0.3233333333333333 0.09 0.11333333333333333
0 0.569375 0.21888888888888888 0.05375 0.06888888888888889
0 0.230625 0.22 0.04625 0.09777777777777778
0 0.476875 0.22555555555555556 0.05875 0.06888888888888889
0 0.385625 0.25 0.06875 0.08666666666666667
0 0.414375 0.21888888888888888 0.04875 0.06888888888888889
0 0.606875 0.47555555555555556 0.11125 0.12444444444444444
0 0.288125 0.5655555555555556 0.10875 0.1622222222222222
0 0.035 0.47555555555555556 0.07 0.13333333333333333
0 0.20375 0.2633333333333333 0.05 0.08222222222222222
0 0.809375 0.29444444444444445 0.07875 0.09111111111111111
0 0.4825 0.19555555555555557 0.0575 0.06222222222222222
0 0.969375 0.39555555555555555 0.06125 0.1111111111111111
0 0.65625 0.24444444444444444 0.055 0.09333333333333334
0 0.46125 0.3211111111111111 0.0875 0.1
0 0.42875 0.5722222222222222 0.1375 0.14444444444444443
0 0.935 0.3433333333333333 0.0675 0.09111111111111111
0 0.74875 0.4722222222222222 0.0875 0.10444444444444445
0 0.225 0.33666666666666667 0.0675 0.09111111111111111
2 0.645625 0.18222222222222223 0.05125 0.08888888888888889
0 0.860625 0.25555555555555554 0.05125 0.07555555555555556
0 0.885625 0.3988888888888889 0.08625 0.10888888888888888
0 0.89125 0.2911111111111111 0.0675 0.09333333333333334
0 0.761875 0.21333333333333335 0.06625 0.08888888888888889
0 0.33 0.4722222222222222 0.09 0.13111111111111112
0 0.450625 0.3788888888888889 0.09625 0.12222222222222222
0 0.0925 0.39555555555555555 0.08 0.10666666666666667
0 0.86125 0.3433333333333333 0.085 0.09555555555555556
0 0.829375 0.22555555555555556 0.05375 0.06888888888888889
0 0.594375 0.24222222222222223 0.06625 0.08
0 0.93 0.47 0.1225 0.14888888888888888
0 0.349375 0.3844444444444444 0.08625 0.10666666666666667
0 0.18 0.3055555555555556 0.055 0.08222222222222222
0 0.27875 0.26555555555555554 0.0525 0.07333333333333333
0 0.6125 0.3811111111111111 0.0875 0.11777777777777777
0 0.674375 0.28444444444444444 0.06375 0.08888888888888889
0 0.43375 0.47444444444444445 0.1125 0.13555555555555557
0 0.78 0.5744444444444444 0.0875 0.18
0 0.139375 0.33666666666666667 0.07625 0.10444444444444445
0 0.13875 0.4855555555555556 0.0925 0.11333333333333333
0 0.244375 0.29333333333333333 0.05875 0.08
0 0.694375 0.3244444444444444 0.08125 0.10222222222222223
0 0.085 0.5577777777777778 0.1125 0.16
0 0.585 0.18333333333333332 0.0575 0.08222222222222222
0 0.186875 0.39666666666666667 0.08125 0.10888888888888888
0 0.361875 0.32666666666666666 0.07875 0.10666666666666667
0 0.78875 0.25555555555555554 0.0725 0.07555555555555556
0 0.29375 0.21555555555555556 0.06 0.09333333333333334
