0 0.926875 0.4677777777777778 0.11875 0.15333333333333332
0 0.859375 0.25666666666666665 0.04625 0.07333333333333333
0 0.140625 0.4822222222222222 0.08875 0.13333333333333333
2 0.6475 0.18777777777777777 0.0575 0.10444444444444445
0 0.885625 0.4077777777777778 0.08875 0.1
0 0.3875 0.2477777777777778 0.07 0.08222222222222222
0 0.1375 0.3411111111111111 0.0725 0.1
0 0.235 0.22777777777777777 0.0475 0.1
0 0.291875 0.5622222222222222 0.12875 0.16444444444444445
0 0.463125 0.32555555555555554 0.08625 0.09111111111111111
0 0.585625 0.18666666666666668 0.05875 0.08444444444444445
0 0.035625 0.4711111111111111 0.07125 0.14222222222222222
0 0.769375 0.21333333333333335 0.06125 0.09333333333333334
0 0.475625 0.2288888888888889 0.06125 0.06666666666666667
0 0.3625 0.32666666666666666 0.075 0.10666666666666667
0 0.609375 0.3211111111111111 0.09375 0.11333333333333333
0 0.695625 0.3233333333333333 0.08375 0.11333333333333333
0 0.611875 0.38222222222222224 0.08625 0.12
0 0.431875 0.4766666666666667 0.11625 0.13555555555555557
0 0.185625 0.3977777777777778 0.08375 0.1111111111111111
0 0.175625 0.3088888888888889 0.06125 0.08444444444444445
0 0.935 0.3422222222222222 0.065 0.08444444444444445
0 0.225625 0.3377777777777778 0.07125 0.09777777777777778
0 0.34875 0.3877777777777778 0.085 0.10888888888888888
0 0.41625 0.22 0.05 0.07555555555555556
0 0.20375 0.2644444444444444 0.0575 0.08
0 0.606875 0.4722222222222222 0.11375 0.14444444444444443
0 0.329375 0.47444444444444445 0.08875 0.12222222222222222
0 0.27875 0.2644444444444444 0.0575 0.07111111111111111
0 0.74875 0.47333333333333333 0.085 0.1111111111111111
0 0.56875 0.22 0.055 0.07111111111111111
0 0.79625 0.2544444444444444 0.0825 0.08222222222222222
0 0.093125 0.3977777777777778 0.07875 0.1111111111111111
0 0.831875 0.23 0.05875 0.06444444444444444
0 0.808125 0.29444444444444445 0.07875 0.09555555555555556
0 0.860625 0.3433333333333333 0.08625 0.09555555555555556
0 0.65875 0.24444444444444444 0.065 0.08444444444444445
0 0.595 0.24555555555555555 0.0675 0.08222222222222222
0 0.96625 0.39444444444444443 0.0625 0.10888888888888888
0 0.291875 0.21777777777777776 0.05625 0.09333333333333334
0 0.4575 0.28444444444444444 0.08 0.08444444444444445
0 0.085625 0.5588888888888889 0.11375 0.1711111111111111
0 0.481875 0.19555555555555557 0.06125 0.07111111111111111
0 0.43 0.5755555555555556 0.135 0.1511111111111111
0 0.890625 0.2911111111111111 0.07125 0.09333333333333334
0 0.45 0.38333333333333336 0.1 0.13111111111111112
