0 0.959375 0.3933333333333333 0.07125 0.09777777777777778
0 0.326875 0.4722222222222222 0.09375 0.12666666666666668
0 0.415625 0.22 0.05125 0.07111111111111111
0 0.478125 0.22444444444444445 0.05375 0.06666666666666667
0 0.185625 0.3933333333333333 0.07375 0.10666666666666667
0 0.8575 0.35 0.0775 0.08222222222222222
0 0.605625 0.48 0.11375 0.12444444444444444
0 0.89125 0.3 0.0675 0.07555555555555556
2 0.64375 0.18444444444444444 0.05 0.08888888888888889
0 0.668125 0.2877777777777778 0.05375 0.08222222222222222
0 0.290625 0.21666666666666667 0.05875 0.09111111111111111
0 0.583125 0.18333333333333332 0.06375 0.08666666666666667
0 0.249375 0.28888888888888886 0.05625 0.08888888888888889
0 0.450625 0.3788888888888889 0.10125 0.12666666666666668
0 0.20375 0.2633333333333333 0.0525 0.07777777777777778
0 0.228125 0.22555555555555556 0.04875 0.09111111111111111
0 0.4825 0.18777777777777777 0.0625 0.07333333333333333
0 0.428125 0.5655555555555556 0.13625 0.15333333333333332
0 0.65375 0.2577777777777778 0.055 0.06222222222222222
0 0.6075 0.3211111111111111 0.0925 0.10888888888888888
0 0.580625 0.21888888888888888 0.06625 0.08222222222222222
0 0.278125 0.2633333333333333 0.04875 0.07333333333333333
0 0.656875 0.2311111111111111 0.06125 0.07111111111111111
0 0.611875 0.38222222222222224 0.08375 0.12
0 0.034375 0.47 0.06875 0.13555555555555557
0 0.226875 0.32666666666666666 0.08125 0.1111111111111111
0 0.080625 0.5511111111111111 0.10625 0.1688888888888889
0 0.8075 0.2866666666666667 0.08 0.10666666666666667
0 0.45875 0.32222222222222224 0.095 0.09777777777777778
0 0.935625 0.33666666666666667 0.05375 0.07777777777777778
0 0.431875 0.4722222222222222 0.10875 0.14
0 0.354375 0.39444444444444443 0.08375 0.1
0 0.17125 0.3088888888888889 0.0725 0.07555555555555556
0 0.418125 0.18333333333333332 0.05625 0.07333333333333333
0 0.750625 0.4711111111111111 0.07875 0.10666666666666667
0 0.768125 0.20666666666666667 0.06125 0.09777777777777778
0 0.151875 0.4622222222222222 0.09375 0.13333333333333333
0 0.1325 0.34444444444444444 0.0575 0.08
0 0.786875 0.2588888888888889 0.06625 0.06888888888888889
0 0.5925 0.24222222222222223 0.0675 0.08
0 0.929375 0.4666666666666667 0.12625 0.1511111111111111
0 0.86125 0.2577777777777778 0.0475 0.07111111111111111
0 0.386875 0.2477777777777778 0.06625 0.08666666666666667
0 0.091875 0.39666666666666667 0.07625 0.10444444444444445
0 0.886875 0.39222222222222225 0.08875 0.12666666666666668
0 0.3675 0.31555555555555553 0.08 0.12
0 0.3025 0.58 0.1175 0.13777777777777778
0 0.831875 0.22666666666666666 0.05375 0.07111111111111111
0 0.695625 0.3211111111111111 0.08125 0.10888888888888888
