0 0.743125 0.4722222222222222 0.09625 0.12666666666666668
0 0.29375 0.5788888888888889 0.125 0.14444444444444443
0 0.385 0.25222222222222224 0.0725 0.09111111111111111
0 0.611875 0.3877777777777778 0.08625 0.12222222222222222
0 0.431875 0.47555555555555556 0.11375 0.14222222222222222
0 0.60875 0.32222222222222224 0.095 0.1111111111111111
0 0.8075 0.29 0.08 0.10444444444444445
0 0.226875 0.3333333333333333 0.08125 0.1111111111111111
0 0.460625 0.32222222222222224 0.08875 0.1111111111111111
0 0.78125 0.5711111111111111 0.09 0.2
0 0.371875 0.33111111111111113 0.07875 0.09777777777777778
0 0.6575 0.24333333333333335 0.0525 0.08666666666666667
0 0.478125 0.22444444444444445 0.05375 0.07111111111111111
0 0.2275 0.22444444444444445 0.0525 0.08888888888888889
0 0.0825 0.5677777777777778 0.1025 0.13555555555555557
0 0.605 0.4777777777777778 0.1125 0.12444444444444444
0 0.42875 0.5733333333333334 0.1325 0.1511111111111111
0 0.17125 0.30777777777777776 0.065 0.07333333333333333
0 0.185625 0.3933333333333333 0.07625 0.11555555555555555
0 0.929375 0.3388888888888889 0.06375 0.08222222222222222
0 0.86 0.25666666666666665 0.0525 0.08222222222222222
0 0.960625 0.3977777777777778 0.06625 0.10222222222222223
0 0.27375 0.26555555555555554 0.0625 0.07777777777777778
0 0.590625 0.24222222222222223 0.07125 0.09333333333333334
0 0.135625 0.34555555555555556 0.06625 0.08666666666666667
0 0.670625 0.2866666666666667 0.05875 0.08444444444444445
0 0.29375 0.21777777777777776 0.0625 0.08444444444444445
0 0.094375 0.39222222222222225 0.07625 0.12666666666666668
0 0.32875 0.47555555555555556 0.0925 0.1288888888888889
0 0.5825 0.18333333333333332 0.0675 0.08222222222222222
0 0.354375 0.39666666666666667 0.08875 0.1
0 0.88625 0.3933333333333333 0.085 0.14666666666666667
0 0.694375 0.3233333333333333 0.08125 0.11333333333333333
0 0.483125 0.2 0.05875 0.07111111111111111
0 0.8325 0.22777777777777777 0.0525 0.07333333333333333
0 0.450625 0.38222222222222224 0.09875 0.1288888888888889
1 0.039375 0.4711111111111111 0.07875 0.16
0 0.148125 0.4666666666666667 0.10125 0.13777777777777778
0 0.41875 0.18222222222222223 0.055 0.07555555555555556
0 0.928125 0.47 0.12125 0.15333333333333332
0 0.766875 0.2088888888888889 0.05875 0.09333333333333334
2 0.645 0.18444444444444444 0.05 0.09333333333333334
0 0.791875 0.2633333333333333 0.07375 0.07333333333333333
0 0.416875 0.22111111111111112 0.05125 0.06888888888888889
0 0.894375 0.29888888888888887 0.07625 0.07777777777777778
0 0.20625 0.26666666666666666 0.06 0.07555555555555556
0 0.8575 0.3511111111111111 0.0825 0.08888888888888889
