0 0.581875 0.18222222222222223 0.06375 0.08
0 0.294375 0.58 0.12125 0.14222222222222222
0 0.24625 0.3022222222222222 0.065 0.07111111111111111
0 0.48125 0.18888888888888888 0.0625 0.07111111111111111
0 0.1375 0.48 0.0875 0.12444444444444444
0 0.766875 0.5755555555555556 0.12125 0.16444444444444445
0 0.288125 0.21888888888888888 0.05625 0.08666666666666667
0 0.228125 0.33444444444444443 0.07875 0.10888888888888888
0 0.46 0.32666666666666666 0.09 0.08888888888888889
0 0.19125 0.39222222222222225 0.0925 0.10888888888888888
0 0.426875 0.5722222222222222 0.13625 0.14444444444444443
0 0.32375 0.4477777777777778 0.1025 0.16666666666666666
0 0.5875 0.27111111111111114 0.0725 0.08888888888888889
0 0.884375 0.3933333333333333 0.08625 0.1288888888888889
0 0.69 0.31777777777777777 0.08 0.11555555555555555
0 0.17375 0.30666666666666664 0.0625 0.08
0 0.61125 0.3811111111111111 0.085 0.11777777777777777
0 0.385625 0.25 0.07375 0.08666666666666667
0 0.72375 0.4444444444444444 0.12 0.19111111111111112
0 0.83125 0.22 0.055 0.08
0 0.664375 0.28555555555555556 0.06125 0.09111111111111111
0 0.935 0.35444444444444445 0.0575 0.07777777777777778
0 0.649375 0.2222222222222222 0.06375 0.07111111111111111
0 0.601875 0.3233333333333333 0.09125 0.10444444444444445
0 0.03625 0.4688888888888889 0.0725 0.1288888888888889
0 0.36125 0.39666666666666667 0.065 0.10444444444444445
0 0.933125 0.4722222222222222 0.11875 0.14
0 0.415 0.22 0.05 0.06666666666666667
0 0.370625 0.3288888888888889 0.07875 0.10222222222222223
0 0.851875 0.34555555555555556 0.08375 0.08222222222222222
0 0.274375 0.2633333333333333 0.05625 0.07777777777777778
0 0.085 0.5555555555555556 0.11 0.16
0 0.888125 0.3 0.07625 0.08444444444444445
0 0.4325 0.4722222222222222 0.11 0.13555555555555557
0 0.20375 0.26222222222222225 0.0575 0.08
0 0.96625 0.39444444444444443 0.0625 0.10888888888888888
0 0.63875 0.5711111111111111 0.125 0.14222222222222222
0 0.45125 0.38 0.1025 0.1288888888888889
0 0.093125 0.39111111111111113 0.07875 0.11555555555555555
0 0.575 0.22111111111111112 0.0625 0.06888888888888889
0 0.6075 0.47333333333333333 0.1125 0.1288888888888889
0 0.23 0.22333333333333333 0.05 0.09111111111111111
0 0.471875 0.23 0.06875 0.06888888888888889
0 0.64625 0.18444444444444444 0.055 0.08444444444444445
0 0.139375 0.3433333333333333 0.07125 0.08666666666666667
0 0.870625 0.25666666666666665 0.05875 0.06888888888888889
