0 0.61125 0.38222222222222224 0.085 0.11555555555555555
0 0.66625 0.28555555555555556 0.0575 0.08666666666666667
0 0.038125 0.4677777777777778 0.07375 0.13111111111111112
0 0.64375 0.2222222222222222 0.055 0.07111111111111111
0 0.4775 0.22 0.055 0.08
0 0.14 0.34444444444444444 0.07 0.08444444444444445
0 0.8125 0.2877777777777778 0.07 0.09555555555555556
0 0.2325 0.2222222222222222 0.0475 0.09333333333333334
0 0.645625 0.18555555555555556 0.05375 0.08222222222222222
0 0.60125 0.32222222222222224 0.09 0.10222222222222223
0 0.29875 0.5777777777777777 0.115 0.13333333333333333
0 0.585625 0.27 0.07375 0.09555555555555556
0 0.27375 0.2633333333333333 0.06 0.07777777777777778
0 0.965625 0.39555555555555555 0.06375 0.10666666666666667
0 0.933125 0.47333333333333333 0.11875 0.13777777777777778
0 0.87 0.2544444444444444 0.06 0.07333333333333333
0 0.28875 0.22 0.055 0.08888888888888889
0 0.934375 0.35444444444444445 0.05875 0.07777777777777778
0 0.09375 0.39 0.0775 0.11777777777777777
0 0.639375 0.5711111111111111 0.12625 0.14222222222222222
0 0.174375 0.30666666666666664 0.06125 0.08
0 0.45 0.37777777777777777 0.1 0.1288888888888889
0 0.085 0.5566666666666666 0.11 0.1622222222222222
0 0.413125 0.22 0.04875 0.06666666666666667
0 0.57875 0.19555555555555557 0.0625 0.08888888888888889
0 0.689375 0.3188888888888889 0.07875 0.11333333333333333
0 0.384375 0.2511111111111111 0.07375 0.08444444444444445
0 0.195 0.38555555555555554 0.0825 0.11777777777777777
0 0.245 0.3022222222222222 0.0675 0.07555555555555556
0 0.481875 0.19444444444444445 0.06125 0.06888888888888889
0 0.3225 0.47333333333333333 0.105 0.1288888888888889
0 0.830625 0.22 0.05625 0.08444444444444445
0 0.608125 0.4766666666666667 0.11625 0.13111111111111112
0 0.851875 0.3466666666666667 0.08375 0.08
0 0.72625 0.44222222222222224 0.1275 0.19111111111111112
0 0.66 0.24555555555555555 0.0525 0.07777777777777778
0 0.765625 0.5755555555555556 0.11875 0.16444444444444445
0 0.455625 0.29 0.07875 0.07777777777777778
0 0.88875 0.29555555555555557 0.0775 0.09333333333333334
0 0.88375 0.3933333333333333 0.0825 0.13333333333333333
0 0.46375 0.3288888888888889 0.0825 0.08444444444444445
0 0.1375 0.4811111111111111 0.0875 0.12666666666666668
0 0.230625 0.33444444444444443 0.07375 0.10888888888888888
0 0.426875 0.5733333333333334 0.13625 0.14222222222222222
0 0.204375 0.26222222222222225 0.05875 0.08
0 0.371875 0.3211111111111111 0.07875 0.10444444444444445
0 0.431875 0.47333333333333333 0.11125 0.13777777777777778
0 0.351875 0.3977777777777778 0.08375 0.10222222222222223
