0 0.936875 0.4777777777777778 0.11375 0.13333333333333333
0 0.826875 0.22666666666666666 0.04375 0.07555555555555556
0 0.608125 0.4722222222222222 0.11875 0.13111111111111112
0 0.781875 0.2411111111111111 0.05625 0.09555555555555556
0 0.47625 0.22444444444444445 0.055 0.06666666666666667
0 0.764375 0.2111111111111111 0.05875 0.08444444444444445
0 0.085625 0.5555555555555556 0.11125 0.16
0 0.416875 0.21888888888888888 0.04625 0.06888888888888889
0 0.289375 0.21888888888888888 0.05875 0.08666666666666667
0 0.22625 0.33555555555555555 0.0775 0.10222222222222223
0 0.435625 0.5677777777777778 0.13875 0.14444444444444443
0 0.189375 0.39555555555555555 0.07625 0.1111111111111111
0 0.664375 0.28888888888888886 0.05875 0.08
0 0.35 0.3988888888888889 0.0875 0.09555555555555556
0 0.13875 0.4855555555555556 0.085 0.11777777777777777
2 0.710625 0.3611111111111111 0.06375 0.14
0 0.295 0.5844444444444444 0.1225 0.13777777777777778
0 0.5725 0.21666666666666667 0.055 0.07333333333333333
0 0.581875 0.18777777777777777 0.06625 0.08666666666666667
0 0.255 0.3011111111111111 0.065 0.07777777777777778
0 0.3675 0.3333333333333333 0.0825 0.09333333333333334
0 0.43125 0.4766666666666667 0.1125 0.11777777777777777
0 0.453125 0.27111111111111114 0.07125 0.08888888888888889
0 0.451875 0.3244444444444444 0.08375 0.09777777777777778
0 0.6825 0.3188888888888889 0.0725 0.1
0 0.76375 0.5766666666666667 0.1125 0.16666666666666666
0 0.588125 0.24888888888888888 0.07375 0.08
2 0.643125 0.18444444444444444 0.04875 0.09333333333333334
0 0.20375 0.2611111111111111 0.0575 0.08222222222222222
0 0.448125 0.3844444444444444 0.10125 0.12444444444444444
0 0.639375 0.57 0.12875 0.17555555555555555
0 0.101875 0.3844444444444444 0.07375 0.14222222222222222
0 0.27125 0.26222222222222225 0.055 0.07111111111111111
0 0.600625 0.3244444444444444 0.09625 0.10666666666666667
0 0.388125 0.24444444444444444 0.07375 0.09777777777777778
0 0.4825 0.19333333333333333 0.06 0.06666666666666667
1 0.96 0.38333333333333336 0.07 0.13111111111111112
0 0.806875 0.29444444444444445 0.07875 0.08666666666666667
0 0.74 0.48333333333333334 0.1175 0.11777777777777777
0 0.41875 0.18666666666666668 0.05 0.06666666666666667
0 0.32375 0.47333333333333333 0.1025 0.12444444444444444
0 0.609375 0.38666666666666666 0.09625 0.11555555555555555
0 0.95 0.3522222222222222 0.0625 0.09111111111111111
0 0.036875 0.4688888888888889 0.07375 0.1288888888888889
0 0.143125 0.3433333333333333 0.05625 0.07777777777777778
0 0.66 0.24333333333333335 0.06 0.09111111111111111
0 0.23125 0.22333333333333333 0.045 0.09111111111111111
0 0.166875 0.31 0.06375 0.06888888888888889
