0 0.29125 0.21888888888888888 0.055 0.08666666666666667
0 0.03625 0.47 0.0725 0.13555555555555557
0 0.085 0.5555555555555556 0.11 0.16444444444444445
0 0.61875 0.3844444444444444 0.08 0.12
0 0.323125 0.47444444444444445 0.10125 0.13111111111111112
0 0.809375 0.29333333333333333 0.07875 0.08888888888888889
0 0.60625 0.48 0.12 0.12444444444444444
0 0.579375 0.18666666666666668 0.06625 0.08444444444444445
0 0.8875 0.28444444444444444 0.0775 0.10222222222222223
0 0.86125 0.24555555555555555 0.0475 0.09555555555555556
0 0.57375 0.21666666666666667 0.0575 0.07333333333333333
0 0.416875 0.21888888888888888 0.04625 0.06888888888888889
0 0.586875 0.2588888888888889 0.07625 0.07333333333333333
0 0.764375 0.21222222222222223 0.06125 0.08222222222222222
0 0.421875 0.18333333333333332 0.05125 0.07333333333333333
0 0.785 0.25222222222222224 0.0675 0.08222222222222222
0 0.203125 0.2611111111111111 0.05625 0.08222222222222222
0 0.273125 0.26222222222222225 0.05625 0.07555555555555556
0 0.43125 0.47333333333333333 0.1125 0.13333333333333333
0 0.83125 0.22111111111111112 0.04 0.08222222222222222
0 0.233125 0.2222222222222222 0.04625 0.08888888888888889
0 0.71 0.39444444444444443 0.0925 0.10888888888888888
0 0.849375 0.3477777777777778 0.08625 0.08222222222222222
0 0.455625 0.3188888888888889 0.09125 0.11777777777777777
0 0.895625 0.3888888888888889 0.07125 0.14666666666666667
0 0.479375 0.22111111111111112 0.04625 0.06888888888888889
0 0.139375 0.34555555555555556 0.06125 0.07777777777777778
0 0.168125 0.3088888888888889 0.06875 0.07555555555555556
0 0.765 0.58 0.1175 0.16
0 0.366875 0.33 0.08125 0.1
0 0.2525 0.3 0.0675 0.07555555555555556
0 0.598125 0.32 0.09375 0.11555555555555555
0 0.659375 0.24222222222222223 0.05875 0.08888888888888889
0 0.96125 0.37777777777777777 0.0625 0.1288888888888889
0 0.225 0.3322222222222222 0.0775 0.11333333333333333
0 0.295625 0.5777777777777777 0.12125 0.14222222222222222
0 0.388125 0.25222222222222224 0.08125 0.08666666666666667
0 0.63875 0.5788888888888889 0.13 0.16666666666666666
0 0.099375 0.39666666666666667 0.07625 0.10888888888888888
0 0.4325 0.5688888888888889 0.1425 0.14222222222222222
0 0.69125 0.31777777777777777 0.0825 0.11555555555555555
0 0.950625 0.3422222222222222 0.04875 0.06666666666666667
0 0.13875 0.48333333333333334 0.0825 0.11777777777777777
0 0.930625 0.46 0.11625 0.1688888888888889
0 0.1925 0.39555555555555555 0.085 0.10222222222222223
0 0.738125 0.4822222222222222 0.11875 0.11555555555555555
2 0.6425 0.18666666666666668 0.0475 0.09777777777777778
0 0.45 0.38 0.0975 0.1288888888888889
0 0.350625 0.3988888888888889 0.08625 0.09111111111111111
0 0.48125 0.18555555555555556 0.065 0.08222222222222222
0 0.666875 0.2866666666666667 0.05875 0.08888888888888889
