0 0.169375 0.31 0.07375 0.07777777777777778
0 0.43 0.4766666666666667 0.1125 0.12666666666666668
0 0.290625 0.21888888888888888 0.05625 0.08666666666666667
0 0.579375 0.18666666666666668 0.06625 0.08444444444444445
0 0.665625 0.2788888888888889 0.06125 0.09555555555555556
0 0.89375 0.3877777777777778 0.07 0.14
0 0.9625 0.3888888888888889 0.0675 0.1111111111111111
0 0.92875 0.4688888888888889 0.12 0.14666666666666667
0 0.711875 0.39555555555555555 0.09125 0.10666666666666667
0 0.25125 0.3011111111111111 0.0675 0.07777777777777778
0 0.4225 0.18777777777777777 0.0475 0.06888888888888889
2 0.6425 0.18333333333333332 0.0475 0.09111111111111111
0 0.765 0.21444444444444444 0.065 0.08666666666666667
0 0.826875 0.21555555555555556 0.04875 0.08444444444444445
0 0.76625 0.5722222222222222 0.1175 0.17555555555555555
0 0.27375 0.26222222222222225 0.0525 0.07555555555555556
0 0.194375 0.39444444444444443 0.08375 0.1
0 0.325 0.47333333333333333 0.1 0.1288888888888889
1 0.0375 0.46444444444444444 0.075 0.13333333333333333
0 0.7375 0.4811111111111111 0.1175 0.12222222222222222
0 0.221875 0.3388888888888889 0.06875 0.09111111111111111
0 0.783125 0.26 0.06125 0.07111111111111111
0 0.350625 0.39666666666666667 0.08625 0.1
0 0.13 0.4866666666666667 0.0975 0.1111111111111111
0 0.455625 0.32 0.09125 0.12
0 0.201875 0.26 0.05875 0.08
0 0.6125 0.37555555555555553 0.085 0.1111111111111111
0 0.59125 0.2611111111111111 0.0725 0.08666666666666667
0 0.573125 0.21333333333333335 0.05875 0.08
0 0.3875 0.24888888888888888 0.08 0.09333333333333334
0 0.448125 0.38555555555555554 0.09875 0.12222222222222222
0 0.080625 0.5766666666666667 0.11875 0.11777777777777777
0 0.69125 0.3211111111111111 0.0875 0.11333333333333333
0 0.595 0.3211111111111111 0.09 0.10888888888888888
0 0.429375 0.5677777777777778 0.13875 0.14888888888888888
0 0.886875 0.28888888888888886 0.07625 0.10222222222222223
0 0.855625 0.24888888888888888 0.05625 0.09333333333333334
0 0.140625 0.3422222222222222 0.05625 0.08
0 0.48125 0.18555555555555556 0.0575 0.08222222222222222
0 0.416875 0.21888888888888888 0.04375 0.06888888888888889
0 0.658125 0.24555555555555555 0.05125 0.08222222222222222
0 0.23125 0.22666666666666666 0.0475 0.09333333333333334
0 0.809375 0.2911111111111111 0.07875 0.09333333333333334
0 0.366875 0.3233333333333333 0.07875 0.1
0 0.295625 0.5777777777777777 0.11875 0.14222222222222222
0 0.103125 0.3811111111111111 0.07125 0.14444444444444443
0 0.475 0.21444444444444444 0.055 0.08666666666666667
0 0.84875 0.3477777777777778 0.085 0.08222222222222222
