0 0.130625 0.4866666666666667 0.09625 0.1111111111111111
0 0.20375 0.2588888888888889 0.055 0.08222222222222222
0 0.71125 0.39555555555555555 0.09 0.10666666666666667
0 0.579375 0.18666666666666668 0.06625 0.08444444444444445
0 0.690625 0.32 0.08875 0.11555555555555555
0 0.416875 0.21888888888888888 0.04375 0.07333333333333333
0 0.575 0.21777777777777776 0.06 0.07555555555555556
0 0.2725 0.26222222222222225 0.0575 0.07555555555555556
0 0.448125 0.3877777777777778 0.10125 0.12222222222222222
0 0.88625 0.29 0.075 0.1
0 0.590625 0.2633333333333333 0.07375 0.08666666666666667
0 0.765 0.21444444444444444 0.065 0.08666666666666667
0 0.22125 0.3377777777777778 0.0675 0.09333333333333334
0 0.193125 0.39111111111111113 0.08625 0.10666666666666667
0 0.66375 0.2811111111111111 0.0625 0.09555555555555556
0 0.64875 0.22444444444444445 0.0575 0.057777777777777775
0 0.603125 0.3877777777777778 0.09375 0.13555555555555557
0 0.454375 0.32 0.09125 0.11555555555555555
0 0.76625 0.5722222222222222 0.1175 0.17555555555555555
0 0.423125 0.18555555555555556 0.04625 0.06888888888888889
0 0.894375 0.3888888888888889 0.07125 0.13777777777777778
0 0.140625 0.3422222222222222 0.05375 0.08
0 0.849375 0.3477777777777778 0.08375 0.08222222222222222
0 0.8075 0.28 0.0775 0.1111111111111111
0 0.43 0.57 0.14 0.14444444444444443
0 0.251875 0.3 0.06625 0.07555555555555556
0 0.101875 0.38222222222222224 0.07375 0.14666666666666667
0 0.231875 0.22666666666666666 0.04625 0.09333333333333334
2 0.643125 0.18444444444444444 0.04875 0.09333333333333334
0 0.295 0.5777777777777777 0.12 0.14222222222222222
0 0.476875 0.22 0.04875 0.07555555555555556
0 0.29 0.21888888888888888 0.0575 0.08666666666666667
0 0.595 0.3211111111111111 0.09 0.10444444444444445
0 0.735625 0.4766666666666667 0.11875 0.12666666666666668
0 0.386875 0.24555555555555555 0.07875 0.09555555555555556
0 0.9625 0.39 0.065 0.11333333333333333
0 0.325 0.4722222222222222 0.1 0.12666666666666668
0 0.36625 0.3244444444444444 0.08 0.09777777777777778
0 0.828125 0.21444444444444444 0.04875 0.08222222222222222
0 0.17125 0.30777777777777776 0.0725 0.07777777777777778
0 0.481875 0.18666666666666668 0.05875 0.08
0 0.8575 0.2511111111111111 0.055 0.09333333333333334
0 0.92875 0.4677777777777778 0.12 0.14888888888888888
0 0.0375 0.4666666666666667 0.075 0.1288888888888889
0 0.43 0.4777777777777778 0.11 0.1288888888888889
0 0.08125 0.5744444444444444 0.12 0.12666666666666668
0 0.35 0.4 0.0875 0.09777777777777778
