0 0.966875 0.39111111111111113 0.06375 0.11555555555555555
0 0.591875 0.2633333333333333 0.07875 0.07777777777777778
0 0.068125 0.5777777777777777 0.09625 0.15555555555555556
0 0.829375 0.2222222222222222 0.05875 0.07555555555555556
0 0.4125 0.22 0.0475 0.07111111111111111
0 0.895625 0.3877777777777778 0.07375 0.14
0 0.44875 0.3811111111111111 0.1 0.13555555555555557
0 0.85625 0.2588888888888889 0.05 0.07333333333333333
1 0.57875 0.17444444444444446 0.06 0.10444444444444445
0 0.25125 0.29888888888888887 0.0675 0.08222222222222222
0 0.18625 0.39555555555555555 0.0775 0.10666666666666667
0 0.80875 0.2877777777777778 0.0825 0.1
0 0.66625 0.28888888888888886 0.0475 0.07555555555555556
0 0.385625 0.2511111111111111 0.07375 0.08444444444444445
0 0.14375 0.3433333333333333 0.0575 0.07777777777777778
0 0.73875 0.4822222222222222 0.1225 0.11555555555555555
0 0.63875 0.5722222222222222 0.1325 0.18444444444444444
0 0.608125 0.3844444444444444 0.09875 0.1288888888888889
0 0.781875 0.2588888888888889 0.06625 0.06888888888888889
0 0.130625 0.4855555555555556 0.09375 0.11333333333333333
0 0.711875 0.3933333333333333 0.09125 0.10666666666666667
0 0.45125 0.32222222222222224 0.08 0.10666666666666667
0 0.764375 0.5777777777777777 0.11625 0.16444444444444445
0 0.2775 0.2611111111111111 0.05 0.07777777777777778
0 0.203125 0.2577777777777778 0.05625 0.08888888888888889
0 0.88625 0.29444444444444445 0.075 0.09111111111111111
0 0.1725 0.30777777777777776 0.07 0.08222222222222222
0 0.66 0.24666666666666667 0.055 0.08444444444444445
0 0.761875 0.21333333333333335 0.06875 0.08888888888888889
0 0.608125 0.31777777777777777 0.08875 0.1111111111111111
0 0.30375 0.5677777777777778 0.0925 0.14888888888888888
0 0.10375 0.37444444444444447 0.075 0.14888888888888888
1 0.576875 0.21444444444444444 0.05875 0.07777777777777778
0 0.23375 0.22777777777777777 0.045 0.08666666666666667
0 0.330625 0.46111111111111114 0.09125 0.13111111111111112
0 0.429375 0.5611111111111111 0.13625 0.15777777777777777
0 0.03625 0.4722222222222222 0.0725 0.12222222222222222
0 0.4825 0.18888888888888888 0.06 0.07111111111111111
0 0.221875 0.3477777777777778 0.06625 0.07777777777777778
0 0.3525 0.38666666666666666 0.085 0.10666666666666667
0 0.4175 0.18444444444444444 0.0575 0.08444444444444445
0 0.476875 0.22666666666666666 0.04625 0.07111111111111111
0 0.60375 0.4822222222222222 0.1125 0.12
0 0.43 0.47888888888888886 0.115 0.12222222222222222
0 0.9275 0.4688888888888889 0.125 0.14666666666666667
0 0.69 0.31666666666666665 0.085 0.11777777777777777
0 0.365625 0.33666666666666667 0.07875 0.08222222222222222
0 0.458125 0.26 0.05875 0.09777777777777778
0 0.289375 0.22 0.05625 0.08444444444444445
0 0.8475 0.35 0.085 0.07777777777777778
2 0.6425 0.18222222222222223 0.0475 0.08888888888888889
