0 0.689375 0.3188888888888889 0.08375 0.12222222222222222
0 0.355625 0.3988888888888889 0.08375 0.09555555555555556
0 0.610625 0.48444444444444446 0.11875 0.12
0 0.29875 0.5811111111111111 0.1175 0.13555555555555557
0 0.1375 0.34555555555555556 0.0675 0.08666666666666667
0 0.788125 0.2477777777777778 0.06375 0.09111111111111111
0 0.93125 0.4677777777777778 0.115 0.14888888888888888
0 0.6025 0.38666666666666666 0.0925 0.12
0 0.851875 0.3477777777777778 0.08625 0.07777777777777778
0 0.20375 0.26555555555555554 0.055 0.08222222222222222
0 0.863125 0.24555555555555555 0.05875 0.10444444444444445
0 0.4275 0.5633333333333334 0.135 0.15333333333333332
0 0.45875 0.32666666666666666 0.085 0.09333333333333334
0 0.168125 0.31 0.07375 0.08222222222222222
0 0.235 0.23 0.05 0.08222222222222222
0 0.388125 0.2511111111111111 0.07625 0.08444444444444445
0 0.14125 0.4911111111111111 0.1 0.11555555555555555
0 0.321875 0.4688888888888889 0.10375 0.13777777777777778
0 0.651875 0.22111111111111112 0.06375 0.06888888888888889
0 0.64 0.5855555555555556 0.125 0.15333333333333332
0 0.80875 0.2877777777777778 0.0775 0.1
0 0.295625 0.21888888888888888 0.05375 0.08666666666666667
0 0.3675 0.3277777777777778 0.0775 0.09555555555555556
0 0.65375 0.25555555555555554 0.0675 0.07111111111111111
0 0.830625 0.21888888888888888 0.04125 0.07777777777777778
0 0.885625 0.29555555555555557 0.06625 0.08
0 0.41125 0.21888888888888888 0.0525 0.07333333333333333
0 0.761875 0.21333333333333335 0.05875 0.08444444444444445
0 0.600625 0.3211111111111111 0.09875 0.10444444444444445
0 0.581875 0.18777777777777777 0.06375 0.08666666666666667
0 0.45375 0.38222222222222224 0.09 0.1111111111111111
0 0.574375 0.21333333333333335 0.05875 0.08
0 0.968125 0.3977777777777778 0.06125 0.10222222222222223
0 0.71125 0.39111111111111113 0.095 0.11555555555555555
0 0.433125 0.4711111111111111 0.11875 0.13333333333333333
0 0.740625 0.4811111111111111 0.11625 0.11777777777777777
0 0.185 0.3988888888888889 0.0825 0.10444444444444445
0 0.08 0.5677777777777778 0.1075 0.16666666666666666
0 0.890625 0.3988888888888889 0.08125 0.11777777777777777
0 0.451875 0.2811111111111111 0.07125 0.08222222222222222
0 0.246875 0.3011111111111111 0.07625 0.07777777777777778
0 0.4775 0.18222222222222223 0.0625 0.08444444444444445
0 0.93 0.33111111111111113 0.0675 0.1111111111111111
0 0.7675 0.5733333333333334 0.1125 0.16444444444444445
2 0.6425 0.18333333333333332 0.05 0.09111111111111111
0 0.2225 0.3511111111111111 0.07 0.07111111111111111
0 0.27625 0.26 0.0525 0.08
0 0.58875 0.26666666666666666 0.065 0.08888888888888889
2 0.038125 0.46444444444444444 0.07625 0.14666666666666667
0 0.0975 0.39666666666666667 0.0775 0.11333333333333333
