0 0.248125 0.3011111111111111 0.07125 0.07777777777777778
0 0.808125 0.2877777777777778 0.07875 0.10444444444444445
0 0.933125 0.3288888888888889 0.06625 0.12444444444444444
0 0.354375 0.3977777777777778 0.08625 0.09777777777777778
0 0.4775 0.22555555555555556 0.055 0.06444444444444444
0 0.458125 0.27 0.07125 0.09111111111111111
0 0.759375 0.21666666666666667 0.06125 0.08222222222222222
0 0.786875 0.24888888888888888 0.06375 0.09333333333333334
0 0.201875 0.2677777777777778 0.05625 0.07777777777777778
0 0.42625 0.1922222222222222 0.0425 0.07333333333333333
0 0.64 0.5866666666666667 0.13 0.16444444444444445
0 0.190625 0.3877777777777778 0.09375 0.12666666666666668
0 0.38625 0.25222222222222224 0.075 0.09111111111111111
0 0.22625 0.35 0.06 0.07333333333333333
0 0.711875 0.39111111111111113 0.09625 0.11555555555555555
0 0.581875 0.18555555555555556 0.06375 0.09111111111111111
0 0.88875 0.2966666666666667 0.0625 0.07777777777777778
0 0.8875 0.4022222222222222 0.08 0.12
0 0.27625 0.25555555555555554 0.0525 0.09333333333333334
0 0.613125 0.48 0.12375 0.13333333333333333
0 0.57625 0.21444444444444444 0.06 0.08222222222222222
0 0.235 0.2288888888888889 0.0475 0.08444444444444445
0 0.604375 0.3877777777777778 0.08875 0.12222222222222222
0 0.6475 0.21888888888888888 0.0525 0.06888888888888889
0 0.76625 0.5744444444444444 0.115 0.16666666666666666
0 0.655 0.2544444444444444 0.065 0.07333333333333333
0 0.42875 0.47333333333333333 0.1075 0.13777777777777778
0 0.45375 0.38222222222222224 0.0925 0.12444444444444444
0 0.14 0.4922222222222222 0.1 0.11777777777777777
0 0.169375 0.3088888888888889 0.07125 0.08
0 0.411875 0.2222222222222222 0.04875 0.07111111111111111
0 0.478125 0.18555555555555556 0.06375 0.08222222222222222
0 0.080625 0.5666666666666667 0.10625 0.1688888888888889
0 0.854375 0.34555555555555556 0.08375 0.08666666666666667
0 0.589375 0.2677777777777778 0.06625 0.09111111111111111
0 0.098125 0.39666666666666667 0.07625 0.11777777777777777
0 0.598125 0.3244444444444444 0.09375 0.10666666666666667
2 0.640625 0.18666666666666668 0.04625 0.09333333333333334
0 0.299375 0.5833333333333334 0.11875 0.14444444444444443
0 0.68875 0.31777777777777777 0.085 0.12444444444444444
0 0.3225 0.4666666666666667 0.1 0.14222222222222222
0 0.9675 0.4 0.0575 0.09777777777777778
0 0.369375 0.32222222222222224 0.07625 0.10222222222222223
0 0.831875 0.22 0.04375 0.07111111111111111
0 0.934375 0.46444444444444444 0.11625 0.14666666666666667
0 0.86375 0.24666666666666667 0.055 0.10222222222222223
0 0.429375 0.5655555555555556 0.13375 0.15777777777777777
0 0.038125 0.4711111111111111 0.07625 0.13777777777777778
0 0.298125 0.22111111111111112 0.04875 0.08666666666666667
0 0.45375 0.32 0.0825 0.1111111111111111
0 0.73875 0.4811111111111111 0.1125 0.11777777777777777
0 0.13625 0.34555555555555556 0.065 0.08222222222222222
