0 0.1925 0.39555555555555555 0.0875 0.10222222222222223
0 0.291875 0.5755555555555556 0.11375 0.13777777777777778
0 0.458125 0.26666666666666666 0.06875 0.1111111111111111
0 0.42 0.47555555555555556 0.0975 0.13333333333333333
0 0.849375 0.3477777777777778 0.08875 0.08222222222222222
0 0.4525 0.33 0.0775 0.09111111111111111
0 0.88625 0.29555555555555557 0.0775 0.08444444444444445
0 0.31625 0.4622222222222222 0.1025 0.14222222222222222
0 0.9675 0.3933333333333333 0.0625 0.11555555555555555
0 0.933125 0.4711111111111111 0.10625 0.14222222222222222
0 0.80875 0.29 0.08 0.09555555555555556
0 0.418125 0.5633333333333334 0.09875 0.14444444444444443
0 0.348125 0.3933333333333333 0.08125 0.10222222222222223
0 0.44125 0.3788888888888889 0.075 0.12222222222222222
6 0.09125 0.5055555555555555 0.1825 0.23777777777777778
0 0.141875 0.4822222222222222 0.09875 0.12444444444444444
0 0.416875 0.18222222222222223 0.04375 0.06222222222222222
1 0.22375 0.22111111111111112 0.045 0.09555555555555556
0 0.769375 0.5622222222222222 0.11375 0.19555555555555557
0 0.654375 0.5622222222222222 0.11125 0.18222222222222223
0 0.760625 0.21888888888888888 0.05625 0.07777777777777778
3 0.61 0.35333333333333333 0.0825 0.16
1 0.201875 0.2577777777777778 0.04875 0.08444444444444445
0 0.29 0.21888888888888888 0.0525 0.09111111111111111
0 0.694375 0.34 0.08875 0.16
0 0.886875 0.39555555555555555 0.08125 0.12
0 0.93125 0.33 0.0625 0.1
0 0.3725 0.31444444444444447 0.0825 0.11333333333333333
0 0.148125 0.34 0.05375 0.08444444444444445
2 0.104375 0.3711111111111111 0.08125 0.13777777777777778
0 0.230625 0.3188888888888889 0.07125 0.11777777777777777
0 0.388125 0.2477777777777778 0.07625 0.09555555555555556
0 0.27375 0.26222222222222225 0.05 0.08
0 0.469375 0.18444444444444444 0.06375 0.10222222222222223
0 0.72625 0.47444444444444445 0.1025 0.12666666666666668
0 0.41625 0.22 0.0475 0.06666666666666667
0 0.856875 0.2411111111111111 0.05875 0.09555555555555556
0 0.171875 0.30666666666666664 0.06375 0.08444444444444445
0 0.8275 0.2088888888888889 0.04 0.08888888888888889
0 0.786875 0.24333333333333335 0.06125 0.1
0 0.61 0.46111111111111114 0.11 0.13555555555555557
