0 0.2025 0.2611111111111111 0.0525 0.08222222222222222
0 0.886875 0.3977777777777778 0.08125 0.11555555555555555
0 0.825625 0.21888888888888888 0.04125 0.08666666666666667
0 0.350625 0.37555555555555553 0.08875 0.1288888888888889
0 0.93125 0.33444444444444443 0.0675 0.1
0 0.273125 0.2611111111111111 0.05125 0.07777777777777778
1 0.71875 0.37444444444444447 0.085 0.14888888888888888
0 0.09375 0.38555555555555554 0.0725 0.14444444444444443
1 0.593125 0.2633333333333333 0.06125 0.10888888888888888
0 0.143125 0.4822222222222222 0.09375 0.13333333333333333
0 0.388125 0.24888888888888888 0.07375 0.09777777777777778
0 0.42625 0.47444444444444445 0.115 0.14
0 0.480625 0.18777777777777777 0.05875 0.08222222222222222
0 0.65125 0.24888888888888888 0.0475 0.08
0 0.144375 0.3388888888888889 0.06625 0.10444444444444445
0 0.173125 0.3011111111111111 0.06375 0.07777777777777778
0 0.9275 0.47444444444444445 0.115 0.14
0 0.781875 0.24666666666666667 0.05375 0.10222222222222223
0 0.42125 0.18444444444444444 0.05 0.07111111111111111
0 0.608125 0.4666666666666667 0.11375 0.13333333333333333
0 0.42 0.22111111111111112 0.05 0.06888888888888889
0 0.735 0.47888888888888886 0.125 0.12222222222222222
0 0.61125 0.36444444444444446 0.0825 0.1688888888888889
0 0.195625 0.3888888888888889 0.09625 0.13777777777777778
0 0.644375 0.5577777777777778 0.10875 0.18666666666666668
0 0.435 0.5611111111111111 0.1325 0.15333333333333332
0 0.85375 0.2511111111111111 0.0525 0.09777777777777778
0 0.378125 0.3211111111111111 0.07625 0.10444444444444445
0 0.849375 0.33444444444444443 0.08875 0.10444444444444445
0 0.454375 0.38222222222222224 0.09375 0.13333333333333333
0 0.29 0.21888888888888888 0.05 0.08666666666666667
0 0.225625 0.2222222222222222 0.04875 0.09333333333333334
0 0.47875 0.22 0.0575 0.07111111111111111
0 0.76125 0.5822222222222222 0.1175 0.17333333333333334
0 0.459375 0.27444444444444444 0.08375 0.1
3 0.321875 0.4633333333333333 0.08375 0.14444444444444443
0 0.665625 0.28555555555555556 0.06125 0.1
0 0.693125 0.31333333333333335 0.07875 0.11555555555555555
0 0.76375 0.20777777777777778 0.0525 0.09555555555555556
3 0.038125 0.4622222222222222 0.07125 0.17777777777777778
0 0.80875 0.2911111111111111 0.0825 0.09777777777777778
0 0.8975 0.29888888888888887 0.06 0.09111111111111111
0 0.96625 0.4033333333333333 0.065 0.10888888888888888
