0 0.289375 0.5766666666666667 0.11875 0.14
2 0.719375 0.45666666666666667 0.08875 0.22
2 0.85625 0.23777777777777778 0.055 0.1111111111111111
0 0.230625 0.3411111111111111 0.06875 0.09111111111111111
0 0.2725 0.26 0.0525 0.07555555555555556
0 0.18875 0.3844444444444444 0.0725 0.11555555555555555
2 0.825 0.21777777777777776 0.0425 0.09333333333333334
0 0.849375 0.3411111111111111 0.09125 0.09111111111111111
0 0.603125 0.4688888888888889 0.10125 0.14222222222222222
1 0.285625 0.21222222222222223 0.05125 0.09555555555555556
0 0.386875 0.25 0.07625 0.09555555555555556
0 0.4175 0.22 0.0475 0.07111111111111111
3 0.764375 0.20444444444444446 0.05375 0.10222222222222223
0 0.88875 0.39555555555555555 0.0875 0.12
0 0.446875 0.3188888888888889 0.06875 0.10444444444444445
0 0.4425 0.37666666666666665 0.07 0.11777777777777777
0 0.889375 0.29555555555555557 0.06375 0.08888888888888889
0 0.69125 0.31555555555555553 0.0775 0.1111111111111111
0 0.373125 0.31777777777777777 0.07875 0.1111111111111111
2 0.583125 0.18222222222222223 0.05875 0.10666666666666667
0 0.480625 0.19111111111111112 0.05875 0.06666666666666667
0 0.76375 0.58 0.12 0.1511111111111111
0 0.425625 0.47 0.10875 0.13555555555555557
0 0.938125 0.32555555555555554 0.06625 0.11777777777777777
0 0.146875 0.34 0.05125 0.08888888888888889
3 0.315 0.46 0.1 0.14222222222222222
0 0.966875 0.4011111111111111 0.06375 0.1
0 0.350625 0.37666666666666665 0.08375 0.11333333333333333
0 0.4325 0.5644444444444444 0.1325 0.14666666666666667
0 0.810625 0.28888888888888886 0.08125 0.09333333333333334
0 0.78375 0.24666666666666667 0.0575 0.09333333333333334
0 0.476875 0.23 0.06125 0.07777777777777778
0 0.094375 0.5522222222222222 0.12125 0.15333333333333332
0 0.5875 0.2577777777777778 0.07 0.08444444444444445
0 0.9275 0.47 0.1025 0.15777777777777777
0 0.170625 0.2911111111111111 0.06875 0.09333333333333334
0 0.42 0.18555555555555556 0.05 0.06888888888888889
0 0.149375 0.4811111111111111 0.08375 0.12222222222222222
0 0.6075 0.3655555555555556 0.08 0.15333333333333332
0 0.663125 0.2911111111111111 0.05875 0.08
