2 0.769375 0.20222222222222222 0.05125 0.10222222222222223
0 0.2525 0.3011111111111111 0.0725 0.07777777777777778
3 0.201875 0.24888888888888888 0.05125 0.08888888888888889
0 0.85375 0.33111111111111113 0.0725 0.09777777777777778
0 0.20875 0.37222222222222223 0.09 0.12666666666666668
0 0.805 0.27666666666666667 0.0825 0.12222222222222222
1 0.14875 0.45444444444444443 0.0825 0.14444444444444443
0 0.371875 0.31666666666666665 0.07625 0.10888888888888888
3 0.945 0.33111111111111113 0.0575 0.09333333333333334
0 0.425625 0.5655555555555556 0.11875 0.14
1 0.205625 0.37222222222222223 0.08375 0.13111111111111112
0 0.59875 0.3211111111111111 0.0825 0.09555555555555556
0 0.96375 0.3933333333333333 0.07 0.1288888888888889
0 0.419375 0.22111111111111112 0.04375 0.07777777777777778
0 0.035625 0.47555555555555556 0.07125 0.12444444444444444
0 0.7625 0.57 0.1175 0.18888888888888888
0 0.27125 0.2644444444444444 0.0575 0.07111111111111111
1 0.145 0.33 0.0625 0.12222222222222222
0 0.476875 0.21444444444444444 0.05875 0.08222222222222222
0 0.829375 0.21666666666666667 0.04125 0.08222222222222222
0 0.87875 0.37555555555555553 0.09 0.14666666666666667
0 0.644375 0.5655555555555556 0.10875 0.1622222222222222
0 0.316875 0.4633333333333333 0.10375 0.13111111111111112
0 0.305625 0.5766666666666667 0.11125 0.14
0 0.453125 0.31 0.07625 0.11333333333333333
0 0.624375 0.3711111111111111 0.07375 0.12
0 0.386875 0.24555555555555555 0.07375 0.09555555555555556
0 0.418125 0.18444444444444444 0.04625 0.06222222222222222
0 0.855 0.25333333333333335 0.0525 0.08888888888888889
0 0.286875 0.22 0.05125 0.08888888888888889
0 0.451875 0.38333333333333336 0.09625 0.12222222222222222
0 0.919375 0.4811111111111111 0.10875 0.13111111111111112
0 0.7 0.38 0.07 0.09777777777777778
0 0.585 0.2866666666666667 0.07 0.08444444444444445
0 0.6225 0.46555555555555556 0.1 0.12666666666666668
0 0.420625 0.4811111111111111 0.10375 0.13111111111111112
0 0.891875 0.2922222222222222 0.06875 0.09111111111111111
3 0.2875 0.22 0.05 0.08888888888888889
0 0.69375 0.3088888888888889 0.0825 0.12444444444444444
0 0.349375 0.38333333333333336 0.07875 0.1
0 0.654375 0.23222222222222222 0.06375 0.11333333333333333
0 0.175 0.3 0.06 0.08
2 0.106875 0.38 0.05375 0.14222222222222222
