0 0.795 0.24888888888888888 0.065 0.09333333333333334
0 0.24875 0.29777777777777775 0.0775 0.08444444444444445
0 0.96375 0.4011111111111111 0.0725 0.11333333333333333
0 0.806875 0.28555555555555556 0.07875 0.10444444444444445
0 0.035625 0.4722222222222222 0.07125 0.12666666666666668
0 0.896875 0.3 0.05375 0.08888888888888889
0 0.4775 0.1922222222222222 0.0575 0.07777777777777778
0 0.455 0.31666666666666665 0.0775 0.11777777777777777
0 0.37375 0.31444444444444447 0.0725 0.11777777777777777
0 0.279375 0.2611111111111111 0.05625 0.07333333333333333
0 0.43125 0.56 0.135 0.15555555555555556
0 0.88625 0.3988888888888889 0.065 0.10888888888888888
1 0.691875 0.31555555555555553 0.07875 0.12
0 0.635625 0.18444444444444444 0.05125 0.07555555555555556
1 0.5775 0.18777777777777777 0.055 0.11333333333333333
2 0.145625 0.32666666666666666 0.06875 0.12
0 0.44875 0.3877777777777778 0.1 0.11777777777777777
0 0.316875 0.46444444444444444 0.10875 0.13333333333333333
0 0.289375 0.2222222222222222 0.04625 0.08
0 0.42125 0.48 0.11 0.1288888888888889
0 0.298125 0.5655555555555556 0.12625 0.15333333333333332
0 0.095625 0.3933333333333333 0.08125 0.09777777777777778
3 0.938125 0.32555555555555554 0.06375 0.11777777777777777
0 0.639375 0.5577777777777778 0.11375 0.18666666666666668
0 0.61125 0.4577777777777778 0.1125 0.13777777777777778
1 0.188125 0.37333333333333335 0.06875 0.12444444444444444
0 0.651875 0.2388888888888889 0.06875 0.10888888888888888
0 0.351875 0.38222222222222224 0.07875 0.10222222222222223
0 0.924375 0.48444444444444446 0.11375 0.11555555555555555
0 0.605 0.31777777777777777 0.0925 0.12444444444444444
0 0.2325 0.3388888888888889 0.0725 0.09555555555555556
0 0.385625 0.23666666666666666 0.06375 0.10444444444444445
0 0.2275 0.22444444444444445 0.055 0.08444444444444445
0 0.86 0.3388888888888889 0.085 0.09111111111111111
0 0.85875 0.2477777777777778 0.05 0.10444444444444445
