0 0.3175 0.4622222222222222 0.1025 0.13333333333333333
0 0.45375 0.2733333333333333 0.0675 0.10222222222222223
1 0.765625 0.20444444444444446 0.04875 0.09333333333333334
0 0.45 0.38555555555555554 0.0975 0.12222222222222222
0 0.860625 0.34 0.08375 0.09333333333333334
0 0.920625 0.4822222222222222 0.10375 0.11555555555555555
1 0.610625 0.4477777777777778 0.10625 0.1622222222222222
0 0.89375 0.2866666666666667 0.06 0.09777777777777778
0 0.96375 0.4 0.0725 0.1111111111111111
0 0.373125 0.3188888888888889 0.07375 0.11333333333333333
0 0.864375 0.25 0.05125 0.09555555555555556
0 0.0925 0.39 0.08 0.1
0 0.8075 0.2877777777777778 0.0775 0.10444444444444445
0 0.478125 0.2222222222222222 0.05875 0.07111111111111111
1 0.385625 0.23444444444444446 0.06375 0.10888888888888888
0 0.658125 0.23777777777777778 0.06375 0.11555555555555555
1 0.0375 0.4577777777777778 0.075 0.14666666666666667
0 0.450625 0.3288888888888889 0.07625 0.09333333333333334
0 0.25125 0.29777777777777775 0.07 0.08444444444444445
0 0.2325 0.3377777777777778 0.0725 0.09333333333333334
0 0.603125 0.32222222222222224 0.08875 0.13333333333333333
1 0.69 0.31444444444444447 0.0725 0.12666666666666668
1 0.19125 0.37222222222222223 0.0625 0.13111111111111112
0 0.479375 0.18333333333333332 0.06375 0.08666666666666667
0 0.785625 0.24222222222222223 0.04875 0.10666666666666667
0 0.883125 0.4011111111111111 0.06875 0.10444444444444445
3 0.940625 0.3244444444444444 0.06625 0.12
0 0.28 0.26555555555555554 0.0525 0.07333333333333333
2 0.14375 0.3322222222222222 0.055 0.12222222222222222
0 0.35125 0.38333333333333336 0.08 0.1
0 0.425625 0.5088888888888888 0.11875 0.17777777777777778
0 0.226875 0.22444444444444445 0.05625 0.08888888888888889
0 0.18 0.29555555555555557 0.0525 0.08444444444444445
0 0.296875 0.5766666666666667 0.12625 0.13555555555555557
0 0.640625 0.18666666666666668 0.06125 0.07111111111111111
