0 0.92625 0.4822222222222222 0.115 0.12
2 0.689375 0.31333333333333335 0.07125 0.1288888888888889
2 0.89 0.2811111111111111 0.06 0.11333333333333333
0 0.729375 0.47888888888888886 0.09875 0.11333333333333333
0 0.356875 0.3811111111111111 0.06875 0.1
0 0.301875 0.5811111111111111 0.12375 0.14
0 0.319375 0.45444444444444443 0.09875 0.1622222222222222
1 0.611875 0.4488888888888889 0.10875 0.15555555555555556
1 0.17875 0.2777777777777778 0.0525 0.11555555555555555
2 0.45125 0.30777777777777776 0.075 0.13111111111111112
0 0.279375 0.26555555555555554 0.05375 0.07333333333333333
0 0.885 0.4 0.07 0.10666666666666667
1 0.385 0.23555555555555555 0.0625 0.1111111111111111
0 0.8625 0.25 0.05 0.08666666666666667
1 0.6375 0.18666666666666668 0.0525 0.08444444444444445
0 0.7175 0.3977777777777778 0.085 0.10666666666666667
0 0.806875 0.2877777777777778 0.07625 0.10444444444444445
2 0.288125 0.21888888888888888 0.04625 0.08666666666666667
0 0.9625 0.3977777777777778 0.0725 0.10666666666666667
2 0.654375 0.23666666666666666 0.05375 0.11333333333333333
0 0.24875 0.2966666666666667 0.0725 0.08222222222222222
0 0.036875 0.46111111111111114 0.07375 0.14
0 0.639375 0.5555555555555556 0.11875 0.18222222222222223
0 0.2325 0.3388888888888889 0.0725 0.09555555555555556
0 0.790625 0.2477777777777778 0.05375 0.09111111111111111
3 0.938125 0.3188888888888889 0.06625 0.12666666666666668
0 0.479375 0.20444444444444446 0.06125 0.08444444444444445
0 0.605 0.31666666666666665 0.085 0.12666666666666668
0 0.86125 0.33666666666666667 0.085 0.09111111111111111
1 0.193125 0.37444444444444447 0.06125 0.13111111111111112
0 0.093125 0.39 0.07875 0.1
2 0.145 0.3322222222222222 0.0575 0.12666666666666668
0 0.58375 0.2477777777777778 0.0625 0.07777777777777778
0 0.375625 0.31555555555555553 0.07125 0.11555555555555555
