1 0.97125 0.3988888888888889 0.055 0.10888888888888888
1 0.194375 0.37444444444444447 0.05875 0.12666666666666668
1 0.4525 0.37555555555555553 0.0725 0.12
0 0.73375 0.47 0.11 0.14
0 0.715 0.3933333333333333 0.08 0.10222222222222223
2 0.639375 0.17888888888888888 0.05375 0.09111111111111111
0 0.28125 0.2644444444444444 0.0525 0.08
2 0.58375 0.18666666666666668 0.06 0.11555555555555555
0 0.23125 0.3377777777777778 0.0725 0.10222222222222223
0 0.888125 0.39555555555555555 0.07125 0.12
2 0.14625 0.3288888888888889 0.055 0.12
1 0.59 0.26 0.0575 0.11555555555555555
0 0.636875 0.5577777777777778 0.11125 0.19555555555555557
0 0.29875 0.58 0.125 0.14666666666666667
0 0.85875 0.25666666666666665 0.05 0.09555555555555556
1 0.17 0.2811111111111111 0.0575 0.10888888888888888
2 0.615 0.4477777777777778 0.105 0.1711111111111111
0 0.234375 0.21888888888888888 0.04375 0.08666666666666667
0 0.92375 0.4577777777777778 0.0925 0.15555555555555556
1 0.386875 0.23555555555555555 0.06125 0.10666666666666667
2 0.105 0.3655555555555556 0.0775 0.14444444444444443
0 0.805625 0.28888888888888886 0.07625 0.09777777777777778
0 0.85625 0.3322222222222222 0.0825 0.1
2 0.32125 0.4477777777777778 0.1 0.17555555555555555
1 0.695 0.31 0.07 0.12222222222222222
0 0.79375 0.24666666666666667 0.0625 0.09333333333333334
0 0.765625 0.21555555555555556 0.04875 0.08
0 0.25125 0.29777777777777775 0.07 0.08888888888888889
6 0.08875 0.5022222222222222 0.1525 0.26666666666666666
1 0.47875 0.20666666666666667 0.0575 0.09777777777777778
2 0.360625 0.37777777777777777 0.05625 0.1111111111111111
2 0.76125 0.5566666666666666 0.115 0.22
2 0.28875 0.21222222222222223 0.045 0.09111111111111111
4 0.658125 0.23333333333333334 0.06375 0.12
2 0.45 0.30777777777777776 0.075 0.14444444444444443
0 0.3725 0.3188888888888889 0.0775 0.12666666666666668
