2 0.428125 0.1811111111111111 0.03875 0.08666666666666667
5 0.97 0.3244444444444444 0.055 0.19111111111111112
2 0.8875 0.27666666666666667 0.0475 0.09555555555555556
2 0.46125 0.23444444444444446 0.05 0.10444444444444445
2 0.305 0.5555555555555556 0.1 0.1688888888888889
2 0.883125 0.38222222222222224 0.06125 0.13777777777777778
2 0.23375 0.21888888888888888 0.0375 0.07777777777777778
2 0.828125 0.21 0.03875 0.09555555555555556
2 0.800625 0.2644444444444444 0.06125 0.1288888888888889
2 0.58375 0.17 0.045 0.09111111111111111
2 0.640625 0.18555555555555556 0.04625 0.1
2 0.45625 0.37666666666666665 0.0775 0.13111111111111112
2 0.5875 0.27 0.0625 0.11777777777777777
2 0.4775 0.18444444444444444 0.05 0.09333333333333334
2 0.389375 0.23666666666666666 0.05875 0.10444444444444445
2 0.78375 0.55 0.085 0.22444444444444445
2 0.45625 0.31 0.0725 0.12222222222222222
1 0.326875 0.4577777777777778 0.07625 0.1511111111111111
2 0.145 0.33111111111111113 0.0575 0.11555555555555555
2 0.039375 0.45444444444444443 0.07375 0.15333333333333332
2 0.426875 0.4488888888888889 0.08125 0.16
2 0.701875 0.3788888888888889 0.07625 0.13555555555555557
2 0.76375 0.20333333333333334 0.05 0.10444444444444445
2 0.251875 0.28555555555555556 0.05375 0.1
2 0.2675 0.25666666666666665 0.045 0.08222222222222222
2 0.85625 0.2388888888888889 0.045 0.09555555555555556
2 0.63875 0.5444444444444444 0.09 0.20444444444444446
2 0.61 0.37444444444444447 0.0825 0.13555555555555557
2 0.686875 0.31222222222222223 0.06625 0.13111111111111112
2 0.1775 0.2911111111111111 0.055 0.10666666666666667
2 0.42625 0.5466666666666666 0.105 0.18666666666666668
2 0.085625 0.5477777777777778 0.09875 0.17555555555555555
2 0.60625 0.3188888888888889 0.085 0.12666666666666668
2 0.92375 0.4577777777777778 0.0825 0.1688888888888889
2 0.64875 0.23222222222222222 0.04 0.11333333333333333
2 0.616875 0.4577777777777778 0.08875 0.15555555555555556
2 0.225625 0.3288888888888889 0.06125 0.11555555555555555
2 0.214375 0.25 0.04625 0.1
1 0.10375 0.37777777777777777 0.0725 0.1288888888888889
2 0.379375 0.31222222222222223 0.05875 0.14
2 0.29 0.21888888888888888 0.0475 0.09111111111111111
2 0.851875 0.32 0.05875 0.14222222222222222
2 0.19375 0.38555555555555554 0.0825 0.11777777777777777
2 0.569375 0.21333333333333335 0.03375 0.08888888888888889
2 0.66625 0.26666666666666666 0.0575 0.12
2 0.925625 0.31333333333333335 0.06125 0.14222222222222222
2 0.414375 0.21222222222222223 0.04125 0.08666666666666667
2 0.365625 0.36777777777777776 0.06625 0.15333333333333332
