1 0.22125 0.33111111111111113 0.0625 0.10666666666666667
1 0.686875 0.31333333333333335 0.06625 0.12444444444444444
5 0.97125 0.3333333333333333 0.055 0.21333333333333335
2 0.21125 0.25222222222222224 0.045 0.1
2 0.29125 0.21777777777777776 0.045 0.09333333333333334
2 0.885 0.38222222222222224 0.0625 0.13333333333333333
1 0.605625 0.32 0.09125 0.12
2 0.651875 0.23666666666666666 0.04625 0.1
2 0.375625 0.33666666666666667 0.06875 0.09111111111111111
2 0.64125 0.5522222222222222 0.0875 0.19333333333333333
2 0.251875 0.2822222222222222 0.05375 0.09777777777777778
2 0.8575 0.23666666666666666 0.0425 0.09111111111111111
2 0.458125 0.38 0.07875 0.1288888888888889
1 0.385 0.28555555555555556 0.065 0.09111111111111111
2 0.17625 0.29 0.0525 0.10444444444444445
1 0.726875 0.4666666666666667 0.09375 0.14222222222222222
2 0.39 0.23444444444444446 0.06 0.1
2 0.47625 0.18333333333333332 0.05 0.09555555555555556
2 0.70625 0.3788888888888889 0.0875 0.13111111111111112
2 0.764375 0.20333333333333334 0.04875 0.10444444444444445
2 0.08625 0.5466666666666666 0.095 0.1688888888888889
1 0.663125 0.2722222222222222 0.05625 0.11333333333333333
2 0.8 0.26555555555555554 0.06 0.13111111111111112
2 0.609375 0.37666666666666665 0.08625 0.14
1 0.45375 0.32 0.075 0.11555555555555555
2 0.923125 0.4588888888888889 0.08375 0.16666666666666666
2 0.765625 0.5533333333333333 0.10875 0.2088888888888889
2 0.425 0.45111111111111113 0.085 0.15555555555555556
2 0.19375 0.38666666666666666 0.08 0.11555555555555555
2 0.305 0.5566666666666666 0.0975 0.1711111111111111
2 0.64125 0.18 0.0475 0.09777777777777778
2 0.415 0.21555555555555556 0.0425 0.08888888888888889
2 0.8275 0.2088888888888889 0.0425 0.09777777777777778
2 0.8525 0.31777777777777777 0.06 0.13777777777777778
1 0.61875 0.46444444444444444 0.0825 0.13333333333333333
2 0.581875 0.1711111111111111 0.04375 0.08888888888888889
2 0.26875 0.25555555555555554 0.04 0.08444444444444445
2 0.323125 0.4488888888888889 0.08625 0.16444444444444445
2 0.588125 0.2688888888888889 0.06375 0.10666666666666667
2 0.573125 0.2111111111111111 0.03875 0.08444444444444445
2 0.233125 0.22 0.03875 0.08
2 0.143125 0.3288888888888889 0.05625 0.1111111111111111
2 0.920625 0.32222222222222224 0.05375 0.13333333333333333
1 0.10375 0.37777777777777777 0.0725 0.1288888888888889
2 0.59375 0.22 0.0475 0.08444444444444445
2 0.425625 0.18555555555555556 0.03625 0.08666666666666667
2 0.8875 0.27444444444444444 0.0425 0.1
2 0.364375 0.36777777777777776 0.07125 0.15333333333333332
2 0.424375 0.5488888888888889 0.10125 0.18222222222222223
2 0.0375 0.45444444444444443 0.075 0.14888888888888888
2 0.464375 0.22777777777777777 0.04625 0.09555555555555556
