2 0.176875 0.2866666666666667 0.05125 0.10222222222222223
5 0.97 0.3322222222222222 0.055 0.2111111111111111
2 0.883125 0.3811111111111111 0.06125 0.13555555555555557
2 0.5825 0.17 0.045 0.09111111111111111
2 0.464375 0.22666666666666666 0.04625 0.09333333333333334
2 0.415 0.21333333333333335 0.0425 0.08888888888888889
2 0.6425 0.5522222222222222 0.0875 0.18888888888888888
2 0.686875 0.31333333333333335 0.06625 0.12
2 0.641875 0.1811111111111111 0.04625 0.1
1 0.103125 0.37666666666666665 0.07375 0.12666666666666668
1 0.6625 0.2733333333333333 0.055 0.10666666666666667
2 0.76625 0.5522222222222222 0.1075 0.20666666666666667
2 0.086875 0.5477777777777778 0.09625 0.1711111111111111
2 0.853125 0.31555555555555553 0.05875 0.13777777777777778
2 0.269375 0.2544444444444444 0.04125 0.08222222222222222
2 0.364375 0.36777777777777776 0.06875 0.15333333333333332
2 0.233125 0.22 0.03875 0.08444444444444445
1 0.605 0.31777777777777777 0.09 0.11555555555555555
2 0.76375 0.20222222222222222 0.0475 0.10222222222222223
2 0.47625 0.1811111111111111 0.05 0.09555555555555556
2 0.29125 0.21666666666666667 0.045 0.09555555555555556
2 0.8275 0.2088888888888889 0.0425 0.09777777777777778
1 0.618125 0.4622222222222222 0.08125 0.13333333333333333
2 0.888125 0.2733333333333333 0.04125 0.10222222222222223
2 0.8575 0.23555555555555555 0.0425 0.09333333333333334
1 0.384375 0.28555555555555556 0.06875 0.08666666666666667
1 0.686875 0.31333333333333335 0.06375 0.12
2 0.424375 0.5477777777777778 0.10125 0.18888888888888888
2 0.92375 0.4588888888888889 0.08 0.16666666666666666
2 0.458125 0.37666666666666665 0.07625 0.13111111111111112
2 0.70875 0.37555555555555553 0.0875 0.1288888888888889
2 0.143125 0.3288888888888889 0.05625 0.1111111111111111
2 0.251875 0.2833333333333333 0.05375 0.09555555555555556
2 0.3075 0.5566666666666666 0.0975 0.1711111111111111
2 0.390625 0.23666666666666666 0.05625 0.1
2 0.92125 0.3211111111111111 0.0525 0.13111111111111112
2 0.42625 0.18222222222222223 0.0375 0.08888888888888889
2 0.61 0.37555555555555553 0.0825 0.13777777777777778
2 0.575625 0.21333333333333335 0.04375 0.08444444444444445
1 0.724375 0.46555555555555556 0.09125 0.14
2 0.19375 0.38555555555555554 0.08 0.11777777777777777
2 0.651875 0.23555555555555555 0.04375 0.09777777777777778
1 0.454375 0.32 0.07625 0.12444444444444444
1 0.220625 0.33 0.06375 0.10444444444444445
2 0.0375 0.45444444444444443 0.075 0.14888888888888888
2 0.799375 0.26555555555555554 0.06125 0.13111111111111112
2 0.58875 0.27 0.0675 0.10888888888888888
2 0.42625 0.45222222222222225 0.08 0.15333333333333332
2 0.325 0.4488888888888889 0.085 0.16444444444444445
2 0.21 0.25333333333333335 0.0425 0.10666666666666667
