2 0.88375 0.3811111111111111 0.0625 0.14
2 0.464375 0.2288888888888889 0.04625 0.09333333333333334
2 0.3225 0.45 0.0875 0.1622222222222222
2 0.29 0.21777777777777776 0.045 0.08888888888888889
2 0.60625 0.37555555555555553 0.0775 0.1288888888888889
2 0.643125 0.19333333333333333 0.04625 0.10666666666666667
1 0.664375 0.27111111111111114 0.05875 0.11555555555555555
2 0.415 0.21444444444444444 0.0425 0.09111111111111111
2 0.388125 0.23666666666666666 0.05625 0.09555555555555556
2 0.8575 0.23666666666666666 0.0425 0.09111111111111111
2 0.82625 0.21 0.04 0.09555555555555556
2 0.47625 0.1811111111111111 0.0525 0.09555555555555556
0 0.45625 0.31777777777777777 0.075 0.12444444444444444
2 0.791875 0.24 0.04625 0.10666666666666667
2 0.6875 0.31222222222222223 0.065 0.12222222222222222
5 0.96875 0.33 0.06 0.22
1 0.19375 0.38555555555555554 0.0825 0.11777777777777777
2 0.425625 0.18333333333333332 0.03875 0.08666666666666667
2 0.586875 0.2688888888888889 0.06375 0.10666666666666667
2 0.9225 0.3233333333333333 0.055 0.13111111111111112
2 0.305 0.5566666666666666 0.0975 0.1711111111111111
2 0.801875 0.2677777777777778 0.05625 0.12666666666666668
2 0.575625 0.2111111111111111 0.04125 0.08444444444444445
2 0.45875 0.3788888888888889 0.08 0.13111111111111112
2 0.7625 0.20555555555555555 0.0475 0.1
1 0.2225 0.33 0.0625 0.10888888888888888
2 0.70875 0.37666666666666665 0.08 0.12666666666666668
2 0.036875 0.45444444444444443 0.07375 0.14888888888888888
2 0.084375 0.5488888888888889 0.09625 0.1688888888888889
1 0.383125 0.28555555555555556 0.06375 0.08666666666666667
2 0.233125 0.22 0.03875 0.08
2 0.605 0.32 0.09 0.12
2 0.175625 0.29 0.05125 0.10444444444444445
1 0.10375 0.37777777777777777 0.0725 0.1288888888888889
2 0.268125 0.25555555555555554 0.04125 0.08444444444444445
2 0.65125 0.24 0.045 0.09333333333333334
2 0.425 0.45 0.085 0.15777777777777777
2 0.76625 0.5533333333333333 0.1075 0.2088888888888889
1 0.7275 0.4666666666666667 0.0875 0.13777777777777778
2 0.884375 0.27 0.04875 0.1
2 0.364375 0.36777777777777776 0.06625 0.14888888888888888
2 0.250625 0.2833333333333333 0.05875 0.1
2 0.143125 0.33 0.05625 0.11333333333333333
2 0.853125 0.31777777777777777 0.05875 0.13777777777777778
2 0.424375 0.5488888888888889 0.10125 0.18222222222222223
2 0.5825 0.1711111111111111 0.045 0.08888888888888889
1 0.305 0.5577777777777778 0.0975 0.17777777777777778
2 0.924375 0.45666666666666667 0.08375 0.16666666666666666
2 0.21 0.25 0.045 0.09555555555555556
