2 0.0375 0.45555555555555555 0.075 0.1511111111111111
2 0.589375 0.27111111111111114 0.06375 0.1111111111111111
2 0.883125 0.38222222222222224 0.06125 0.13777777777777778
2 0.390625 0.23666666666666666 0.05375 0.09555555555555556
1 0.104375 0.37555555555555553 0.07125 0.12444444444444444
2 0.47875 0.18333333333333332 0.05 0.1
2 0.36375 0.3711111111111111 0.07 0.15555555555555556
2 0.306875 0.5544444444444444 0.09875 0.1711111111111111
2 0.664375 0.27 0.05875 0.12222222222222222
2 0.23125 0.22 0.0375 0.08
2 0.22375 0.33 0.06 0.11333333333333333
2 0.57875 0.21444444444444444 0.045 0.08222222222222222
2 0.214375 0.24666666666666667 0.03625 0.08444444444444445
5 0.97 0.3233333333333333 0.0575 0.22
2 0.42625 0.18333333333333332 0.04 0.08666666666666667
2 0.85875 0.23555555555555555 0.0425 0.08888888888888889
2 0.291875 0.21777777777777776 0.04375 0.09333333333333334
2 0.180625 0.2833333333333333 0.05625 0.1
2 0.59125 0.22111111111111112 0.0475 0.09111111111111111
2 0.759375 0.20555555555555555 0.04125 0.10444444444444445
2 0.2525 0.2877777777777778 0.05 0.1
2 0.085 0.5488888888888889 0.0975 0.17333333333333334
2 0.83375 0.21333333333333335 0.04 0.09333333333333334
2 0.325 0.45 0.0825 0.1622222222222222
2 0.61375 0.4588888888888889 0.0775 0.15777777777777777
2 0.786875 0.2311111111111111 0.04125 0.10666666666666667
2 0.143125 0.33 0.05875 0.11777777777777777
2 0.415625 0.21333333333333335 0.04125 0.08888888888888889
2 0.9225 0.32 0.0475 0.1288888888888889
2 0.715625 0.3688888888888889 0.08375 0.13777777777777778
2 0.42625 0.5466666666666666 0.105 0.19111111111111112
2 0.26875 0.25555555555555554 0.04 0.08444444444444445
2 0.6075 0.37666666666666665 0.0725 0.13555555555555557
2 0.42625 0.4477777777777778 0.0775 0.15333333333333332
2 0.465 0.23333333333333334 0.045 0.10222222222222223
2 0.454375 0.3611111111111111 0.08125 0.13555555555555557
2 0.88875 0.27 0.045 0.10444444444444445
2 0.605625 0.3188888888888889 0.09125 0.12222222222222222
2 0.650625 0.2411111111111111 0.04125 0.09555555555555556
1 0.735 0.46 0.075 0.11555555555555555
2 0.453125 0.3111111111111111 0.07375 0.13333333333333333
2 0.140625 0.4677777777777778 0.07625 0.13111111111111112
2 0.58125 0.17555555555555555 0.05 0.10222222222222223
2 0.191875 0.38333333333333336 0.08625 0.11777777777777777
2 0.924375 0.45666666666666667 0.08375 0.16666666666666666
2 0.851875 0.31666666666666665 0.05875 0.13555555555555557
2 0.641875 0.19555555555555557 0.04125 0.10222222222222223
2 0.775625 0.5588888888888889 0.09125 0.21555555555555556
2 0.801875 0.27 0.05625 0.12222222222222222
2 0.688125 0.3111111111111111 0.06375 0.11555555555555555
