5 0.636875 0.5022222222222222 0.11125 0.22666666666666666
5 0.731875 0.3988888888888889 0.09375 0.22444444444444445
5 0.431875 0.39 0.07875 0.22
5 0.665625 0.2388888888888889 0.04625 0.20222222222222222
5 0.601875 0.30777777777777776 0.08125 0.21555555555555556
5 0.418125 0.4888888888888889 0.10625 0.25333333333333335
5 0.383125 0.26 0.05875 0.1511111111111111
5 0.870625 0.3333333333333333 0.07875 0.2088888888888889
5 0.295 0.39222222222222225 0.0975 0.23333333333333334
5 0.33875 0.2688888888888889 0.055 0.14222222222222222
5 0.284375 0.19666666666666666 0.05125 0.14
5 0.75625 0.5133333333333333 0.115 0.23555555555555555
5 0.618125 0.35777777777777775 0.09625 0.24444444444444444
5 0.33375 0.3422222222222222 0.08 0.16444444444444445
5 0.695625 0.26666666666666666 0.06125 0.2088888888888889
5 0.270625 0.5077777777777778 0.09875 0.22
