5 0.749375 0.14333333333333334 0.04375 0.1622222222222222
5 0.380625 0.23666666666666666 0.05125 0.17555555555555555
2 0.741875 0.25555555555555554 0.06125 0.13333333333333333
5 0.270625 0.48333333333333334 0.09375 0.25555555555555554
5 0.860625 0.3244444444444444 0.06125 0.22666666666666666
5 0.66375 0.23333333333333334 0.0425 0.19555555555555557
5 0.11 0.4766666666666667 0.095 0.2911111111111111
5 0.3 0.3844444444444444 0.0825 0.25333333333333335
5 0.435 0.3655555555555556 0.0725 0.24222222222222223
5 0.485 0.14333333333333334 0.0425 0.1622222222222222
5 0.034375 0.41444444444444445 0.06625 0.22
5 0.695625 0.25666666666666665 0.05375 0.20666666666666667
5 0.635 0.15444444444444444 0.0475 0.16666666666666666
5 0.25625 0.20222222222222222 0.04 0.12444444444444444
5 0.8025 0.2288888888888889 0.05 0.20444444444444446
5 0.63125 0.45222222222222225 0.1075 0.33111111111111113
5 0.185625 0.3288888888888889 0.06625 0.2088888888888889
5 0.288125 0.18222222222222223 0.04625 0.16444444444444445
5 0.905625 0.37666666666666665 0.07875 0.2777777777777778
5 0.419375 0.4666666666666667 0.09875 0.3022222222222222
5 0.24125 0.2822222222222222 0.0575 0.18222222222222223
5 0.7425 0.4633333333333333 0.0975 0.31333333333333335
5 0.8225 0.27111111111111114 0.055 0.21777777777777776
5 0.94125 0.2633333333333333 0.0475 0.18888888888888888
5 0.093125 0.32666666666666666 0.05625 0.20444444444444446
5 0.134375 0.2966666666666667 0.04875 0.18444444444444444
5 0.87625 0.22777777777777777 0.0475 0.20222222222222222
5 0.771875 0.19555555555555557 0.04625 0.19555555555555557
5 0.740625 0.2588888888888889 0.05875 0.14
5 0.459375 0.2688888888888889 0.06375 0.21333333333333335
5 0.605625 0.33555555555555555 0.07625 0.2577777777777778
5 0.96625 0.32222222222222224 0.0575 0.22666666666666666
5 0.20125 0.22 0.0375 0.1511111111111111
5 0.340625 0.3188888888888889 0.06375 0.22444444444444445
