2 0.61875 0.4033333333333333 0.0525 0.10888888888888888
2 0.3175 0.41333333333333333 0.0525 0.10222222222222223
2 0.245625 0.5577777777777778 0.08375 0.14222222222222222
2 0.63125 0.5377777777777778 0.0825 0.14666666666666667
2 0.125 0.5444444444444444 0.08 0.14666666666666667
2 0.114375 0.8322222222222222 0.11625 0.22444444444444445
2 0.630625 0.6533333333333333 0.07125 0.18222222222222223
2 0.88 0.35333333333333333 0.055 0.10222222222222223
2 0.826875 0.39666666666666667 0.06375 0.11777777777777777
2 0.184375 0.4633333333333333 0.06875 0.14444444444444443
1 0.615625 0.3511111111111111 0.04875 0.08
2 0.5225 0.4766666666666667 0.06 0.11333333333333333
2 0.93125 0.5255555555555556 0.075 0.1622222222222222
2 0.044375 0.6611111111111111 0.08875 0.1711111111111111
2 0.925 0.39222222222222225 0.07 0.11333333333333333
2 0.6225 0.46111111111111114 0.0725 0.12666666666666668
2 0.23375 0.42 0.0675 0.09333333333333334
2 0.34875 0.3566666666666667 0.0525 0.10888888888888888
2 0.485 0.6611111111111111 0.0925 0.1711111111111111
2 0.796875 0.3488888888888889 0.05125 0.1111111111111111
2 0.6675 0.7644444444444445 0.1275 0.3466666666666667
2 0.29 0.4666666666666667 0.0675 0.13333333333333333
2 0.97625 0.4577777777777778 0.0475 0.13777777777777778
2 0.163125 0.6488888888888888 0.10375 0.19111111111111112
2 0.50875 0.5377777777777778 0.075 0.1511111111111111
2 0.510625 0.4011111111111111 0.07125 0.11777777777777777
2 0.535625 0.3388888888888889 0.05125 0.11333333333333333
2 0.264375 0.3622222222222222 0.05375 0.10222222222222223
2 0.871875 0.4622222222222222 0.07125 0.12444444444444444
2 0.503125 0.8244444444444444 0.12125 0.24888888888888888
