1 0.806875 0.2411111111111111 0.07125 0.13555555555555557
1 0.295625 0.19444444444444445 0.06375 0.12666666666666668
1 0.265 0.2588888888888889 0.065 0.14444444444444443
1 0.231875 0.34444444444444444 0.09125 0.1688888888888889
1 0.550625 0.23777777777777778 0.07375 0.13333333333333333
1 0.211875 0.20777777777777778 0.06125 0.11777777777777777
1 0.556875 0.33555555555555555 0.08125 0.16444444444444445
1 0.568125 0.45111111111111113 0.11625 0.18222222222222223
1 0.885625 0.61 0.13625 0.26
1 0.1725 0.2577777777777778 0.07 0.16444444444444445
0 0.419375 0.4722222222222222 0.13375 0.16666666666666666
2 0.265 0.2611111111111111 0.065 0.14444444444444443
1 0.8625 0.32222222222222224 0.08 0.16444444444444445
1 0.76875 0.18333333333333332 0.06 0.12222222222222222
5 0.94875 0.43 0.09 0.2288888888888889
1 0.578125 0.6411111111111111 0.14875 0.2511111111111111
1 0.53875 0.19333333333333333 0.0725 0.12
1 0.419375 0.4711111111111111 0.13375 0.16444444444444445
1 0.443125 0.25222222222222224 0.08125 0.13555555555555557
1 0.814375 0.4388888888888889 0.10375 0.22
1 0.43625 0.34555555555555556 0.095 0.15333333333333332
1 0.391875 0.6355555555555555 0.14875 0.2577777777777778
1 0.161875 0.45666666666666667 0.11375 0.19333333333333333
1 0.446875 0.18888888888888888 0.07375 0.1111111111111111
1 0.748125 0.33444444444444443 0.09125 0.14888888888888888
