1 0.806875 0.2411111111111111 0.07125 0.13555555555555557
1 0.436875 0.34444444444444444 0.09875 0.15555555555555556
1 0.748125 0.33444444444444443 0.08875 0.14444444444444443
1 0.295625 0.19444444444444445 0.06125 0.13111111111111112
1 0.3925 0.6355555555555555 0.15 0.2577777777777778
1 0.86125 0.3244444444444444 0.08 0.1688888888888889
1 0.215 0.21 0.065 0.11333333333333333
1 0.576875 0.6355555555555555 0.14625 0.26666666666666666
1 0.533125 0.18777777777777777 0.06375 0.11333333333333333
1 0.815 0.4388888888888889 0.105 0.22
1 0.160625 0.45555555555555555 0.11125 0.19555555555555557
1 0.558125 0.33666666666666667 0.08125 0.1711111111111111
1 0.88625 0.61 0.14 0.26
1 0.4475 0.19 0.0725 0.10888888888888888
1 0.26375 0.2611111111111111 0.0675 0.14888888888888888
5 0.948125 0.42777777777777776 0.08875 0.22444444444444445
1 0.2325 0.3422222222222222 0.0925 0.1688888888888889
1 0.5675 0.45444444444444443 0.115 0.18444444444444444
1 0.77 0.18666666666666668 0.0625 0.12
1 0.443125 0.2477777777777778 0.07875 0.13555555555555557
2 0.175625 0.25 0.06375 0.15333333333333332
1 0.419375 0.4711111111111111 0.13375 0.16444444444444445
1 0.55125 0.24 0.0725 0.13777777777777778
