1 0.443125 0.24888888888888888 0.07875 0.13333333333333333
1 0.3925 0.6355555555555555 0.15 0.2577777777777778
1 0.29625 0.19444444444444445 0.0625 0.13111111111111112
1 0.5675 0.4533333333333333 0.115 0.18666666666666668
1 0.551875 0.24 0.07375 0.13777777777777778
1 0.534375 0.18888888888888888 0.06375 0.12
1 0.77125 0.18666666666666668 0.0625 0.12
1 0.5775 0.6377777777777778 0.1475 0.2577777777777778
1 0.4475 0.19 0.0725 0.10888888888888888
1 0.5575 0.33444444444444443 0.08 0.1711111111111111
1 0.213125 0.2111111111111111 0.06375 0.11555555555555555
2 0.174375 0.25222222222222224 0.06375 0.14888888888888888
1 0.861875 0.3244444444444444 0.07875 0.1688888888888889
5 0.948125 0.4311111111111111 0.08625 0.22666666666666666
1 0.81625 0.4388888888888889 0.105 0.22
1 0.885 0.61 0.1375 0.26
1 0.74875 0.33555555555555555 0.0925 0.14666666666666667
1 0.264375 0.24888888888888888 0.06625 0.14222222222222222
1 0.43625 0.34555555555555556 0.095 0.15333333333333332
1 0.805 0.2411111111111111 0.07 0.13555555555555557
1 0.160625 0.45666666666666667 0.11375 0.18888888888888888
1 0.23125 0.34555555555555556 0.09 0.16666666666666666
1 0.419375 0.4711111111111111 0.13375 0.16444444444444445
