2 0.81375 0.4311111111111111 0.095 0.2
2 0.39375 0.6366666666666667 0.1025 0.22
2 0.08 0.6177777777777778 0.115 0.24444444444444444
2 0.556875 0.32 0.06375 0.14666666666666667
2 0.4225 0.45222222222222225 0.1025 0.19333333333333333
2 0.44625 0.17888888888888888 0.0625 0.11777777777777777
2 0.57 0.43444444444444447 0.0875 0.19333333333333333
2 0.88125 0.5988888888888889 0.1175 0.23333333333333334
2 0.809375 0.2388888888888889 0.06375 0.13555555555555557
2 0.17125 0.25555555555555554 0.065 0.14666666666666667
2 0.036875 0.4477777777777778 0.07375 0.19333333333333333
2 0.770625 0.18 0.05125 0.11555555555555555
2 0.69125 0.18333333333333332 0.0525 0.13111111111111112
2 0.536875 0.18222222222222223 0.05625 0.12
2 0.94375 0.42333333333333334 0.0875 0.20666666666666667
2 0.75 0.3233333333333333 0.065 0.14444444444444443
2 0.55125 0.2411111111111111 0.07 0.14
2 0.444375 0.24666666666666667 0.06875 0.13333333333333333
2 0.29375 0.19 0.0575 0.12666666666666668
2 0.23375 0.33666666666666667 0.07 0.15777777777777777
2 0.721875 0.23666666666666666 0.06125 0.14444444444444443
2 0.21375 0.1988888888888889 0.0575 0.12222222222222222
2 0.265 0.24888888888888888 0.06 0.14222222222222222
2 0.436875 0.33666666666666667 0.06625 0.14888888888888888
2 0.859375 0.31666666666666665 0.06375 0.1622222222222222
2 0.113125 0.3288888888888889 0.07625 0.17777777777777778
