2 0.443125 0.24888888888888888 0.06875 0.13333333333333333
2 0.72125 0.23555555555555555 0.06 0.14222222222222222
1 0.078125 0.62 0.12125 0.24
2 0.57125 0.43555555555555553 0.09 0.19555555555555557
2 0.859375 0.31555555555555553 0.06375 0.1511111111111111
2 0.43625 0.3422222222222222 0.07 0.15555555555555556
2 0.809375 0.2411111111111111 0.06625 0.13111111111111112
1 0.44625 0.17888888888888888 0.0625 0.10888888888888888
2 0.160625 0.45555555555555555 0.09125 0.19111111111111112
2 0.691875 0.18222222222222223 0.05375 0.1288888888888889
2 0.17125 0.2544444444444444 0.065 0.14888888888888888
2 0.294375 0.18888888888888888 0.05375 0.12444444444444444
1 0.211875 0.1988888888888889 0.05875 0.12222222222222222
2 0.878125 0.5988888888888889 0.11875 0.2288888888888889
2 0.540625 0.18333333333333332 0.06125 0.12222222222222222
5 0.595 0.18444444444444444 0.065 0.19555555555555557
2 0.264375 0.2511111111111111 0.05625 0.13777777777777778
2 0.77375 0.18444444444444444 0.055 0.1111111111111111
1 0.420625 0.4588888888888889 0.10375 0.16666666666666666
2 0.81375 0.4311111111111111 0.095 0.2
2 0.94375 0.4211111111111111 0.0875 0.20666666666666667
