2 0.038125 0.45 0.07375 0.19777777777777777
2 0.1575 0.4577777777777778 0.0925 0.19555555555555557
4 0.5625 0.44555555555555554 0.095 0.2111111111111111
2 0.538125 0.18333333333333332 0.05875 0.11333333333333333
2 0.771875 0.18777777777777777 0.05125 0.11333333333333333
2 0.555 0.33 0.0675 0.1622222222222222
2 0.38875 0.6311111111111111 0.1025 0.23555555555555555
2 0.5525 0.23777777777777778 0.07 0.13777777777777778
2 0.7475 0.3233333333333333 0.0675 0.14888888888888888
2 0.259375 0.2544444444444444 0.06125 0.14444444444444443
2 0.808125 0.24 0.06375 0.13777777777777778
2 0.72125 0.2411111111111111 0.06 0.14444444444444443
2 0.85875 0.31666666666666665 0.065 0.15777777777777777
2 0.943125 0.41888888888888887 0.09375 0.22444444444444445
2 0.445625 0.18222222222222223 0.06375 0.12
2 0.1125 0.33 0.075 0.18
2 0.230625 0.3411111111111111 0.07375 0.15777777777777777
2 0.29 0.1922222222222222 0.0575 0.13111111111111112
1 0.580625 0.6277777777777778 0.11375 0.25555555555555554
2 0.436875 0.3333333333333333 0.06625 0.1511111111111111
1 0.21 0.20444444444444446 0.0575 0.12
2 0.8125 0.4311111111111111 0.095 0.20444444444444446
2 0.07875 0.62 0.1125 0.26222222222222225
2 0.68875 0.18555555555555556 0.0575 0.13111111111111112
2 0.423125 0.45111111111111113 0.09125 0.19555555555555557
2 0.443125 0.25 0.07125 0.12666666666666668
2 0.168125 0.2577777777777778 0.06875 0.1511111111111111
