3 0.75125 0.3277777777777778 0.065 0.13555555555555557
2 0.215625 0.2011111111111111 0.05875 0.12222222222222222
2 0.88125 0.5866666666666667 0.12 0.25333333333333335
2 0.860625 0.3188888888888889 0.06625 0.14888888888888888
2 0.26875 0.25333333333333335 0.0575 0.14222222222222222
5 0.34125 0.16444444444444445 0.0625 0.17777777777777778
2 0.555625 0.3288888888888889 0.06875 0.15555555555555556
2 0.425 0.45222222222222225 0.09 0.18444444444444444
2 0.769375 0.18 0.04875 0.12
2 0.115625 0.33 0.06875 0.18
2 0.55375 0.2388888888888889 0.065 0.13555555555555557
4 0.94375 0.42444444444444446 0.08 0.2088888888888889
2 0.53875 0.18555555555555556 0.0575 0.11777777777777777
2 0.085 0.6188888888888889 0.1175 0.2511111111111111
2 0.16125 0.4533333333333333 0.0875 0.19555555555555557
2 0.439375 0.34 0.06625 0.14222222222222222
3 0.44625 0.25 0.0775 0.13111111111111112
3 0.694375 0.18222222222222223 0.05875 0.13333333333333333
2 0.173125 0.25555555555555554 0.06625 0.1511111111111111
2 0.806875 0.24 0.06125 0.13333333333333333
2 0.3975 0.6322222222222222 0.115 0.22444444444444445
2 0.573125 0.43222222222222223 0.08875 0.19777777777777777
2 0.813125 0.4311111111111111 0.09625 0.2
2 0.23625 0.34 0.0725 0.16
2 0.724375 0.2388888888888889 0.05625 0.14
