2 0.43875 0.3377777777777778 0.0675 0.1511111111111111
2 0.809375 0.2388888888888889 0.06375 0.13555555555555557
2 0.5725 0.43222222222222223 0.09 0.19777777777777777
2 0.446875 0.18222222222222223 0.06125 0.12
2 0.694375 0.18222222222222223 0.05625 0.13333333333333333
2 0.94375 0.4222222222222222 0.0825 0.2088888888888889
2 0.555625 0.3288888888888889 0.06875 0.15555555555555556
2 0.750625 0.3277777777777778 0.06375 0.14444444444444443
5 0.3425 0.14222222222222222 0.06 0.18666666666666668
2 0.268125 0.25222222222222224 0.05875 0.14444444444444443
2 0.161875 0.45444444444444443 0.09125 0.19333333333333333
2 0.0375 0.44666666666666666 0.075 0.19555555555555557
2 0.883125 0.5888888888888889 0.11625 0.24444444444444444
2 0.445 0.24888888888888888 0.0675 0.1288888888888889
2 0.17375 0.25333333333333335 0.065 0.1511111111111111
2 0.215625 0.2011111111111111 0.05625 0.12222222222222222
2 0.814375 0.4311111111111111 0.09625 0.2
2 0.771875 0.18444444444444444 0.05125 0.11555555555555555
2 0.23625 0.3388888888888889 0.0725 0.15777777777777777
2 0.085625 0.62 0.11625 0.25333333333333335
2 0.42125 0.45555555555555555 0.095 0.19111111111111112
2 0.725 0.24 0.06 0.14222222222222222
2 0.115 0.33 0.0675 0.18
2 0.553125 0.24 0.06625 0.13777777777777778
2 0.860625 0.31777777777777777 0.06625 0.15555555555555556
2 0.53875 0.18555555555555556 0.055 0.11777777777777777
