2 0.39 0.6388888888888888 0.1375 0.23777777777777778
2 0.215625 0.20222222222222222 0.05625 0.12444444444444444
2 0.770625 0.18555555555555556 0.05125 0.10888888888888888
5 0.630625 0.36777777777777776 0.08875 0.29555555555555557
2 0.113125 0.33111111111111113 0.07125 0.17777777777777778
2 0.810625 0.24 0.06125 0.13777777777777778
2 0.42875 0.4588888888888889 0.12 0.18888888888888888
2 0.4425 0.34 0.0725 0.1511111111111111
2 0.44375 0.2511111111111111 0.075 0.1288888888888889
2 0.856875 0.31444444444444447 0.06875 0.15777777777777777
2 0.945625 0.4222222222222222 0.08375 0.21333333333333335
2 0.880625 0.5833333333333334 0.11875 0.2511111111111111
2 0.038125 0.44666666666666666 0.07625 0.2
2 0.759375 0.3288888888888889 0.07125 0.14666666666666667
2 0.5525 0.3322222222222222 0.0675 0.1711111111111111
2 0.261875 0.25333333333333335 0.05875 0.13777777777777778
2 0.545 0.2411111111111111 0.0675 0.14
1 0.070625 0.6188888888888889 0.11625 0.24666666666666667
2 0.29125 0.1922222222222222 0.0525 0.12666666666666668
2 0.571875 0.6255555555555555 0.11875 0.23777777777777778
2 0.8175 0.43666666666666665 0.0925 0.18888888888888888
2 0.173125 0.25222222222222224 0.06625 0.15333333333333332
2 0.69625 0.1811111111111111 0.055 0.13111111111111112
2 0.724375 0.23777777777777778 0.05875 0.14222222222222222
2 0.446875 0.18555555555555556 0.06375 0.11777777777777777
2 0.235625 0.33666666666666667 0.06625 0.15333333333333332
2 0.539375 0.18333333333333332 0.05625 0.10444444444444445
