2 0.724375 0.23777777777777778 0.05625 0.14222222222222222
2 0.77125 0.18666666666666668 0.0525 0.10666666666666667
2 0.69625 0.18 0.055 0.13333333333333333
2 0.810625 0.2388888888888889 0.06125 0.13555555555555557
2 0.856875 0.31555555555555553 0.06875 0.16
2 0.4275 0.46 0.12 0.18666666666666668
2 0.759375 0.3277777777777778 0.07125 0.14444444444444443
2 0.261875 0.25333333333333335 0.05625 0.13777777777777778
2 0.151875 0.45222222222222225 0.07875 0.19333333333333333
2 0.44375 0.2511111111111111 0.075 0.1288888888888889
2 0.036875 0.44555555555555554 0.07375 0.19333333333333333
2 0.11375 0.33 0.07 0.18
2 0.880625 0.5833333333333334 0.11875 0.2511111111111111
2 0.2325 0.33666666666666667 0.0725 0.15333333333333332
2 0.545625 0.2411111111111111 0.06625 0.14
2 0.29125 0.19111111111111112 0.0525 0.1288888888888889
5 0.631875 0.36777777777777776 0.08875 0.29555555555555557
2 0.443125 0.3388888888888889 0.07125 0.14888888888888888
2 0.571875 0.6266666666666667 0.11875 0.23555555555555555
2 0.215625 0.2011111111111111 0.05625 0.12222222222222222
2 0.945 0.4222222222222222 0.0825 0.21333333333333335
2 0.8175 0.43444444444444447 0.0925 0.18888888888888888
2 0.073125 0.6244444444444445 0.11875 0.24444444444444444
2 0.39 0.64 0.1375 0.24
2 0.173125 0.25222222222222224 0.06625 0.15333333333333332
2 0.446875 0.18555555555555556 0.06375 0.11777777777777777
2 0.538125 0.18333333333333332 0.05625 0.10444444444444445
2 0.553125 0.3322222222222222 0.06625 0.17555555555555555
