2 0.695625 0.1811111111111111 0.05625 0.13555555555555557
2 0.72375 0.23777777777777778 0.0575 0.14222222222222222
2 0.160625 0.44555555555555554 0.09125 0.18
2 0.26125 0.25222222222222224 0.0575 0.14
2 0.11375 0.33 0.0725 0.18
2 0.215 0.2011111111111111 0.055 0.12222222222222222
2 0.944375 0.42333333333333334 0.08125 0.2111111111111111
2 0.444375 0.25222222222222224 0.07625 0.13111111111111112
2 0.23125 0.33555555555555555 0.0725 0.15555555555555556
2 0.538125 0.1811111111111111 0.05625 0.10444444444444445
2 0.428125 0.46 0.12125 0.19111111111111112
2 0.03625 0.44666666666666666 0.0725 0.19555555555555557
2 0.5525 0.3322222222222222 0.065 0.1711111111111111
2 0.571875 0.6255555555555555 0.12125 0.23777777777777778
2 0.390625 0.6422222222222222 0.13875 0.24
2 0.75875 0.3277777777777778 0.07 0.14888888888888888
2 0.880625 0.5822222222222222 0.11875 0.24888888888888888
2 0.8175 0.43555555555555553 0.0925 0.18666666666666668
2 0.29125 0.1922222222222222 0.05 0.12666666666666668
5 0.63375 0.36666666666666664 0.0875 0.29777777777777775
2 0.17375 0.25222222222222224 0.065 0.15333333333333332
2 0.545 0.2411111111111111 0.0675 0.14
2 0.770625 0.18666666666666668 0.05375 0.10666666666666667
2 0.810625 0.24 0.06125 0.13333333333333333
2 0.446875 0.18555555555555556 0.06375 0.11777777777777777
2 0.07125 0.6266666666666667 0.1075 0.24444444444444444
2 0.44375 0.34 0.07 0.14666666666666667
2 0.856875 0.31555555555555553 0.06875 0.15555555555555556
