2 0.8175 0.43555555555555553 0.09 0.18666666666666668
2 0.695625 0.1811111111111111 0.05625 0.13555555555555557
2 0.545 0.24 0.0675 0.14222222222222222
2 0.29125 0.19333333333333333 0.05 0.12444444444444444
2 0.23125 0.33555555555555555 0.0725 0.15555555555555556
2 0.4275 0.46 0.12 0.18666666666666668
2 0.944375 0.4222222222222222 0.08125 0.21333333333333335
2 0.114375 0.33 0.07125 0.18
2 0.538125 0.1811111111111111 0.05625 0.10444444444444445
5 0.633125 0.36777777777777776 0.08625 0.3
2 0.80875 0.2388888888888889 0.0575 0.13555555555555557
2 0.880625 0.5822222222222222 0.11875 0.25333333333333335
2 0.851875 0.31333333333333335 0.07375 0.15555555555555556
2 0.44375 0.25333333333333335 0.075 0.1288888888888889
2 0.770625 0.18777777777777777 0.05375 0.10444444444444445
2 0.216875 0.2011111111111111 0.05625 0.12222222222222222
2 0.725625 0.23777777777777778 0.05875 0.14666666666666667
2 0.2625 0.25222222222222224 0.0575 0.14
2 0.16 0.45222222222222225 0.09 0.19777777777777777
2 0.443125 0.34 0.07125 0.14666666666666667
2 0.5725 0.6277777777777778 0.1225 0.23777777777777778
2 0.553125 0.3322222222222222 0.06625 0.1622222222222222
2 0.446875 0.18555555555555556 0.06375 0.11777777777777777
2 0.759375 0.33 0.06625 0.14888888888888888
2 0.1725 0.2511111111111111 0.065 0.15555555555555556
2 0.0725 0.6233333333333333 0.115 0.24666666666666667
2 0.395625 0.6433333333333333 0.12625 0.22444444444444445
2 0.036875 0.45222222222222225 0.07375 0.19777777777777777
