2 0.293125 0.1922222222222222 0.05375 0.12666666666666668
2 0.260625 0.2544444444444444 0.05875 0.14444444444444443
2 0.6975 0.18555555555555556 0.0575 0.11777777777777777
2 0.23 0.3377777777777778 0.075 0.15555555555555556
2 0.444375 0.25222222222222224 0.07375 0.12666666666666668
2 0.428125 0.45 0.09625 0.19333333333333333
2 0.564375 0.43777777777777777 0.08875 0.2
2 0.72375 0.24 0.055 0.14222222222222222
2 0.5525 0.3333333333333333 0.0675 0.15555555555555556
5 0.773125 0.37333333333333335 0.09125 0.27555555555555555
2 0.545625 0.2411111111111111 0.06875 0.13555555555555557
2 0.388125 0.6455555555555555 0.14625 0.24222222222222223
2 0.541875 0.17888888888888888 0.06125 0.11333333333333333
2 0.171875 0.25333333333333335 0.06625 0.1511111111111111
2 0.8575 0.31777777777777777 0.0675 0.15555555555555556
1 0.155625 0.4577777777777778 0.08875 0.19111111111111112
2 0.448125 0.18555555555555556 0.06375 0.11777777777777777
2 0.073125 0.6222222222222222 0.11875 0.25333333333333335
2 0.81625 0.23777777777777778 0.055 0.13777777777777778
2 0.4425 0.3388888888888889 0.0725 0.14888888888888888
2 0.77 0.17444444444444446 0.05 0.11777777777777777
2 0.21375 0.2011111111111111 0.055 0.12222222222222222
2 0.116875 0.33555555555555555 0.07125 0.1688888888888889
1 0.87875 0.6 0.125 0.2222222222222222
