1 0.87625 0.59 0.125 0.23777777777777778
2 0.446875 0.18444444444444444 0.06375 0.12444444444444444
2 0.856875 0.3188888888888889 0.06875 0.15333333333333332
5 0.770625 0.36666666666666664 0.08375 0.3022222222222222
2 0.81375 0.23777777777777778 0.055 0.14222222222222222
2 0.036875 0.46 0.07375 0.18666666666666668
2 0.429375 0.45222222222222225 0.09875 0.19777777777777777
2 0.158125 0.45111111111111113 0.08625 0.19555555555555557
2 0.724375 0.2411111111111111 0.05625 0.14444444444444443
2 0.5525 0.33111111111111113 0.065 0.16444444444444445
2 0.770625 0.17555555555555555 0.05125 0.1111111111111111
2 0.545 0.24 0.0675 0.13777777777777778
2 0.2925 0.19 0.0525 0.12666666666666668
2 0.1725 0.25666666666666665 0.0675 0.14444444444444443
2 0.215 0.2 0.055 0.12444444444444444
2 0.564375 0.43555555555555553 0.08875 0.19555555555555557
2 0.696875 0.18444444444444444 0.05875 0.12
2 0.116875 0.33666666666666667 0.07125 0.1711111111111111
2 0.4425 0.34 0.0725 0.14666666666666667
2 0.23 0.3388888888888889 0.0725 0.15333333333333332
2 0.261875 0.25666666666666665 0.05625 0.14444444444444443
2 0.07125 0.6222222222222222 0.12 0.25333333333333335
2 0.44375 0.2511111111111111 0.075 0.12444444444444444
2 0.535625 0.18333333333333332 0.05625 0.11777777777777777
