2 0.293125 0.1922222222222222 0.05375 0.12666666666666668
5 0.77125 0.36666666666666664 0.085 0.30666666666666664
2 0.69625 0.18555555555555556 0.06 0.12222222222222222
2 0.215 0.2011111111111111 0.055 0.12222222222222222
2 0.261875 0.25555555555555554 0.05625 0.14666666666666667
2 0.446875 0.18333333333333332 0.06375 0.11777777777777777
2 0.070625 0.6222222222222222 0.11875 0.25333333333333335
2 0.1725 0.25666666666666665 0.065 0.14444444444444443
2 0.44375 0.3377777777777778 0.0725 0.1511111111111111
2 0.551875 0.3322222222222222 0.06375 0.16666666666666666
2 0.42875 0.45222222222222225 0.1 0.19333333333333333
2 0.724375 0.24 0.05625 0.14222222222222222
2 0.81375 0.23666666666666666 0.055 0.14
2 0.8575 0.31777777777777777 0.0675 0.15555555555555556
2 0.544375 0.2411111111111111 0.06875 0.14444444444444443
2 0.15875 0.45111111111111113 0.0875 0.2
2 0.564375 0.43555555555555553 0.08875 0.19555555555555557
2 0.444375 0.2511111111111111 0.07625 0.1288888888888889
2 0.036875 0.4622222222222222 0.07375 0.18222222222222223
2 0.116875 0.33666666666666667 0.07125 0.1711111111111111
2 0.535625 0.18444444444444444 0.05625 0.11555555555555555
2 0.229375 0.3388888888888889 0.07375 0.15333333333333332
