2 0.293125 0.1922222222222222 0.05375 0.12666666666666668
2 0.545 0.2411111111111111 0.0675 0.14444444444444443
2 0.23 0.3377777777777778 0.0725 0.15555555555555556
2 0.215 0.2011111111111111 0.055 0.12222222222222222
2 0.261875 0.25555555555555554 0.05625 0.14666666666666667
1 0.87625 0.5922222222222222 0.125 0.23777777777777778
5 0.77125 0.36333333333333334 0.085 0.30444444444444446
2 0.07125 0.6233333333333333 0.1175 0.2511111111111111
2 0.44375 0.3377777777777778 0.0725 0.1511111111111111
2 0.551875 0.3322222222222222 0.06375 0.16666666666666666
2 0.724375 0.24 0.05625 0.14222222222222222
2 0.159375 0.45111111111111113 0.08875 0.2
2 0.814375 0.23666666666666666 0.05375 0.14
2 0.173125 0.25666666666666665 0.06625 0.14444444444444443
2 0.53625 0.18333333333333332 0.055 0.11777777777777777
2 0.44375 0.25 0.075 0.12666666666666668
2 0.8575 0.31777777777777777 0.0675 0.15555555555555556
2 0.564375 0.43555555555555553 0.08875 0.19555555555555557
2 0.39 0.6444444444444445 0.145 0.24
2 0.696875 0.18444444444444444 0.05875 0.12
2 0.446875 0.18555555555555556 0.06375 0.11777777777777777
2 0.116875 0.33666666666666667 0.07125 0.1711111111111111
2 0.429375 0.45222222222222225 0.09875 0.19333333333333333
