2 0.536875 0.18222222222222223 0.05625 0.11555555555555555
2 0.69625 0.18555555555555556 0.06 0.12222222222222222
2 0.260625 0.2544444444444444 0.05875 0.14444444444444443
2 0.230625 0.3377777777777778 0.07375 0.15555555555555556
2 0.54625 0.2411111111111111 0.07 0.14
2 0.564375 0.43444444444444447 0.08875 0.19777777777777777
2 0.811875 0.23555555555555555 0.06125 0.13777777777777778
2 0.036875 0.4577777777777778 0.07375 0.19555555555555557
2 0.29375 0.1922222222222222 0.0525 0.12666666666666668
2 0.38875 0.6433333333333333 0.145 0.24222222222222223
2 0.215625 0.2 0.05625 0.12444444444444444
2 0.55125 0.3333333333333333 0.0625 0.16444444444444445
2 0.171875 0.2577777777777778 0.06625 0.14666666666666667
2 0.769375 0.17777777777777778 0.05125 0.12
2 0.876875 0.5911111111111111 0.12375 0.24
2 0.441875 0.33666666666666667 0.07375 0.14444444444444443
2 0.858125 0.3188888888888889 0.06375 0.15777777777777777
2 0.070625 0.6233333333333333 0.11625 0.2511111111111111
2 0.816875 0.42777777777777776 0.09625 0.20222222222222222
2 0.446875 0.18555555555555556 0.06375 0.11777777777777777
2 0.15875 0.45444444444444443 0.09 0.19333333333333333
2 0.429375 0.45222222222222225 0.09875 0.19333333333333333
2 0.444375 0.25 0.07375 0.12666666666666668
2 0.72375 0.2411111111111111 0.0575 0.14
2 0.115 0.33666666666666667 0.07 0.1711111111111111
