2 0.21625 0.1988888888888889 0.06 0.12222222222222222
2 0.23 0.3377777777777778 0.075 0.15555555555555556
2 0.81125 0.23333333333333334 0.0625 0.14222222222222222
2 0.75375 0.32555555555555554 0.0675 0.14
2 0.26375 0.25666666666666665 0.06 0.14444444444444443
2 0.156875 0.45 0.09125 0.19333333333333333
2 0.038125 0.45111111111111113 0.07375 0.20444444444444446
2 0.53125 0.18333333333333332 0.0525 0.11777777777777777
2 0.57625 0.62 0.1175 0.24888888888888888
2 0.4475 0.18666666666666668 0.0625 0.11555555555555555
2 0.553125 0.3277777777777778 0.05875 0.15333333333333332
2 0.4425 0.3411111111111111 0.0725 0.14444444444444443
2 0.445625 0.25 0.07125 0.13111111111111112
2 0.55 0.2388888888888889 0.07 0.14
2 0.770625 0.17888888888888888 0.05375 0.12222222222222222
2 0.694375 0.18333333333333332 0.05625 0.13111111111111112
2 0.87625 0.5955555555555555 0.1275 0.23555555555555555
2 0.17 0.25666666666666665 0.0625 0.14444444444444443
2 0.72625 0.24 0.06 0.14666666666666667
2 0.856875 0.31444444444444447 0.07125 0.1622222222222222
2 0.42875 0.45555555555555555 0.0975 0.19111111111111112
2 0.114375 0.33444444444444443 0.07375 0.1711111111111111
2 0.08125 0.6188888888888889 0.11 0.24222222222222223
2 0.29375 0.19333333333333333 0.05 0.12444444444444444
2 0.94625 0.41888888888888887 0.09 0.20666666666666667
2 0.565 0.43666666666666665 0.0925 0.19777777777777777
2 0.38875 0.6344444444444445 0.14 0.25555555555555554
2 0.818125 0.43222222222222223 0.09375 0.19333333333333333
