2 0.29375 0.1922222222222222 0.05 0.12222222222222222
2 0.03875 0.46111111111111114 0.0775 0.20222222222222222
2 0.4425 0.3388888888888889 0.07 0.15777777777777777
2 0.5525 0.32666666666666666 0.06 0.1511111111111111
2 0.265 0.2577777777777778 0.0575 0.14222222222222222
2 0.9475 0.42 0.085 0.21333333333333335
2 0.77125 0.18 0.0525 0.12
2 0.446875 0.18555555555555556 0.06375 0.11333333333333333
2 0.854375 0.32 0.07125 0.1511111111111111
5 0.360625 0.37444444444444447 0.08625 0.3
2 0.57375 0.62 0.125 0.24888888888888888
2 0.08125 0.62 0.115 0.24888888888888888
2 0.810625 0.23555555555555555 0.06125 0.13777777777777778
2 0.751875 0.3244444444444444 0.06875 0.14666666666666667
2 0.87875 0.5922222222222222 0.1225 0.2288888888888889
2 0.445625 0.25 0.06875 0.12666666666666668
2 0.549375 0.23777777777777778 0.07125 0.14666666666666667
2 0.53125 0.18333333333333332 0.045 0.12222222222222222
2 0.696875 0.18444444444444444 0.05625 0.1288888888888889
2 0.113125 0.3322222222222222 0.07125 0.18
2 0.724375 0.2411111111111111 0.05375 0.13555555555555557
1 0.81875 0.4311111111111111 0.0925 0.19111111111111112
2 0.15875 0.45111111111111113 0.0875 0.19555555555555557
2 0.393125 0.6344444444444445 0.10875 0.22444444444444445
2 0.566875 0.4388888888888889 0.08875 0.19777777777777777
2 0.21625 0.2 0.055 0.12
2 0.22875 0.3388888888888889 0.0725 0.15333333333333332
2 0.171875 0.25222222222222224 0.06625 0.15333333333333332
