2 0.29375 0.1922222222222222 0.05 0.12222222222222222
2 0.03875 0.46111111111111114 0.0775 0.20222222222222222
2 0.754375 0.3244444444444444 0.06625 0.14222222222222222
2 0.4425 0.3388888888888889 0.07 0.15777777777777777
2 0.265 0.2577777777777778 0.0575 0.14222222222222222
2 0.77125 0.18 0.0525 0.12
2 0.81125 0.23555555555555555 0.0625 0.13777777777777778
2 0.11375 0.3333333333333333 0.0725 0.17777777777777778
2 0.158125 0.45222222222222225 0.08625 0.19777777777777777
2 0.08125 0.6222222222222222 0.115 0.24888888888888888
2 0.878125 0.5922222222222222 0.12375 0.2288888888888889
2 0.548125 0.24 0.07125 0.14222222222222222
2 0.948125 0.4177777777777778 0.08625 0.2088888888888889
2 0.855 0.32 0.07 0.1511111111111111
2 0.17125 0.25333333333333335 0.065 0.15555555555555556
2 0.541875 0.18222222222222223 0.05875 0.11555555555555555
2 0.56625 0.43666666666666665 0.09 0.19777777777777777
2 0.696875 0.18444444444444444 0.05625 0.1288888888888889
2 0.724375 0.2411111111111111 0.05375 0.13555555555555557
2 0.445625 0.2511111111111111 0.06875 0.1288888888888889
1 0.81875 0.4311111111111111 0.0925 0.19111111111111112
2 0.550625 0.33 0.06125 0.15333333333333332
2 0.574375 0.62 0.12625 0.24888888888888888
5 0.361875 0.37666666666666665 0.08625 0.3088888888888889
2 0.21625 0.2 0.055 0.12
2 0.39375 0.6344444444444445 0.11 0.22444444444444445
2 0.446875 0.18444444444444444 0.06375 0.11555555555555555
2 0.22875 0.34 0.0725 0.15555555555555556
