2 0.54875 0.2411111111111111 0.0725 0.14444444444444443
2 0.17375 0.26222222222222225 0.065 0.13333333333333333
2 0.445625 0.2511111111111111 0.06875 0.13333333333333333
2 0.11375 0.33555555555555555 0.075 0.17333333333333334
2 0.53875 0.18333333333333332 0.0525 0.11777777777777777
2 0.566875 0.43777777777777777 0.09125 0.19555555555555557
2 0.2175 0.1988888888888889 0.0575 0.12222222222222222
2 0.4475 0.18666666666666668 0.065 0.11555555555555555
2 0.57375 0.6188888888888889 0.125 0.2511111111111111
2 0.15875 0.45222222222222225 0.0875 0.19777777777777777
1 0.446875 0.18444444444444444 0.06375 0.12
2 0.806875 0.2388888888888889 0.05875 0.13555555555555557
2 0.440625 0.3388888888888889 0.07375 0.14888888888888888
1 0.820625 0.43666666666666665 0.09125 0.18444444444444444
2 0.03875 0.46 0.0775 0.2
2 0.879375 0.5988888888888889 0.12375 0.22444444444444445
5 0.295625 0.21555555555555556 0.06625 0.21333333333333335
2 0.42125 0.4477777777777778 0.09 0.18888888888888888
2 0.698125 0.18777777777777777 0.05625 0.13555555555555557
2 0.39875 0.6255555555555555 0.1075 0.23333333333333334
1 0.08 0.6277777777777778 0.115 0.23333333333333334
2 0.5525 0.3277777777777778 0.06 0.14888888888888888
2 0.229375 0.34 0.07625 0.15555555555555556
