2 0.113125 0.3322222222222222 0.07625 0.17555555555555555
2 0.753125 0.32555555555555554 0.07125 0.14444444444444443
2 0.038125 0.45666666666666667 0.07375 0.19777777777777777
2 0.445625 0.25 0.06875 0.13111111111111112
2 0.850625 0.31333333333333335 0.07875 0.16
2 0.398125 0.6244444444444445 0.10875 0.2311111111111111
2 0.156875 0.45 0.09125 0.19333333333333333
2 0.445 0.3388888888888889 0.07 0.14888888888888888
2 0.229375 0.3411111111111111 0.07625 0.15333333333333332
2 0.26375 0.2511111111111111 0.0625 0.14666666666666667
2 0.541875 0.18333333333333332 0.05875 0.11777777777777777
2 0.44625 0.18333333333333332 0.0625 0.12666666666666668
2 0.69625 0.18222222222222223 0.0575 0.13333333333333333
2 0.94625 0.4211111111111111 0.09 0.22444444444444445
2 0.553125 0.3277777777777778 0.06125 0.15333333333333332
2 0.21625 0.1988888888888889 0.055 0.12222222222222222
2 0.886875 0.5955555555555555 0.10125 0.2222222222222222
2 0.174375 0.2511111111111111 0.06375 0.1511111111111111
2 0.566875 0.43555555555555553 0.09125 0.19555555555555557
2 0.57375 0.6177777777777778 0.1275 0.24444444444444444
2 0.81125 0.23333333333333334 0.06 0.14666666666666667
2 0.08125 0.62 0.12 0.25333333333333335
2 0.294375 0.1922222222222222 0.05125 0.12222222222222222
2 0.724375 0.2388888888888889 0.05625 0.14444444444444443
2 0.55 0.24333333333333335 0.0725 0.14
2 0.4225 0.44666666666666666 0.09 0.19111111111111112
2 0.77125 0.17666666666666667 0.0525 0.12222222222222222
2 0.820625 0.4266666666666667 0.09125 0.17333333333333334
