1 0.11625 0.3411111111111111 0.075 0.15777777777777777
2 0.80875 0.23666666666666666 0.06 0.14
1 0.4475 0.18777777777777777 0.065 0.11333333333333333
2 0.566875 0.43777777777777777 0.08875 0.19555555555555557
5 0.585625 0.14333333333333334 0.06125 0.20666666666666667
2 0.44625 0.25 0.0675 0.12666666666666668
2 0.946875 0.42777777777777776 0.09875 0.20666666666666667
2 0.44375 0.3388888888888889 0.07 0.15333333333333332
1 0.080625 0.6288888888888889 0.11125 0.23555555555555555
2 0.1725 0.2588888888888889 0.0675 0.14
2 0.730625 0.2411111111111111 0.04875 0.14
2 0.753125 0.32666666666666666 0.07125 0.14222222222222222
2 0.265 0.25333333333333335 0.06 0.14666666666666667
2 0.5525 0.33 0.06 0.15333333333333332
2 0.573125 0.6177777777777778 0.12625 0.24888888888888888
2 0.156875 0.45222222222222225 0.08625 0.19333333333333333
2 0.23 0.3411111111111111 0.0775 0.15777777777777777
2 0.550625 0.2411111111111111 0.07375 0.14
2 0.82125 0.43333333333333335 0.09 0.19111111111111112
2 0.293125 0.18777777777777777 0.05375 0.12222222222222222
2 0.2175 0.2 0.06 0.12444444444444444
2 0.03875 0.4577777777777778 0.0775 0.2
2 0.421875 0.45111111111111113 0.08875 0.19111111111111112
2 0.851875 0.3188888888888889 0.07625 0.15777777777777777
2 0.87875 0.6011111111111112 0.1225 0.22444444444444445
2 0.77125 0.17666666666666667 0.0525 0.12222222222222222
2 0.3975 0.63 0.1075 0.22444444444444445
