2 0.7525 0.3277777777777778 0.0725 0.14
2 0.55 0.24222222222222223 0.0725 0.13777777777777778
2 0.446875 0.25 0.06875 0.12666666666666668
2 0.808125 0.23555555555555555 0.06125 0.14222222222222222
5 0.585625 0.14222222222222222 0.06125 0.20444444444444446
2 0.946875 0.42777777777777776 0.09875 0.20666666666666667
2 0.566875 0.43777777777777777 0.09125 0.19555555555555557
2 0.265625 0.25222222222222224 0.06125 0.14444444444444443
2 0.1725 0.26 0.0675 0.14222222222222222
2 0.293125 0.18777777777777777 0.05125 0.12222222222222222
2 0.2175 0.1988888888888889 0.06 0.12666666666666668
2 0.55125 0.3288888888888889 0.06 0.1511111111111111
2 0.85 0.31555555555555553 0.0775 0.15555555555555556
2 0.87875 0.6022222222222222 0.12 0.22666666666666666
2 0.77 0.17666666666666667 0.0525 0.12222222222222222
2 0.036875 0.4588888888888889 0.07375 0.19777777777777777
2 0.396875 0.6311111111111111 0.10875 0.2222222222222222
2 0.115625 0.3388888888888889 0.07375 0.16666666666666666
2 0.57375 0.6177777777777778 0.1275 0.24888888888888888
2 0.1575 0.4533333333333333 0.09 0.19111111111111112
2 0.080625 0.6277777777777778 0.11125 0.23777777777777778
2 0.82125 0.43333333333333335 0.09 0.19111111111111112
2 0.44375 0.34 0.07 0.1511111111111111
2 0.446875 0.18666666666666668 0.06625 0.11555555555555555
2 0.23 0.34 0.075 0.15555555555555556
2 0.421875 0.45111111111111113 0.08875 0.19111111111111112
2 0.730625 0.24333333333333335 0.05375 0.14444444444444443
