2 0.444375 0.25 0.07375 0.13111111111111112
2 0.21625 0.2 0.0575 0.12
2 0.811875 0.23333333333333334 0.06625 0.14222222222222222
2 0.821875 0.4288888888888889 0.08875 0.19555555555555557
2 0.116875 0.33555555555555555 0.07625 0.17333333333333334
2 0.26375 0.2511111111111111 0.0625 0.14666666666666667
2 0.551875 0.33 0.06875 0.15333333333333332
2 0.44625 0.18444444444444444 0.065 0.11555555555555555
2 0.229375 0.3377777777777778 0.07875 0.15555555555555556
2 0.856875 0.31444444444444447 0.06875 0.15777777777777777
2 0.42125 0.45 0.09 0.18444444444444444
2 0.77125 0.17888888888888888 0.05 0.11777777777777777
2 0.88125 0.5988888888888889 0.12 0.23333333333333334
2 0.03625 0.45666666666666667 0.0725 0.19777777777777777
2 0.443125 0.3388888888888889 0.07375 0.14888888888888888
2 0.566875 0.43555555555555553 0.09125 0.19555555555555557
2 0.696875 0.18 0.05875 0.13333333333333333
2 0.396875 0.6266666666666667 0.11125 0.2311111111111111
2 0.55 0.24444444444444444 0.0725 0.13777777777777778
2 0.7525 0.32555555555555554 0.0725 0.14
2 0.294375 0.19 0.05125 0.12222222222222222
2 0.173125 0.24888888888888888 0.06625 0.1511111111111111
2 0.574375 0.6155555555555555 0.12625 0.25333333333333335
2 0.081875 0.6211111111111111 0.11875 0.2511111111111111
2 0.1575 0.45111111111111113 0.09 0.19555555555555557
2 0.540625 0.18333333333333332 0.05625 0.11777777777777777
2 0.941875 0.4222222222222222 0.09125 0.22666666666666666
2 0.72875 0.2411111111111111 0.0575 0.14444444444444443
