2 0.72875 0.2411111111111111 0.0575 0.14
2 0.77125 0.17555555555555555 0.05 0.12444444444444444
2 0.57375 0.6188888888888889 0.1275 0.2511111111111111
2 0.036875 0.45444444444444443 0.07375 0.19777777777777777
2 0.878125 0.6 0.12375 0.22666666666666666
2 0.22875 0.3377777777777778 0.075 0.15555555555555556
2 0.114375 0.33 0.07125 0.18
2 0.549375 0.2411111111111111 0.07375 0.14444444444444443
2 0.941875 0.4222222222222222 0.08875 0.2222222222222222
2 0.444375 0.34 0.06875 0.1511111111111111
2 0.171875 0.2511111111111111 0.06625 0.1511111111111111
2 0.4225 0.45222222222222225 0.0875 0.19333333333333333
2 0.7525 0.32666666666666666 0.0725 0.14222222222222222
2 0.821875 0.43222222222222223 0.09125 0.19333333333333333
2 0.445 0.2511111111111111 0.07 0.1288888888888889
2 0.8525 0.31333333333333335 0.0725 0.16
2 0.265 0.25333333333333335 0.06 0.14666666666666667
2 0.1575 0.45222222222222225 0.0875 0.19333333333333333
2 0.2175 0.2 0.0575 0.12444444444444444
2 0.081875 0.6233333333333333 0.11125 0.2511111111111111
2 0.80875 0.23555555555555555 0.06 0.14222222222222222
2 0.69625 0.1811111111111111 0.0575 0.13111111111111112
2 0.550625 0.3322222222222222 0.06625 0.15777777777777777
2 0.5375 0.18333333333333332 0.0525 0.12222222222222222
2 0.291875 0.19 0.05125 0.12222222222222222
2 0.446875 0.18444444444444444 0.06375 0.11555555555555555
2 0.566875 0.4388888888888889 0.09125 0.19777777777777777
