1 0.26625 0.26555555555555554 0.07 0.12222222222222222
0 0.863125 0.3411111111111111 0.07875 0.11777777777777777
0 0.744375 0.3433333333333333 0.08625 0.11777777777777777
1 0.2125 0.2088888888888889 0.0625 0.10666666666666667
0 0.56875 0.47333333333333333 0.1275 0.1511111111111111
1 0.12375 0.35333333333333333 0.0925 0.1511111111111111
0 0.55375 0.35777777777777775 0.1 0.12444444444444444
1 0.55625 0.25333333333333335 0.08 0.13777777777777778
1 0.536875 0.18666666666666668 0.06875 0.1111111111111111
0 0.5825 0.6633333333333333 0.16 0.18444444444444444
1 0.17125 0.2611111111111111 0.075 0.14444444444444443
0 0.696875 0.19333333333333333 0.06625 0.1111111111111111
1 0.230625 0.3566666666666667 0.08875 0.13555555555555557
0 0.293125 0.21333333333333335 0.07625 0.08888888888888889
0 0.15875 0.49333333333333335 0.12 0.14222222222222222
1 0.450625 0.19111111111111112 0.07375 0.1111111111111111
0 0.439375 0.3477777777777778 0.09375 0.14888888888888888
0 0.415 0.4988888888888889 0.1325 0.10888888888888888
0 0.810625 0.25666666666666665 0.08375 0.11333333333333333
2 0.395 0.6333333333333333 0.1425 0.24
0 0.074375 0.6588888888888889 0.13875 0.22444444444444445
0 0.049375 0.48333333333333334 0.09625 0.14444444444444443
1 0.4475 0.2577777777777778 0.08 0.12444444444444444
0 0.77625 0.19444444444444445 0.0725 0.1
0 0.726875 0.2544444444444444 0.06875 0.12222222222222222
