0 0.744375 0.3411111111111111 0.08625 0.11777777777777777
0 0.43875 0.3477777777777778 0.0925 0.14888888888888888
0 0.9475 0.4577777777777778 0.1 0.15555555555555556
0 0.55625 0.2511111111111111 0.0825 0.13777777777777778
0 0.584375 0.6588888888888889 0.15875 0.18444444444444444
3 0.535 0.18777777777777777 0.0675 0.10888888888888888
1 0.2675 0.2644444444444444 0.0675 0.12444444444444444
0 0.775625 0.19 0.06625 0.10888888888888888
0 0.809375 0.25666666666666665 0.08375 0.10888888888888888
0 0.2125 0.21 0.065 0.10888888888888888
0 0.450625 0.20333333333333334 0.07375 0.1
0 0.074375 0.6611111111111111 0.14125 0.22444444444444445
0 0.568125 0.47888888888888886 0.12375 0.14
0 0.7275 0.25666666666666665 0.07 0.12222222222222222
0 0.5525 0.3622222222222222 0.105 0.12444444444444444
0 0.86375 0.3411111111111111 0.075 0.11333333333333333
0 0.05 0.48333333333333334 0.1 0.14444444444444443
0 0.294375 0.20444444444444446 0.07375 0.09333333333333334
0 0.390625 0.6533333333333333 0.15125 0.21333333333333335
0 0.155625 0.4855555555555556 0.11125 0.15777777777777777
0 0.41125 0.4988888888888889 0.135 0.12222222222222222
0 0.4475 0.27111111111111114 0.0825 0.10666666666666667
0 0.118125 0.3522222222222222 0.08875 0.16666666666666666
0 0.231875 0.35555555555555557 0.08625 0.14222222222222222
0 0.701875 0.1922222222222222 0.07625 0.11333333333333333
