0 0.728125 0.2577777777777778 0.06625 0.11555555555555555
0 0.12125 0.35333333333333333 0.0875 0.16444444444444445
0 0.050625 0.4811111111111111 0.09875 0.14444444444444443
1 0.2675 0.2633333333333333 0.0675 0.13111111111111112
0 0.156875 0.49333333333333335 0.11125 0.14666666666666667
0 0.444375 0.2733333333333333 0.08375 0.10222222222222223
0 0.38875 0.6566666666666666 0.1525 0.2111111111111111
0 0.8075 0.2544444444444444 0.085 0.11777777777777777
0 0.228125 0.35444444444444445 0.09125 0.14
0 0.533125 0.18777777777777777 0.06625 0.11777777777777777
0 0.74625 0.3466666666666667 0.0925 0.11555555555555555
0 0.94625 0.4622222222222222 0.1 0.14666666666666667
1 0.171875 0.26555555555555554 0.06875 0.13555555555555557
0 0.45 0.20555555555555555 0.075 0.09111111111111111
0 0.55375 0.3566666666666667 0.1 0.13111111111111112
0 0.074375 0.6511111111111111 0.14125 0.2311111111111111
1 0.22875 0.35555555555555557 0.0875 0.14222222222222222
0 0.2125 0.2111111111111111 0.0625 0.10666666666666667
1 0.295 0.2 0.065 0.11555555555555555
0 0.579375 0.6422222222222222 0.14875 0.2311111111111111
0 0.41 0.5022222222222222 0.1375 0.12444444444444444
0 0.565 0.4722222222222222 0.13 0.14444444444444443
0 0.69875 0.1922222222222222 0.07 0.11777777777777777
0 0.555625 0.25333333333333335 0.08625 0.13333333333333333
0 0.76875 0.19777777777777777 0.0625 0.10222222222222223
0 0.439375 0.3466666666666667 0.09375 0.1511111111111111
0 0.851875 0.33555555555555555 0.09625 0.12444444444444444
