2 0.87875 0.5855555555555556 0.12 0.24666666666666667
2 0.215625 0.2011111111111111 0.06125 0.12222222222222222
2 0.69875 0.18444444444444444 0.055 0.1288888888888889
2 0.548125 0.34 0.05875 0.16444444444444445
2 0.805625 0.23444444444444446 0.06125 0.14444444444444443
1 0.228125 0.34555555555555556 0.08875 0.14444444444444443
1 0.155625 0.48 0.10375 0.16444444444444445
2 0.77 0.18444444444444444 0.0525 0.1111111111111111
2 0.72375 0.2388888888888889 0.0625 0.14
2 0.441875 0.2544444444444444 0.08125 0.13111111111111112
3 0.751875 0.3333333333333333 0.07875 0.14666666666666667
2 0.265625 0.2511111111111111 0.05625 0.14666666666666667
3 0.3925 0.6455555555555555 0.155 0.24222222222222223
2 0.1725 0.26 0.0675 0.13777777777777778
2 0.535625 0.18666666666666668 0.05375 0.11555555555555555
5 0.0675 0.5555555555555556 0.11 0.3333333333333333
2 0.55375 0.24666666666666667 0.07 0.13777777777777778
2 0.419375 0.45555555555555555 0.10375 0.18666666666666668
1 0.851875 0.31333333333333335 0.07125 0.15555555555555556
2 0.816875 0.43444444444444447 0.09375 0.18444444444444444
1 0.2975 0.19333333333333333 0.065 0.1288888888888889
3 0.571875 0.6422222222222222 0.15625 0.24888888888888888
2 0.5675 0.43333333333333335 0.0875 0.2
2 0.121875 0.3388888888888889 0.09375 0.17555555555555555
2 0.44625 0.18222222222222223 0.0625 0.12
2 0.439375 0.3411111111111111 0.07625 0.14888888888888888
