2 0.5325 0.18555555555555556 0.05 0.11777777777777777
2 0.55 0.34 0.06 0.16444444444444445
2 0.700625 0.18222222222222223 0.05625 0.13333333333333333
2 0.5675 0.43555555555555553 0.085 0.20444444444444446
2 0.805625 0.23444444444444446 0.06125 0.14444444444444443
1 0.296875 0.19333333333333333 0.06375 0.1288888888888889
2 0.77 0.18444444444444444 0.0525 0.1111111111111111
2 0.264375 0.2511111111111111 0.05875 0.14222222222222222
2 0.72375 0.23777777777777778 0.0625 0.14222222222222222
2 0.878125 0.5877777777777777 0.12125 0.24666666666666667
5 0.065625 0.56 0.11625 0.32
2 0.1725 0.26 0.0675 0.13777777777777778
3 0.393125 0.6433333333333333 0.15375 0.24222222222222223
2 0.94875 0.4222222222222222 0.09 0.21777777777777776
2 0.439375 0.3388888888888889 0.07375 0.14888888888888888
3 0.7525 0.3322222222222222 0.08 0.14444444444444443
2 0.816875 0.43444444444444447 0.09375 0.18444444444444444
2 0.85375 0.31555555555555553 0.065 0.15555555555555556
2 0.554375 0.24666666666666667 0.06875 0.13777777777777778
2 0.41875 0.45555555555555555 0.105 0.18666666666666668
2 0.446875 0.1811111111111111 0.06375 0.12222222222222222
2 0.441875 0.25333333333333335 0.08375 0.1288888888888889
2 0.22875 0.34444444444444444 0.09 0.16
1 0.21625 0.20666666666666667 0.0625 0.1111111111111111
1 0.15625 0.47888888888888886 0.1025 0.16666666666666666
2 0.1225 0.3388888888888889 0.095 0.17555555555555555
