1 0.298125 0.19777777777777777 0.06125 0.12
2 0.555 0.24666666666666667 0.0675 0.13333333333333333
2 0.95 0.42444444444444446 0.09 0.2088888888888889
2 0.57375 0.6388888888888888 0.155 0.2288888888888889
2 0.173125 0.2588888888888889 0.06875 0.13555555555555557
1 0.15875 0.47555555555555556 0.1 0.1688888888888889
2 0.816875 0.43222222222222223 0.09375 0.18444444444444444
2 0.4475 0.18333333333333332 0.0625 0.11777777777777777
2 0.805 0.23555555555555555 0.06 0.14222222222222222
2 0.549375 0.34 0.06125 0.16444444444444445
2 0.1225 0.33555555555555555 0.0925 0.17777777777777778
2 0.768125 0.18555555555555556 0.05625 0.11333333333333333
2 0.72375 0.23777777777777778 0.0625 0.14222222222222222
2 0.23 0.3388888888888889 0.08 0.15777777777777777
2 0.419375 0.45666666666666667 0.10125 0.18444444444444444
2 0.701875 0.18555555555555556 0.05375 0.13111111111111112
5 0.07375 0.5611111111111111 0.135 0.34
2 0.439375 0.3388888888888889 0.07625 0.14888888888888888
2 0.536875 0.18555555555555556 0.05625 0.11777777777777777
2 0.265 0.25 0.06 0.14444444444444443
2 0.44125 0.2544444444444444 0.0825 0.13111111111111112
3 0.75375 0.33444444444444443 0.08 0.14444444444444443
2 0.5675 0.43222222222222223 0.0875 0.20222222222222222
1 0.21625 0.2088888888888889 0.065 0.1111111111111111
2 0.8775 0.5855555555555556 0.1225 0.24222222222222223
2 0.851875 0.31555555555555553 0.07375 0.16
2 0.3925 0.6388888888888888 0.1475 0.23777777777777778
