1 0.55875 0.28888888888888886 0.0475 0.06666666666666667
1 0.961875 0.6222222222222222 0.06875 0.13333333333333333
2 0.5575 0.5077777777777778 0.065 0.11777777777777777
1 0.69125 0.29333333333333333 0.045 0.06222222222222222
1 0.895625 0.5055555555555555 0.07375 0.12222222222222222
1 0.276875 0.35555555555555557 0.04625 0.08888888888888889
1 0.54875 0.43444444444444447 0.06 0.1
2 0.499375 0.2833333333333333 0.04625 0.06888888888888889
1 0.441875 0.6122222222222222 0.10125 0.16666666666666666
1 0.556875 0.36 0.06625 0.09333333333333334
2 0.74125 0.2911111111111111 0.04 0.07111111111111111
3 0.756875 0.41888888888888887 0.07125 0.11333333333333333
4 0.87625 0.6177777777777778 0.0825 0.16
2 0.56 0.62 0.0925 0.16
3 0.815625 0.5044444444444445 0.08125 0.11555555555555555
2 0.79875 0.35777777777777775 0.0475 0.09777777777777778
2 0.330625 0.27444444444444444 0.03625 0.07333333333333333
1 0.370625 0.2644444444444444 0.03125 0.06666666666666667
2 0.333125 0.35 0.05375 0.10444444444444445
2 0.49875 0.32666666666666666 0.045 0.07111111111111111
1 0.555625 0.32666666666666666 0.05625 0.08
2 0.489375 0.35888888888888887 0.05375 0.1
2 0.24 0.49444444444444446 0.0775 0.14
2 0.70875 0.3233333333333333 0.0425 0.07777777777777778
1 0.45375 0.4911111111111111 0.085 0.13777777777777778
2 0.480625 0.4288888888888889 0.05375 0.09333333333333334
2 0.30875 0.31333333333333335 0.0375 0.08444444444444445
3 0.843125 0.4288888888888889 0.07125 0.08888888888888889
2 0.2225 0.4122222222222222 0.055 0.11333333333333333
1 0.2925 0.42 0.0725 0.10666666666666667
3 0.056875 0.6011111111111112 0.10625 0.1711111111111111
3 0.15375 0.6111111111111112 0.0775 0.15555555555555556
2 0.1575 0.4988888888888889 0.0675 0.12666666666666668
