1 0.75875 0.3322222222222222 0.075 0.13555555555555557
2 0.229375 0.3422222222222222 0.08625 0.1511111111111111
1 0.15625 0.48333333333333334 0.1175 0.1711111111111111
1 0.075 0.6255555555555555 0.13 0.22444444444444445
2 0.448125 0.2 0.06375 0.09777777777777778
1 0.298125 0.20444444444444446 0.06625 0.1111111111111111
2 0.95 0.4255555555555556 0.0925 0.2111111111111111
2 0.4225 0.4533333333333333 0.1025 0.18666666666666668
1 0.21875 0.21222222222222223 0.0575 0.11777777777777777
2 0.1775 0.26555555555555554 0.06 0.14444444444444443
2 0.264375 0.25666666666666665 0.05875 0.14444444444444443
2 0.441875 0.34444444444444444 0.06875 0.1511111111111111
2 0.879375 0.5888888888888889 0.11875 0.24888888888888888
0 0.048125 0.49 0.09625 0.15333333333333332
2 0.819375 0.43333333333333335 0.09875 0.19111111111111112
0 0.571875 0.6555555555555556 0.15875 0.23555555555555555
1 0.566875 0.4388888888888889 0.08875 0.20222222222222222
2 0.443125 0.25555555555555554 0.08625 0.1288888888888889
2 0.7025 0.19333333333333333 0.055 0.10222222222222223
2 0.725625 0.24222222222222223 0.06375 0.13777777777777778
2 0.55625 0.24666666666666667 0.065 0.13777777777777778
2 0.80875 0.23333333333333334 0.0625 0.13333333333333333
0 0.126875 0.3477777777777778 0.09375 0.17555555555555555
2 0.54375 0.1988888888888889 0.065 0.10444444444444445
3 0.3925 0.6388888888888888 0.1475 0.23777777777777778
2 0.546875 0.3377777777777778 0.05375 0.1688888888888889
1 0.85375 0.31222222222222223 0.065 0.14444444444444443
2 0.77125 0.1922222222222222 0.05 0.09555555555555556
