5 0.54875 0.22555555555555556 0.06 0.16666666666666666
5 0.13 0.37666666666666665 0.0625 0.16666666666666666
5 0.093125 0.45222222222222225 0.07875 0.1711111111111111
5 0.195625 0.4533333333333333 0.07375 0.2
5 0.75375 0.24222222222222223 0.05 0.14222222222222222
5 0.84 0.2877777777777778 0.0625 0.1622222222222222
5 0.4925 0.3844444444444444 0.0775 0.2088888888888889
2 0.47375 0.20222222222222222 0.0575 0.10222222222222223
4 0.941875 0.5855555555555556 0.09875 0.22444444444444445
4 0.24875 0.3844444444444444 0.0775 0.16444444444444445
5 0.47125 0.32222222222222224 0.065 0.19555555555555557
5 0.171875 0.31777777777777777 0.05625 0.15555555555555556
5 0.83 0.46555555555555556 0.09 0.2111111111111111
5 0.03375 0.5677777777777778 0.065 0.22
5 0.67125 0.23444444444444446 0.05 0.14
4 0.969375 0.4722222222222222 0.05375 0.15333333333333332
4 0.14 0.5766666666666667 0.1225 0.21555555555555556
5 0.293125 0.22666666666666666 0.04875 0.13777777777777778
4 0.251875 0.29888888888888887 0.06625 0.15777777777777777
5 0.9125 0.3811111111111111 0.075 0.18
5 0.575 0.37555555555555553 0.075 0.2
