1 0.105 0.47555555555555556 0.07 0.15555555555555556
2 0.141875 0.40444444444444444 0.05625 0.11555555555555555
3 0.151875 0.5988888888888889 0.08375 0.18444444444444444
1 0.8425 0.35555555555555557 0.05 0.10222222222222223
2 0.4975 0.42 0.0625 0.14222222222222222
2 0.68 0.26 0.0575 0.10222222222222223
1 0.951875 0.5066666666666667 0.08125 0.14222222222222222
2 0.550625 0.2544444444444444 0.04875 0.10444444444444445
1 0.584375 0.4311111111111111 0.08375 0.12
2 0.484375 0.26222222222222225 0.04375 0.09333333333333334
3 0.84625 0.5088888888888888 0.0725 0.1688888888888889
1 0.303125 0.2588888888888889 0.06875 0.09111111111111111
2 0.233125 0.25555555555555554 0.04625 0.08444444444444445
2 0.17375 0.34555555555555556 0.0475 0.11333333333333333
2 0.195 0.4922222222222222 0.0675 0.14
2 0.26 0.3477777777777778 0.0675 0.12222222222222222
