1 0.4775 0.36444444444444446 0.0725 0.09333333333333334
2 0.56 0.34555555555555556 0.0675 0.13111111111111112
2 0.22 0.30444444444444446 0.0525 0.08888888888888889
2 0.475625 0.3022222222222222 0.05125 0.09333333333333334
2 0.17125 0.3466666666666667 0.0475 0.1111111111111111
2 0.810625 0.42 0.06125 0.12444444444444444
2 0.146875 0.61 0.08625 0.15333333333333332
2 0.903125 0.42444444444444446 0.05875 0.10222222222222223
2 0.14 0.4077777777777778 0.0625 0.11777777777777777
1 0.2875 0.30444444444444446 0.05 0.08444444444444445
1 0.305 0.25666666666666665 0.065 0.09111111111111111
1 0.2525 0.3622222222222222 0.0825 0.12444444444444444
2 0.7875 0.3011111111111111 0.06 0.09555555555555556
2 0.951875 0.6188888888888889 0.08875 0.16666666666666666
6 0.24875 0.36777777777777776 0.095 0.14888888888888888
3 0.855625 0.49777777777777776 0.06875 0.1511111111111111
2 0.23625 0.2588888888888889 0.0425 0.07777777777777778
2 0.485625 0.2588888888888889 0.04375 0.09555555555555556
2 0.588125 0.42333333333333334 0.07375 0.12666666666666668
2 0.7475 0.35333333333333333 0.0675 0.10666666666666667
1 0.495 0.42333333333333334 0.0675 0.13111111111111112
2 0.705625 0.2966666666666667 0.04625 0.1
2 0.8425 0.3488888888888889 0.0525 0.10666666666666667
2 0.5525 0.25333333333333335 0.05 0.10222222222222223
2 0.744375 0.2633333333333333 0.04625 0.09555555555555556
2 0.681875 0.25666666666666665 0.04625 0.10888888888888888
1 0.9525 0.49777777777777776 0.0825 0.13333333333333333
2 0.19625 0.49333333333333335 0.07 0.14222222222222222
2 0.02875 0.5911111111111111 0.0575 0.17333333333333334
1 0.084375 0.49666666666666665 0.08125 0.11333333333333333
