2 0.561875 0.3522222222222222 0.06625 0.12222222222222222
2 0.19625 0.4988888888888889 0.0625 0.13555555555555557
2 0.295 0.3055555555555556 0.045 0.08222222222222222
2 0.174375 0.3466666666666667 0.05125 0.1111111111111111
2 0.47125 0.3088888888888889 0.0425 0.09777777777777778
2 0.759375 0.35333333333333333 0.05625 0.1111111111111111
2 0.585625 0.42777777777777776 0.06375 0.14
2 0.235625 0.2611111111111111 0.03125 0.08222222222222222
2 0.22875 0.4255555555555556 0.065 0.10888888888888888
2 0.835 0.35888888888888887 0.0525 0.1
2 0.256875 0.31666666666666665 0.06875 0.1622222222222222
1 0.485625 0.42777777777777776 0.07375 0.12222222222222222
2 0.9575 0.5088888888888888 0.075 0.12444444444444444
2 0.029375 0.6044444444444445 0.05875 0.16
1 0.3025 0.2644444444444444 0.0525 0.07555555555555556
2 0.559375 0.31333333333333335 0.06125 0.09333333333333334
1 0.794375 0.30777777777777776 0.05375 0.09111111111111111
2 0.95125 0.63 0.0875 0.18888888888888888
2 0.553125 0.25222222222222224 0.05125 0.1
2 0.13875 0.41 0.0675 0.12666666666666668
2 0.16875 0.6022222222222222 0.09 0.17777777777777778
1 0.10375 0.49333333333333335 0.065 0.13333333333333333
2 0.486875 0.2577777777777778 0.04875 0.08888888888888889
2 0.863125 0.5066666666666667 0.08125 0.15555555555555556
3 0.905625 0.4255555555555556 0.06375 0.11777777777777777
2 0.749375 0.2688888888888889 0.04625 0.08888888888888889
2 0.4875 0.3488888888888889 0.065 0.14222222222222222
2 0.6875 0.2633333333333333 0.0475 0.09111111111111111
2 0.81875 0.42777777777777776 0.0625 0.12222222222222222
2 0.213125 0.30444444444444446 0.04375 0.09333333333333334
2 0.71 0.31444444444444447 0.0625 0.08666666666666667
