1 0.1425 0.4177777777777778 0.075 0.12
1 0.71 0.30777777777777776 0.0525 0.08666666666666667
1 0.148125 0.6144444444444445 0.11625 0.1711111111111111
1 0.174375 0.3477777777777778 0.06625 0.11333333333333333
1 0.82625 0.35333333333333333 0.07 0.11555555555555555
1 0.751875 0.35333333333333333 0.06875 0.11555555555555555
1 0.235625 0.4266666666666667 0.07375 0.1111111111111111
1 0.48 0.2677777777777778 0.0675 0.07777777777777778
1 0.89 0.4222222222222222 0.06 0.11555555555555555
1 0.940625 0.6266666666666667 0.10125 0.16444444444444445
1 0.859375 0.5033333333333333 0.08125 0.14444444444444443
1 0.301875 0.26222222222222225 0.05625 0.08444444444444445
1 0.956875 0.5177777777777778 0.07875 0.13777777777777778
1 0.7425 0.2733333333333333 0.0425 0.08
1 0.80125 0.4211111111111111 0.0675 0.12222222222222222
1 0.2325 0.2588888888888889 0.0575 0.08222222222222222
1 0.294375 0.31 0.05875 0.08666666666666667
1 0.033125 0.6066666666666667 0.06625 0.16444444444444445
1 0.078125 0.4911111111111111 0.09875 0.1511111111111111
1 0.550625 0.2588888888888889 0.05125 0.09111111111111111
1 0.555 0.30444444444444446 0.05 0.09777777777777778
2 0.215 0.3055555555555556 0.05 0.10444444444444445
1 0.590625 0.42777777777777776 0.09375 0.14444444444444443
1 0.785625 0.3011111111111111 0.04375 0.10444444444444445
1 0.6825 0.26 0.055 0.09777777777777778
1 0.2575 0.35 0.0775 0.12666666666666668
1 0.19875 0.5022222222222222 0.1 0.13777777777777778
