1 0.47625 0.31222222222222223 0.0725 0.09555555555555556
1 0.30125 0.2588888888888889 0.055 0.08666666666666667
1 0.489375 0.43 0.08125 0.14
1 0.290625 0.3088888888888889 0.06875 0.08888888888888889
1 0.7525 0.35555555555555557 0.0675 0.10666666666666667
1 0.56125 0.30777777777777776 0.065 0.1
1 0.035 0.6111111111111112 0.07 0.16444444444444445
1 0.88875 0.4177777777777778 0.06 0.11555555555555555
1 0.960625 0.5144444444444445 0.07125 0.14444444444444443
1 0.829375 0.3622222222222222 0.07875 0.10222222222222223
1 0.175625 0.34444444444444444 0.06625 0.1111111111111111
1 0.1425 0.41333333333333333 0.08 0.12444444444444444
1 0.2575 0.35 0.0775 0.11777777777777777
1 0.709375 0.30444444444444446 0.05375 0.08888888888888889
1 0.550625 0.25555555555555554 0.05875 0.10222222222222223
1 0.48 0.2688888888888889 0.0725 0.08444444444444445
1 0.210625 0.3011111111111111 0.05375 0.10444444444444445
1 0.08 0.49 0.0975 0.14888888888888888
1 0.584375 0.42333333333333334 0.10125 0.14888888888888888
1 0.7925 0.3011111111111111 0.06 0.11333333333333333
0 0.146875 0.6244444444444445 0.13125 0.14222222222222222
1 0.23375 0.2577777777777778 0.055 0.08444444444444445
1 0.94125 0.6233333333333333 0.1075 0.16666666666666666
1 0.148125 0.6244444444444445 0.12875 0.14666666666666667
2 0.68125 0.25666666666666665 0.0525 0.09555555555555556
1 0.865625 0.5022222222222222 0.09125 0.13777777777777778
1 0.19625 0.4988888888888889 0.09 0.13555555555555557
