1 0.301875 0.26222222222222225 0.05375 0.08444444444444445
1 0.295 0.31 0.065 0.09111111111111111
1 0.21625 0.3088888888888889 0.055 0.09777777777777778
1 0.2575 0.3477777777777778 0.075 0.10444444444444445
1 0.56125 0.31333333333333335 0.0725 0.09333333333333334
1 0.961875 0.52 0.06875 0.14222222222222222
1 0.034375 0.6077777777777778 0.06625 0.17555555555555555
1 0.47625 0.31444444444444447 0.0725 0.09555555555555556
1 0.549375 0.2588888888888889 0.05625 0.09555555555555556
1 0.231875 0.4255555555555556 0.07625 0.10888888888888888
1 0.680625 0.2611111111111111 0.05125 0.1
1 0.200625 0.4955555555555556 0.08125 0.13333333333333333
1 0.79 0.3 0.055 0.1111111111111111
1 0.4875 0.43666666666666665 0.0975 0.14444444444444443
0 0.8325 0.37333333333333335 0.0825 0.09333333333333334
1 0.146875 0.41555555555555557 0.06875 0.1111111111111111
1 0.47875 0.28 0.075 0.08444444444444445
1 0.146875 0.6166666666666667 0.12125 0.15777777777777777
1 0.175625 0.3466666666666667 0.06625 0.11555555555555555
1 0.231875 0.26 0.05875 0.08444444444444445
1 0.86625 0.5044444444444445 0.085 0.13333333333333333
1 0.759375 0.3566666666666667 0.06625 0.10888888888888888
1 0.58625 0.42333333333333334 0.0975 0.15333333333333332
1 0.890625 0.42 0.06125 0.11555555555555555
1 0.93875 0.6288888888888889 0.105 0.17333333333333334
1 0.74125 0.2722222222222222 0.0475 0.07777777777777778
1 0.080625 0.4911111111111111 0.09625 0.14666666666666667
