1 0.30125 0.26 0.055 0.08444444444444445
1 0.173125 0.34555555555555556 0.06875 0.11777777777777777
1 0.7875 0.2966666666666667 0.0575 0.10888888888888888
1 0.4875 0.43333333333333335 0.095 0.13777777777777778
1 0.033125 0.6011111111111112 0.06375 0.17555555555555555
1 0.58625 0.4255555555555556 0.1 0.15777777777777777
1 0.09125 0.4866666666666667 0.095 0.14666666666666667
1 0.229375 0.4255555555555556 0.08375 0.1
1 0.145625 0.6144444444444445 0.12375 0.15777777777777777
1 0.9375 0.6266666666666667 0.105 0.15555555555555556
1 0.680625 0.26 0.05125 0.09777777777777778
1 0.738125 0.27 0.04125 0.07777777777777778
1 0.75375 0.35555555555555557 0.0625 0.10666666666666667
1 0.291875 0.30777777777777776 0.06375 0.09111111111111111
1 0.256875 0.3466666666666667 0.07625 0.10666666666666667
1 0.864375 0.5022222222222222 0.08875 0.13777777777777778
1 0.549375 0.2577777777777778 0.05875 0.09777777777777778
1 0.843125 0.37333333333333335 0.05625 0.08
1 0.560625 0.31 0.07125 0.1
1 0.46125 0.3788888888888889 0.0625 0.1
1 0.2375 0.25333333333333335 0.05 0.09333333333333334
1 0.473125 0.31333333333333335 0.07375 0.09333333333333334
1 0.803125 0.4166666666666667 0.05875 0.11777777777777777
1 0.2125 0.30444444444444446 0.0625 0.09777777777777778
1 0.195 0.4811111111111111 0.08 0.14
1 0.47875 0.27111111111111114 0.0725 0.08888888888888889
1 0.14875 0.4111111111111111 0.0725 0.12
1 0.898125 0.4177777777777778 0.07125 0.1111111111111111
1 0.953125 0.5022222222222222 0.08125 0.13777777777777778
