1 0.794375 0.30666666666666664 0.04875 0.10222222222222223
1 0.95625 0.5088888888888888 0.085 0.12
1 0.260625 0.34555555555555556 0.06375 0.10444444444444445
1 0.490625 0.4311111111111111 0.08375 0.13777777777777778
0 0.904375 0.42444444444444446 0.07625 0.1111111111111111
0 0.46625 0.3711111111111111 0.0825 0.10222222222222223
0 0.840625 0.37777777777777777 0.07125 0.07111111111111111
1 0.56 0.30777777777777776 0.065 0.1
1 0.193125 0.48 0.10125 0.1511111111111111
3 0.669375 0.25 0.08125 0.13111111111111112
1 0.174375 0.3488888888888889 0.06625 0.1111111111111111
1 0.554375 0.25222222222222224 0.05875 0.10444444444444445
1 0.231875 0.4066666666666667 0.06625 0.1111111111111111
1 0.15875 0.4077777777777778 0.0775 0.11333333333333333
1 0.295 0.30777777777777776 0.0575 0.08666666666666667
1 0.30125 0.2633333333333333 0.0575 0.08222222222222222
1 0.215625 0.3055555555555556 0.05625 0.09111111111111111
1 0.48 0.27555555555555555 0.0725 0.08
1 0.585625 0.4255555555555556 0.09125 0.14444444444444443
0 0.800625 0.4222222222222222 0.08125 0.1111111111111111
3 0.8675 0.5166666666666667 0.095 0.15777777777777777
1 0.94375 0.6211111111111111 0.1025 0.16666666666666666
1 0.034375 0.59 0.06875 0.1711111111111111
1 0.74875 0.35444444444444445 0.065 0.10444444444444445
1 0.23375 0.2544444444444444 0.0525 0.08666666666666667
1 0.0975 0.4911111111111111 0.09 0.14666666666666667
0 0.14875 0.6355555555555555 0.125 0.1288888888888889
