0 0.49125 0.4311111111111111 0.09 0.12
1 0.21 0.30777777777777776 0.05 0.08222222222222222
1 0.099375 0.49 0.09125 0.14
1 0.94375 0.6166666666666667 0.105 0.15777777777777777
2 0.175625 0.35 0.06625 0.10888888888888888
1 0.23375 0.4077777777777778 0.065 0.11333333333333333
1 0.175 0.35 0.0675 0.11333333333333333
1 0.90375 0.4177777777777778 0.0725 0.11555555555555555
1 0.791875 0.30444444444444446 0.04625 0.09777777777777778
1 0.469375 0.35777777777777775 0.08125 0.12
2 0.163125 0.4088888888888889 0.07125 0.11555555555555555
1 0.480625 0.27555555555555555 0.07125 0.08
1 0.7975 0.41888888888888887 0.0775 0.11333333333333333
2 0.5875 0.4266666666666667 0.0925 0.14666666666666667
1 0.03375 0.6055555555555555 0.0675 0.14
1 0.260625 0.34444444444444444 0.05875 0.09777777777777778
1 0.958125 0.49444444444444446 0.07625 0.14
1 0.196875 0.4866666666666667 0.08125 0.14666666666666667
1 0.68125 0.25666666666666665 0.0525 0.10444444444444445
1 0.5575 0.3055555555555556 0.065 0.10888888888888888
1 0.296875 0.3055555555555556 0.06125 0.08666666666666667
3 0.8675 0.5155555555555555 0.0975 0.1688888888888889
0 0.835 0.36 0.0675 0.1111111111111111
1 0.3025 0.26222222222222225 0.0525 0.08
1 0.545625 0.25222222222222224 0.05875 0.10444444444444445
1 0.23125 0.26 0.0575 0.08
1 0.750625 0.35555555555555557 0.06875 0.10666666666666667
2 0.196875 0.48777777777777775 0.08125 0.14888888888888888
1 0.744375 0.27444444444444444 0.04625 0.08222222222222222
1 0.17 0.6122222222222222 0.095 0.15333333333333332
1 0.164375 0.4088888888888889 0.07125 0.11555555555555555
