0 0.469375 0.36666666666666664 0.07875 0.10666666666666667
1 0.54875 0.30666666666666664 0.065 0.10222222222222223
1 0.175625 0.35 0.06375 0.10444444444444445
1 0.096875 0.4866666666666667 0.09125 0.14222222222222222
1 0.2525 0.34444444444444444 0.085 0.12444444444444444
1 0.29625 0.3088888888888889 0.06 0.08444444444444445
3 0.03375 0.5933333333333334 0.0675 0.16
2 0.828125 0.35444444444444445 0.06125 0.10444444444444445
0 0.75125 0.36 0.0725 0.09777777777777778
3 0.93625 0.6277777777777778 0.1075 0.14444444444444443
1 0.16875 0.4111111111111111 0.0775 0.12
1 0.5525 0.25333333333333335 0.0575 0.10222222222222223
1 0.79125 0.30777777777777776 0.045 0.09555555555555556
1 0.80125 0.4211111111111111 0.085 0.10888888888888888
1 0.48 0.2911111111111111 0.075 0.1111111111111111
1 0.303125 0.2611111111111111 0.05125 0.07777777777777778
1 0.191875 0.49666666666666665 0.09125 0.14444444444444443
6 0.736875 0.2822222222222222 0.09375 0.10666666666666667
1 0.90625 0.42 0.075 0.11555555555555555
1 0.235625 0.4111111111111111 0.06875 0.10666666666666667
1 0.58875 0.43333333333333335 0.1 0.16
1 0.210625 0.3111111111111111 0.05375 0.08
1 0.96 0.5066666666666667 0.0725 0.14222222222222222
1 0.483125 0.4266666666666667 0.08375 0.12444444444444444
