1 0.258125 0.34555555555555556 0.07125 0.12666666666666668
0 0.848125 0.52 0.09375 0.10222222222222223
1 0.553125 0.25 0.05875 0.10888888888888888
2 0.2175 0.29555555555555557 0.0475 0.09777777777777778
1 0.296875 0.30777777777777776 0.06375 0.08666666666666667
0 0.468125 0.37333333333333335 0.08375 0.08888888888888889
1 0.55625 0.30333333333333334 0.07 0.1
3 0.92875 0.6166666666666667 0.095 0.16666666666666666
1 0.126875 0.4177777777777778 0.06625 0.12
1 0.749375 0.35555555555555557 0.06375 0.10222222222222223
0 0.488125 0.4311111111111111 0.09625 0.14222222222222222
0 0.804375 0.4222222222222222 0.08875 0.1111111111111111
0 0.90125 0.4444444444444444 0.0725 0.08
1 0.7525 0.28 0.0425 0.07555555555555556
2 0.17625 0.34444444444444444 0.065 0.1111111111111111
1 0.479375 0.30777777777777776 0.07125 0.1
1 0.095625 0.4955555555555556 0.08375 0.1288888888888889
1 0.03375 0.5866666666666667 0.0675 0.16444444444444445
1 0.196875 0.4955555555555556 0.09125 0.14666666666666667
2 0.236875 0.2611111111111111 0.04625 0.09111111111111111
1 0.955 0.5 0.0825 0.12444444444444444
1 0.475625 0.2722222222222222 0.06375 0.07777777777777778
1 0.23375 0.4166666666666667 0.065 0.11333333333333333
0 0.831875 0.35777777777777775 0.06875 0.10222222222222223
2 0.259375 0.3477777777777778 0.07125 0.12222222222222222
1 0.300625 0.2611111111111111 0.05625 0.08222222222222222
7 0.6025 0.40555555555555556 0.17 0.20666666666666667
0 0.686875 0.27444444444444444 0.07125 0.07777777777777778
3 0.609375 0.4122222222222222 0.15125 0.20666666666666667
2 0.553125 0.24888888888888888 0.05875 0.10666666666666667
1 0.790625 0.3022222222222222 0.05125 0.09333333333333334
