1 0.03375 0.59 0.0675 0.1622222222222222
0 0.89875 0.4255555555555556 0.0875 0.10888888888888888
0 0.484375 0.4444444444444444 0.09375 0.1111111111111111
1 0.7925 0.31444444444444447 0.0475 0.08666666666666667
0 0.75375 0.3622222222222222 0.0675 0.08888888888888889
1 0.555 0.30777777777777776 0.07 0.09555555555555556
1 0.564375 0.36444444444444446 0.07875 0.10666666666666667
3 0.929375 0.6211111111111111 0.09375 0.1622222222222222
2 0.235625 0.42333333333333334 0.06375 0.10888888888888888
1 0.298125 0.2544444444444444 0.05625 0.09555555555555556
2 0.581875 0.43555555555555553 0.08125 0.14666666666666667
1 0.75 0.2722222222222222 0.0525 0.08222222222222222
0 0.850625 0.52 0.09625 0.10666666666666667
1 0.131875 0.41 0.08375 0.11333333333333333
0 0.478125 0.31444444444444447 0.07375 0.08666666666666667
1 0.801875 0.4166666666666667 0.06625 0.11333333333333333
1 0.29625 0.31 0.0625 0.09111111111111111
2 0.2575 0.3477777777777778 0.07 0.11777777777777777
1 0.120625 0.4888888888888889 0.08875 0.13777777777777778
0 0.471875 0.2722222222222222 0.05875 0.07333333333333333
1 0.821875 0.3611111111111111 0.06625 0.09111111111111111
1 0.1775 0.35 0.065 0.10444444444444445
2 0.233125 0.2588888888888889 0.04375 0.08222222222222222
1 0.195 0.5044444444444445 0.0925 0.13333333333333333
2 0.211875 0.2966666666666667 0.04625 0.10444444444444445
0 0.956875 0.52 0.08125 0.09777777777777778
1 0.55375 0.26 0.06 0.08888888888888889
