1 0.795 0.31666666666666665 0.0475 0.08666666666666667
2 0.25875 0.3477777777777778 0.0675 0.12222222222222222
2 0.17625 0.3511111111111111 0.07 0.1111111111111111
0 0.89625 0.44 0.085 0.08
1 0.03125 0.5877777777777777 0.0625 0.14888888888888888
1 0.111875 0.47888888888888886 0.09375 0.14888888888888888
2 0.23625 0.42444444444444446 0.0625 0.10666666666666667
2 0.219375 0.3011111111111111 0.05125 0.10888888888888888
0 0.955625 0.52 0.07875 0.09777777777777778
2 0.235625 0.2577777777777778 0.04625 0.08444444444444445
3 0.9275 0.62 0.09 0.16444444444444445
0 0.6775 0.2644444444444444 0.06 0.09333333333333334
1 0.295 0.31 0.06 0.08666666666666667
1 0.75 0.3522222222222222 0.0675 0.10444444444444445
1 0.3025 0.25222222222222224 0.0625 0.09555555555555556
1 0.7525 0.2722222222222222 0.05 0.08222222222222222
1 0.588125 0.4211111111111111 0.07375 0.12666666666666668
0 0.850625 0.5222222222222223 0.09375 0.10222222222222223
6 0.09875 0.5988888888888889 0.1725 0.17555555555555555
1 0.715 0.3022222222222222 0.0525 0.09333333333333334
1 0.81125 0.4177777777777778 0.085 0.11555555555555555
1 0.146875 0.4088888888888889 0.05875 0.1111111111111111
1 0.19625 0.5033333333333333 0.09 0.13111111111111112
1 0.831875 0.3566666666666667 0.06625 0.09555555555555556
