1 0.48 0.31222222222222223 0.07 0.1
1 0.1975 0.49333333333333335 0.095 0.13777777777777778
2 0.238125 0.2611111111111111 0.05125 0.09555555555555556
1 0.9575 0.5122222222222222 0.0775 0.10888888888888888
0 0.679375 0.2644444444444444 0.05875 0.09333333333333334
0 0.164375 0.37 0.07625 0.08666666666666667
0 0.901875 0.4444444444444444 0.08625 0.08444444444444445
2 0.275 0.3522222222222222 0.0575 0.10888888888888888
0 0.22875 0.41444444444444445 0.08 0.10888888888888888
0 0.57 0.36666666666666664 0.0925 0.10222222222222223
0 0.751875 0.36333333333333334 0.07125 0.09111111111111111
2 0.295625 0.30666666666666664 0.05125 0.08888888888888889
0 0.83125 0.36 0.075 0.10222222222222223
1 0.71625 0.3088888888888889 0.0525 0.09777777777777778
2 0.794375 0.31444444444444447 0.04875 0.09111111111111111
1 0.55375 0.30666666666666664 0.0625 0.09333333333333334
1 0.4825 0.26222222222222225 0.0625 0.08888888888888889
0 0.814375 0.4255555555555556 0.08375 0.10444444444444445
2 0.30375 0.25333333333333335 0.0575 0.09777777777777778
3 0.929375 0.6222222222222222 0.09375 0.16
0 0.585625 0.4533333333333333 0.09875 0.08444444444444445
0 0.4875 0.44333333333333336 0.0975 0.10888888888888888
1 0.5525 0.26222222222222225 0.06 0.09333333333333334
0 0.84875 0.5211111111111111 0.095 0.10444444444444445
1 0.10375 0.48333333333333334 0.07 0.13555555555555557
0 0.199375 0.32222222222222224 0.05875 0.07111111111111111
1 0.75 0.2722222222222222 0.0475 0.07777777777777778
