0 0.169375 0.34555555555555556 0.07125 0.10444444444444445
0 0.47 0.2733333333333333 0.0675 0.07555555555555556
0 0.944375 0.6477777777777778 0.10875 0.12666666666666668
0 0.183125 0.5066666666666667 0.08625 0.10222222222222223
0 0.293125 0.31444444444444447 0.06875 0.08666666666666667
1 0.16875 0.34555555555555556 0.0675 0.1
0 0.245625 0.3622222222222222 0.07375 0.08
1 0.78875 0.30666666666666664 0.0575 0.08888888888888889
1 0.09625 0.48777777777777775 0.085 0.13555555555555557
0 0.565625 0.37222222222222223 0.08375 0.09555555555555556
0 0.8475 0.52 0.095 0.10666666666666667
0 0.585625 0.45444444444444443 0.09875 0.08666666666666667
0 0.895 0.44 0.0925 0.08444444444444445
0 0.30125 0.2611111111111111 0.0625 0.07777777777777778
0 0.755625 0.2822222222222222 0.05375 0.06666666666666667
0 0.2125 0.31666666666666665 0.055 0.09111111111111111
1 0.834375 0.35777777777777775 0.06375 0.10222222222222223
1 0.555 0.3111111111111111 0.0675 0.08444444444444445
3 0.1475 0.41444444444444445 0.0675 0.11333333333333333
1 0.549375 0.25333333333333335 0.06125 0.10666666666666667
0 0.22625 0.26555555555555554 0.06 0.07333333333333333
0 0.145 0.6133333333333333 0.12 0.1688888888888889
0 0.2375 0.4166666666666667 0.0825 0.11333333333333333
0 0.555625 0.31222222222222223 0.06875 0.08222222222222222
0 0.473125 0.3211111111111111 0.07125 0.07333333333333333
1 0.7975 0.42 0.0625 0.1111111111111111
0 0.953125 0.5266666666666666 0.08625 0.09777777777777778
0 0.486875 0.45 0.09375 0.09555555555555556
0 0.47375 0.37222222222222223 0.0875 0.09555555555555556
0 0.75 0.36666666666666664 0.07 0.08444444444444445
