0 0.75125 0.3688888888888889 0.075 0.08444444444444445
0 0.1525 0.62 0.1075 0.1511111111111111
0 0.174375 0.3488888888888889 0.05625 0.10222222222222223
1 0.551875 0.2588888888888889 0.06375 0.10444444444444445
1 0.95125 0.5011111111111111 0.0725 0.12666666666666668
0 0.18375 0.5133333333333333 0.09 0.10666666666666667
0 0.480625 0.37666666666666665 0.08875 0.08222222222222222
0 0.293125 0.31666666666666665 0.06625 0.07777777777777778
0 0.299375 0.26 0.05875 0.08444444444444445
0 0.944375 0.6388888888888888 0.10625 0.13555555555555557
1 0.683125 0.26 0.05625 0.10666666666666667
7 0.891875 0.52 0.18625 0.36444444444444446
0 0.71375 0.30777777777777776 0.0625 0.09111111111111111
0 0.244375 0.3611111111111111 0.08375 0.08222222222222222
0 0.585 0.45555555555555555 0.0975 0.08444444444444445
0 0.473125 0.2777777777777778 0.06625 0.06222222222222222
1 0.800625 0.4166666666666667 0.06125 0.10888888888888888
0 0.100625 0.5055555555555555 0.07875 0.10444444444444445
1 0.565 0.35333333333333333 0.0725 0.1111111111111111
6 0.756875 0.2922222222222222 0.12375 0.11333333333333333
0 0.22375 0.26222222222222225 0.0525 0.07555555555555556
0 0.2175 0.3022222222222222 0.06 0.08444444444444445
0 0.2325 0.42444444444444446 0.0775 0.10222222222222223
0 0.4875 0.44222222222222224 0.095 0.10222222222222223
0 0.13375 0.4266666666666667 0.09 0.10222222222222223
1 0.79 0.29555555555555557 0.0575 0.09777777777777778
0 0.476875 0.31666666666666665 0.07125 0.09111111111111111
