0 0.47125 0.2788888888888889 0.06 0.06
0 0.4875 0.4444444444444444 0.095 0.10666666666666667
1 0.791875 0.3 0.05375 0.09777777777777778
0 0.249375 0.3611111111111111 0.06875 0.07777777777777778
0 0.476875 0.31555555555555553 0.07375 0.09777777777777778
0 0.480625 0.37666666666666665 0.08875 0.08222222222222222
0 0.22375 0.2644444444444444 0.0525 0.07111111111111111
7 0.880625 0.5233333333333333 0.17875 0.3622222222222222
0 0.235 0.4177777777777778 0.08 0.11555555555555555
0 0.553125 0.2633333333333333 0.06875 0.1
0 0.3 0.2611111111111111 0.0625 0.08222222222222222
0 0.100625 0.5055555555555555 0.07625 0.10444444444444445
0 0.175625 0.35 0.05625 0.10444444444444445
0 0.69 0.2577777777777778 0.06 0.09777777777777778
0 0.13375 0.42777777777777776 0.0875 0.1
0 0.289375 0.3088888888888889 0.06375 0.08888888888888889
0 0.588125 0.45555555555555555 0.10125 0.08444444444444445
0 0.71125 0.3111111111111111 0.06 0.09333333333333334
1 0.949375 0.5055555555555555 0.07125 0.12222222222222222
1 0.56375 0.35444444444444445 0.0775 0.11777777777777777
0 0.218125 0.3088888888888889 0.06125 0.08444444444444445
0 0.181875 0.5122222222222222 0.08875 0.11333333333333333
0 0.74875 0.3566666666666667 0.0675 0.10444444444444445
0 0.14625 0.63 0.125 0.14
1 0.95625 0.6333333333333333 0.0825 0.1688888888888889
