0 0.2875 0.3088888888888889 0.06 0.08888888888888889
0 0.71125 0.31333333333333335 0.0625 0.08444444444444445
1 0.56125 0.35777777777777775 0.08 0.11555555555555555
0 0.09875 0.5033333333333333 0.0775 0.10888888888888888
0 0.584375 0.45555555555555555 0.09625 0.08444444444444445
0 0.24125 0.41444444444444445 0.085 0.10888888888888888
1 0.3 0.26 0.055 0.08
0 0.22375 0.2611111111111111 0.0525 0.07333333333333333
0 0.486875 0.44222222222222224 0.09375 0.10222222222222223
0 0.4725 0.28 0.0625 0.06222222222222222
0 0.24375 0.3622222222222222 0.0825 0.08
1 0.790625 0.2966666666666667 0.05625 0.09555555555555556
0 0.475625 0.31333333333333335 0.07125 0.09333333333333334
0 0.550625 0.26 0.06625 0.09777777777777778
0 0.17 0.3488888888888889 0.065 0.10222222222222223
0 0.3 0.2588888888888889 0.055 0.07777777777777778
7 0.885625 0.5244444444444445 0.18625 0.38222222222222224
1 0.955625 0.6333333333333333 0.08375 0.1688888888888889
0 0.480625 0.37666666666666665 0.09125 0.08222222222222222
0 0.216875 0.3055555555555556 0.05875 0.08666666666666667
0 0.144375 0.6311111111111111 0.12375 0.13333333333333333
0 0.685 0.2577777777777778 0.0675 0.10222222222222223
0 0.178125 0.5155555555555555 0.08625 0.10222222222222223
1 0.745625 0.35333333333333333 0.06375 0.10222222222222223
0 0.138125 0.4288888888888889 0.09625 0.09777777777777778
0 0.954375 0.5211111111111111 0.08625 0.09111111111111111
