0 0.5525 0.26666666666666666 0.0675 0.11555555555555555
0 0.185 0.5033333333333333 0.09 0.11777777777777777
0 0.096875 0.4922222222222222 0.09125 0.13111111111111112
0 0.75 0.3611111111111111 0.0725 0.09555555555555556
1 0.78625 0.3 0.055 0.09333333333333334
0 0.71 0.31444444444444447 0.065 0.08222222222222222
0 0.4875 0.43666666666666665 0.09 0.13111111111111112
0 0.556875 0.35888888888888887 0.07625 0.11777777777777777
7 0.89125 0.6022222222222222 0.2025 0.27111111111111114
0 0.229375 0.2722222222222222 0.05125 0.06888888888888889
0 0.14625 0.63 0.12 0.13111111111111112
0 0.47625 0.36666666666666664 0.08 0.10222222222222223
0 0.288125 0.30666666666666664 0.06375 0.08888888888888889
0 0.2425 0.42333333333333334 0.0875 0.09555555555555556
0 0.58625 0.45444444444444443 0.1 0.08666666666666667
0 0.685 0.25333333333333335 0.0575 0.10222222222222223
0 0.14375 0.4222222222222222 0.065 0.09333333333333334
1 0.47125 0.26 0.06 0.09333333333333334
0 0.24625 0.36333333333333334 0.0775 0.08222222222222222
1 0.4775 0.31333333333333335 0.0675 0.08444444444444445
1 0.75 0.2722222222222222 0.0425 0.08222222222222222
0 0.838125 0.37555555555555553 0.06375 0.07555555555555556
0 0.899375 0.4411111111111111 0.09125 0.08222222222222222
1 0.8 0.41888888888888887 0.06 0.10888888888888888
0 0.21875 0.2966666666666667 0.0525 0.08222222222222222
0 0.16875 0.35333333333333333 0.0725 0.09777777777777778
