1 0.54875 0.2577777777777778 0.07 0.10666666666666667
0 0.679375 0.27 0.06625 0.08222222222222222
0 0.478125 0.32 0.07875 0.08444444444444445
0 0.1725 0.3511111111111111 0.065 0.09333333333333334
0 0.154375 0.6277777777777778 0.13125 0.12666666666666668
2 0.300625 0.2644444444444444 0.06125 0.08444444444444445
0 0.474375 0.3811111111111111 0.09625 0.06888888888888889
0 0.098125 0.5011111111111111 0.08625 0.10888888888888888
0 0.23125 0.2722222222222222 0.065 0.06888888888888889
0 0.20875 0.3188888888888889 0.0575 0.06888888888888889
0 0.291875 0.31666666666666665 0.05875 0.07333333333333333
0 0.845625 0.37333333333333335 0.06125 0.08
0 0.475625 0.26222222222222225 0.06125 0.09333333333333334
0 0.590625 0.45111111111111113 0.09125 0.08888888888888889
0 0.8675 0.5222222222222223 0.1075 0.10666666666666667
0 0.90375 0.4255555555555556 0.0775 0.11333333333333333
0 0.25125 0.36444444444444446 0.07 0.08444444444444445
0 0.485625 0.43666666666666665 0.08875 0.11777777777777777
3 0.57375 0.3477777777777778 0.08 0.13555555555555557
3 0.18375 0.4988888888888889 0.08 0.11777777777777777
1 0.14375 0.41444444444444445 0.0875 0.11333333333333333
0 0.7125 0.3188888888888889 0.07 0.07777777777777778
1 0.939375 0.6277777777777778 0.09625 0.15777777777777777
