2 0.5625 0.3088888888888889 0.07 0.09333333333333334
4 0.25625 0.34 0.07 0.1288888888888889
0 0.71125 0.3111111111111111 0.06 0.08
3 0.034375 0.5888888888888889 0.06625 0.16444444444444445
2 0.55125 0.25666666666666665 0.05 0.1
4 0.515625 0.39666666666666667 0.13375 0.2111111111111111
2 0.256875 0.3422222222222222 0.06625 0.12444444444444444
2 0.791875 0.3022222222222222 0.04625 0.09333333333333334
2 0.578125 0.4177777777777778 0.06375 0.13333333333333333
4 0.155625 0.39666666666666667 0.07625 0.13111111111111112
1 0.94375 0.6433333333333333 0.1075 0.13555555555555557
1 0.2 0.4911111111111111 0.0725 0.14666666666666667
3 0.9575 0.5088888888888888 0.075 0.12
2 0.565 0.35777777777777775 0.0725 0.1111111111111111
1 0.09375 0.5 0.1 0.12
2 0.805625 0.41555555555555557 0.05375 0.10666666666666667
2 0.231875 0.4088888888888889 0.05625 0.11555555555555555
4 0.8725 0.45444444444444443 0.0975 0.24222222222222223
1 0.165625 0.6088888888888889 0.10625 0.16
4 0.176875 0.32666666666666666 0.06625 0.1688888888888889
4 0.25375 0.2388888888888889 0.0775 0.14
2 0.7475 0.2688888888888889 0.04 0.08444444444444445
2 0.476875 0.2644444444444444 0.06875 0.09333333333333334
