2 0.15 0.4177777777777778 0.06 0.12
1 0.76625 0.35888888888888887 0.065 0.10888888888888888
1 0.548125 0.2588888888888889 0.06625 0.1
1 0.82875 0.3566666666666667 0.0525 0.09111111111111111
1 0.228125 0.2677777777777778 0.05875 0.08222222222222222
1 0.741875 0.27444444444444444 0.04875 0.07333333333333333
3 0.196875 0.5022222222222222 0.06125 0.12
2 0.265 0.35555555555555557 0.06 0.1111111111111111
3 0.719375 0.31444444444444447 0.06125 0.07777777777777778
2 0.218125 0.3055555555555556 0.04375 0.1
3 0.948125 0.6311111111111111 0.09875 0.15555555555555556
2 0.31 0.25333333333333335 0.0525 0.09333333333333334
1 0.173125 0.35 0.06875 0.10444444444444445
2 0.68375 0.26222222222222225 0.045 0.09333333333333334
1 0.5575 0.31333333333333335 0.06 0.09777777777777778
1 0.906875 0.4288888888888889 0.06375 0.10666666666666667
1 0.95 0.5066666666666667 0.0675 0.11555555555555555
1 0.81875 0.42777777777777776 0.085 0.11333333333333333
1 0.8675 0.5111111111111111 0.075 0.12
1 0.030625 0.5922222222222222 0.06125 0.15333333333333332
1 0.291875 0.3111111111111111 0.05875 0.08888888888888889
1 0.1425 0.6133333333333333 0.1125 0.16444444444444445
2 0.47625 0.36 0.0675 0.12
3 0.108125 0.4911111111111111 0.06625 0.12444444444444444
1 0.476875 0.2688888888888889 0.05375 0.08444444444444445
2 0.495 0.43555555555555553 0.075 0.14222222222222222
2 0.79125 0.30777777777777776 0.045 0.08666666666666667
