2 0.559375 0.35888888888888887 0.06375 0.11333333333333333
2 0.583125 0.42777777777777776 0.07625 0.13555555555555557
2 0.868125 0.5144444444444445 0.07375 0.12666666666666668
1 0.033125 0.5944444444444444 0.06375 0.14
2 0.5525 0.2577777777777778 0.0675 0.10222222222222223
2 0.203125 0.5011111111111111 0.06625 0.14
2 0.824375 0.3488888888888889 0.06375 0.1111111111111111
1 0.286875 0.3055555555555556 0.05375 0.09111111111111111
2 0.476875 0.2633333333333333 0.05875 0.08666666666666667
2 0.68125 0.2611111111111111 0.045 0.09111111111111111
2 0.239375 0.4111111111111111 0.07625 0.12
2 0.80125 0.4122222222222222 0.0725 0.12666666666666668
2 0.946875 0.6344444444444445 0.09875 0.15777777777777777
2 0.471875 0.36444444444444446 0.06625 0.10666666666666667
2 0.306875 0.2544444444444444 0.05125 0.09111111111111111
2 0.900625 0.4111111111111111 0.06875 0.1288888888888889
2 0.555625 0.3088888888888889 0.06375 0.09777777777777778
2 0.95 0.5033333333333333 0.075 0.11777777777777777
2 0.1525 0.41 0.06 0.12222222222222222
1 0.4825 0.3188888888888889 0.07 0.07333333333333333
2 0.500625 0.4255555555555556 0.07625 0.14
1 0.1425 0.6133333333333333 0.11 0.16
2 0.263125 0.35444444444444445 0.06875 0.10888888888888888
1 0.173125 0.3466666666666667 0.06375 0.10222222222222223
1 0.22625 0.26555555555555554 0.0675 0.07777777777777778
2 0.70875 0.31 0.065 0.08666666666666667
1 0.74 0.27555555555555555 0.045 0.07111111111111111
2 0.78625 0.3 0.04 0.09333333333333334
3 0.1075 0.4922222222222222 0.0725 0.12222222222222222
2 0.759375 0.35444444444444445 0.05625 0.10444444444444445
2 0.22 0.3011111111111111 0.05 0.09111111111111111
