1 0.5475 0.25666666666666665 0.0625 0.11333333333333333
0 0.226875 0.27666666666666667 0.07125 0.09111111111111111
0 0.2425 0.4166666666666667 0.0725 0.1
1 0.21125 0.4988888888888889 0.09 0.13555555555555557
0 0.6775 0.2644444444444444 0.06 0.08888888888888889
2 0.306875 0.25666666666666665 0.04875 0.09111111111111111
2 0.9525 0.5033333333333333 0.075 0.11777777777777777
2 0.86625 0.5133333333333333 0.085 0.12444444444444444
0 0.079375 0.5055555555555555 0.10125 0.10444444444444445
2 0.74375 0.2733333333333333 0.0425 0.08
1 0.17375 0.3488888888888889 0.065 0.10666666666666667
2 0.561875 0.35777777777777775 0.06375 0.12
2 0.2875 0.3055555555555556 0.0525 0.09111111111111111
0 0.75625 0.3655555555555556 0.075 0.09111111111111111
0 0.796875 0.4177777777777778 0.07625 0.12
0 0.2575 0.36333333333333334 0.0825 0.09555555555555556
2 0.58125 0.4255555555555556 0.0825 0.13111111111111112
0 0.71375 0.31444444444444447 0.0675 0.08222222222222222
2 0.1525 0.41 0.0575 0.12222222222222222
3 0.145 0.6111111111111112 0.095 0.15555555555555556
1 0.83 0.35777777777777775 0.0675 0.10222222222222223
2 0.789375 0.3055555555555556 0.05125 0.09555555555555556
1 0.889375 0.4177777777777778 0.06125 0.10666666666666667
1 0.79625 0.4177777777777778 0.075 0.12
3 0.936875 0.6222222222222222 0.08875 0.17333333333333334
