1 0.955 0.5077777777777778 0.075 0.11777777777777777
2 0.8325 0.35333333333333333 0.0675 0.10666666666666667
1 0.21125 0.49777777777777776 0.0725 0.12444444444444444
0 0.7125 0.31444444444444447 0.0675 0.08666666666666667
1 0.55875 0.31 0.0675 0.09555555555555556
1 0.891875 0.4222222222222222 0.06875 0.1111111111111111
2 0.153125 0.4111111111111111 0.05625 0.11555555555555555
0 0.145 0.62 0.09 0.13777777777777778
3 0.939375 0.6355555555555555 0.08625 0.16
0 0.08875 0.5022222222222222 0.085 0.1111111111111111
0 0.255 0.3622222222222222 0.085 0.09333333333333334
2 0.678125 0.2633333333333333 0.05125 0.09555555555555556
2 0.78875 0.30777777777777776 0.0525 0.1
0 0.235625 0.4211111111111111 0.08125 0.1
2 0.560625 0.35777777777777775 0.06875 0.13333333333333333
0 0.28625 0.31 0.06 0.08666666666666667
1 0.03125 0.6 0.06 0.14666666666666667
1 0.741875 0.2722222222222222 0.03875 0.07777777777777778
2 0.5875 0.42333333333333334 0.07 0.13111111111111112
0 0.22875 0.2688888888888889 0.07 0.07555555555555556
1 0.546875 0.26222222222222225 0.06125 0.10222222222222223
1 0.798125 0.41555555555555557 0.06125 0.1111111111111111
2 0.305625 0.25555555555555554 0.05125 0.08888888888888889
0 0.859375 0.5177777777777778 0.09875 0.12444444444444444
0 0.75125 0.3622222222222222 0.0725 0.10222222222222223
