0 0.071875 0.5055555555555555 0.07875 0.09555555555555556
1 0.959375 0.4955555555555556 0.06375 0.1111111111111111
0 0.225 0.2644444444444444 0.0675 0.08
1 0.581875 0.43666666666666665 0.08875 0.11777777777777777
1 0.480625 0.2633333333333333 0.07375 0.10444444444444445
2 0.833125 0.35444444444444445 0.07125 0.10444444444444445
1 0.890625 0.42 0.06375 0.1111111111111111
0 0.868125 0.5266666666666666 0.08875 0.10222222222222223
0 0.1375 0.41 0.0825 0.10888888888888888
0 0.286875 0.31 0.05875 0.08666666666666667
0 0.471875 0.32222222222222224 0.07625 0.06666666666666667
3 0.04625 0.5811111111111111 0.085 0.17555555555555555
0 0.213125 0.30777777777777776 0.05875 0.08666666666666667
2 0.17625 0.34555555555555556 0.055 0.11777777777777777
1 0.550625 0.25555555555555554 0.05625 0.10666666666666667
1 0.795 0.41444444444444445 0.06 0.11333333333333333
2 0.674375 0.26 0.05375 0.09333333333333334
1 0.30125 0.25222222222222224 0.0575 0.09555555555555556
0 0.258125 0.3655555555555556 0.08375 0.1
0 0.23875 0.41888888888888887 0.075 0.09111111111111111
