3 0.95125 0.6188888888888889 0.085 0.1622222222222222
2 0.788125 0.3 0.04875 0.10222222222222223
0 0.58 0.45666666666666667 0.0875 0.09111111111111111
1 0.961875 0.5088888888888888 0.07125 0.12444444444444444
2 0.835625 0.3566666666666667 0.06375 0.1
0 0.259375 0.35888888888888887 0.08375 0.1
0 0.86875 0.5233333333333333 0.1 0.10888888888888888
3 0.04375 0.5822222222222222 0.08 0.17333333333333334
0 0.224375 0.26666666666666666 0.07125 0.08
1 0.55 0.25666666666666665 0.055 0.10444444444444445
0 0.214375 0.30666666666666664 0.05875 0.08888888888888889
1 0.88875 0.42 0.0625 0.1111111111111111
6 0.5075 0.38333333333333336 0.15 0.18
1 0.285 0.31 0.0575 0.09555555555555556
1 0.139375 0.41 0.07375 0.10888888888888888
0 0.233125 0.4211111111111111 0.07875 0.09111111111111111
1 0.4825 0.2688888888888889 0.0725 0.08888888888888889
1 0.305 0.2588888888888889 0.055 0.09111111111111111
1 0.175625 0.3477777777777778 0.05625 0.10888888888888888
0 0.07375 0.5066666666666667 0.075 0.09333333333333334
2 0.215625 0.4922222222222222 0.08625 0.13555555555555557
