1 0.555625 0.30666666666666664 0.06625 0.09333333333333334
1 0.888125 0.42333333333333334 0.06625 0.11333333333333333
1 0.476875 0.32 0.06375 0.07555555555555556
1 0.75625 0.3566666666666667 0.07 0.1
0 0.675 0.2633333333333333 0.0525 0.09111111111111111
0 0.21625 0.30333333333333334 0.055 0.08666666666666667
0 0.8675 0.5255555555555556 0.09 0.10444444444444445
1 0.720625 0.29888888888888887 0.05125 0.1
1 0.49125 0.4255555555555556 0.07 0.13111111111111112
1 0.54625 0.2577777777777778 0.05 0.08888888888888889
1 0.95875 0.5133333333333333 0.07 0.1111111111111111
0 0.258125 0.36333333333333334 0.08625 0.09111111111111111
1 0.791875 0.30333333333333334 0.04875 0.1
0 0.176875 0.35555555555555557 0.06375 0.09333333333333334
1 0.5625 0.35333333333333333 0.085 0.12
0 0.23625 0.4211111111111111 0.0825 0.1
1 0.73625 0.2777777777777778 0.0425 0.08888888888888889
0 0.94875 0.65 0.0975 0.12222222222222222
3 0.030625 0.58 0.06125 0.16444444444444445
0 0.285 0.30777777777777776 0.0525 0.09111111111111111
1 0.305625 0.26 0.05375 0.09333333333333334
1 0.835 0.36 0.0675 0.10666666666666667
0 0.14625 0.4111111111111111 0.065 0.12
1 0.48125 0.27444444444444444 0.07 0.07777777777777778
0 0.580625 0.4577777777777778 0.08875 0.09333333333333334
