1 0.145 0.41 0.0625 0.11333333333333333
1 0.494375 0.42333333333333334 0.06875 0.12666666666666668
1 0.483125 0.27444444444444444 0.07125 0.07777777777777778
1 0.8325 0.35555555555555557 0.0775 0.10666666666666667
0 0.67625 0.2633333333333333 0.055 0.09111111111111111
0 0.21625 0.29888888888888887 0.06 0.09111111111111111
0 0.949375 0.6477777777777778 0.09625 0.12222222222222222
3 0.044375 0.5766666666666667 0.08375 0.16666666666666666
2 0.306875 0.2577777777777778 0.05375 0.08888888888888889
0 0.17625 0.35444444444444445 0.06 0.09111111111111111
1 0.755625 0.35333333333333333 0.06625 0.10222222222222223
0 0.579375 0.4577777777777778 0.08625 0.08888888888888889
0 0.868125 0.5266666666666666 0.09125 0.10222222222222223
1 0.095625 0.47888888888888886 0.06875 0.14444444444444443
6 0.1125 0.5688888888888889 0.225 0.23555555555555555
3 0.833125 0.3566666666666667 0.07875 0.10444444444444445
1 0.5625 0.35333333333333333 0.09 0.11555555555555555
1 0.478125 0.32 0.06125 0.07111111111111111
2 0.28625 0.30444444444444446 0.0575 0.09333333333333334
0 0.238125 0.42333333333333334 0.08125 0.09111111111111111
1 0.88875 0.41888888888888887 0.065 0.10888888888888888
6 0.7525 0.2922222222222222 0.1125 0.11777777777777777
1 0.71875 0.3011111111111111 0.055 0.09111111111111111
1 0.20875 0.5011111111111111 0.085 0.14
1 0.959375 0.5088888888888888 0.06375 0.11555555555555555
1 0.548125 0.2577777777777778 0.05625 0.08888888888888889
0 0.255 0.3611111111111111 0.0875 0.08666666666666667
3 0.805625 0.42777777777777776 0.07375 0.11333333333333333
