0 0.28625 0.31222222222222223 0.06 0.07777777777777778
0 0.235625 0.4255555555555556 0.08625 0.09111111111111111
2 0.564375 0.35444444444444445 0.07625 0.12666666666666668
1 0.028125 0.5933333333333334 0.05625 0.13333333333333333
1 0.546875 0.25333333333333335 0.04375 0.06666666666666667
0 0.173125 0.36 0.06875 0.08888888888888889
1 0.303125 0.26 0.06125 0.08444444444444445
2 0.17875 0.6222222222222222 0.115 0.18666666666666668
0 0.890625 0.44222222222222224 0.09125 0.08888888888888889
0 0.06625 0.5077777777777778 0.0875 0.1
0 0.22 0.2811111111111111 0.0675 0.08666666666666667
2 0.96125 0.5066666666666667 0.0675 0.14222222222222222
0 0.581875 0.4477777777777778 0.09125 0.10444444444444445
0 0.755625 0.3655555555555556 0.07625 0.08666666666666667
0 0.136875 0.4255555555555556 0.08375 0.09111111111111111
0 0.83875 0.3688888888888889 0.075 0.08888888888888889
1 0.4875 0.26666666666666666 0.055 0.08888888888888889
0 0.25125 0.36333333333333334 0.085 0.08222222222222222
0 0.864375 0.5211111111111111 0.08875 0.10888888888888888
0 0.210625 0.4911111111111111 0.07625 0.1511111111111111
6 0.734375 0.2811111111111111 0.14875 0.11777777777777777
3 0.9475 0.62 0.09 0.18222222222222223
