0 0.085 0.49 0.105 0.13555555555555557
0 0.75375 0.3566666666666667 0.065 0.09555555555555556
6 0.74625 0.2866666666666667 0.125 0.10666666666666667
0 0.2325 0.4066666666666667 0.0825 0.11555555555555555
2 0.838125 0.3477777777777778 0.06125 0.11333333333333333
1 0.48125 0.2688888888888889 0.0575 0.08444444444444445
0 0.4675 0.37777777777777777 0.0825 0.08
0 0.89625 0.44222222222222224 0.09 0.08444444444444445
0 0.136875 0.4222222222222222 0.08125 0.09333333333333334
1 0.286875 0.30666666666666664 0.05625 0.08888888888888889
6 0.131875 0.5633333333333334 0.23125 0.24222222222222223
1 0.79625 0.4122222222222222 0.0625 0.11777777777777777
0 0.250625 0.35555555555555557 0.06375 0.08444444444444445
2 0.48875 0.4166666666666667 0.0875 0.14888888888888888
0 0.86875 0.5222222222222223 0.09 0.10222222222222223
0 0.17125 0.35555555555555557 0.0725 0.10222222222222223
1 0.55125 0.2511111111111111 0.055 0.10666666666666667
0 0.471875 0.32222222222222224 0.07625 0.07555555555555556
1 0.30375 0.25 0.06 0.09555555555555556
3 0.955 0.6288888888888889 0.0825 0.1511111111111111
0 0.230625 0.27444444444444444 0.06875 0.07777777777777778
1 0.563125 0.30777777777777776 0.08125 0.09555555555555556
3 0.5775 0.43 0.085 0.14
1 0.96125 0.5077777777777778 0.0675 0.10888888888888888
0 0.480625 0.4 0.09375 0.1111111111111111
