0 0.09375 0.51 0.095 0.1
1 0.823125 0.3511111111111111 0.07875 0.10666666666666667
0 0.56 0.31444444444444447 0.0725 0.08666666666666667
0 0.200625 0.5055555555555555 0.09125 0.13555555555555557
0 0.288125 0.30777777777777776 0.05625 0.08666666666666667
0 0.756875 0.3566666666666667 0.06375 0.09111111111111111
1 0.788125 0.41333333333333333 0.06875 0.12444444444444444
1 0.304375 0.25222222222222224 0.06125 0.1
0 0.169375 0.3566666666666667 0.07375 0.09555555555555556
6 0.73375 0.2833333333333333 0.135 0.11777777777777777
0 0.248125 0.36444444444444446 0.07375 0.08
0 0.484375 0.4388888888888889 0.08875 0.11333333333333333
0 0.46875 0.37333333333333335 0.0825 0.09333333333333334
0 0.24375 0.4211111111111111 0.0825 0.09555555555555556
0 0.95 0.6466666666666666 0.09 0.12444444444444444
0 0.544375 0.26 0.06375 0.09777777777777778
0 0.47375 0.31 0.0725 0.09555555555555556
0 0.229375 0.26555555555555554 0.06375 0.08222222222222222
0 0.8925 0.44222222222222224 0.0925 0.08444444444444445
0 0.13625 0.42444444444444446 0.085 0.09333333333333334
0 0.868125 0.5255555555555556 0.09375 0.1
1 0.028125 0.5922222222222222 0.05375 0.13555555555555557
