6 0.735 0.28555555555555556 0.135 0.11777777777777777
0 0.950625 0.6455555555555555 0.09125 0.12666666666666668
0 0.13625 0.42444444444444446 0.0825 0.09333333333333334
1 0.823125 0.3488888888888889 0.07875 0.10666666666666667
1 0.22875 0.26666666666666666 0.065 0.08444444444444445
0 0.200625 0.5055555555555555 0.09375 0.13555555555555557
0 0.86875 0.5255555555555556 0.0925 0.1
0 0.548125 0.2633333333333333 0.06375 0.09111111111111111
0 0.2875 0.3088888888888889 0.0575 0.08444444444444445
2 0.7175 0.29555555555555557 0.055 0.09777777777777778
0 0.7525 0.35333333333333333 0.0625 0.10222222222222223
0 0.56375 0.31222222222222223 0.0775 0.08666666666666667
0 0.09375 0.5111111111111111 0.0975 0.10222222222222223
0 0.78875 0.41333333333333333 0.0675 0.12444444444444444
0 0.243125 0.41888888888888887 0.08125 0.09555555555555556
0 0.17 0.3566666666666667 0.0725 0.09555555555555556
3 0.57625 0.4266666666666667 0.09 0.14222222222222222
0 0.248125 0.3622222222222222 0.07125 0.08
1 0.304375 0.25555555555555554 0.06125 0.09777777777777778
0 0.89375 0.44333333333333336 0.0925 0.08666666666666667
