0 0.20125 0.5055555555555555 0.09 0.13111111111111112
0 0.173125 0.35555555555555557 0.06875 0.09777777777777778
0 0.755 0.37222222222222223 0.075 0.07333333333333333
0 0.78875 0.41444444444444445 0.0725 0.13111111111111112
0 0.23125 0.26666666666666666 0.0675 0.08
1 0.78875 0.4122222222222222 0.0675 0.12666666666666668
1 0.959375 0.5055555555555555 0.06875 0.13555555555555557
1 0.4775 0.3111111111111111 0.0675 0.08444444444444445
0 0.891875 0.44333333333333336 0.09125 0.08222222222222222
6 0.739375 0.2811111111111111 0.13875 0.12666666666666668
0 0.094375 0.51 0.09625 0.1
0 0.2475 0.36333333333333334 0.075 0.08222222222222222
1 0.026875 0.5911111111111111 0.05375 0.13333333333333333
1 0.824375 0.3511111111111111 0.07125 0.10222222222222223
0 0.135625 0.4177777777777778 0.08375 0.10222222222222223
0 0.469375 0.37 0.08375 0.09111111111111111
1 0.30375 0.2577777777777778 0.0625 0.09333333333333334
0 0.28875 0.31333333333333335 0.0575 0.08
0 0.20625 0.3211111111111111 0.055 0.05555555555555555
6 0.523125 0.3011111111111111 0.15875 0.10444444444444445
0 0.4825 0.44 0.09 0.12
0 0.8675 0.5255555555555556 0.0925 0.1
3 0.57625 0.4255555555555556 0.085 0.14
0 0.95125 0.6455555555555555 0.09 0.12666666666666668
0 0.240625 0.42 0.08625 0.09777777777777778
