2 0.555625 0.35777777777777775 0.06625 0.12
0 0.24875 0.3488888888888889 0.07 0.09777777777777778
2 0.500625 0.41333333333333333 0.06125 0.15555555555555556
1 0.958125 0.5033333333333333 0.07375 0.13111111111111112
3 0.175625 0.4888888888888889 0.06875 0.14666666666666667
0 0.28875 0.3088888888888889 0.06 0.08
2 0.584375 0.4222222222222222 0.07375 0.13333333333333333
0 0.205 0.3211111111111111 0.05 0.05555555555555555
0 0.87 0.5166666666666667 0.095 0.10888888888888888
6 0.12375 0.4811111111111111 0.1725 0.18888888888888888
0 0.755625 0.3711111111111111 0.07625 0.07555555555555556
0 0.786875 0.4122222222222222 0.07375 0.12666666666666668
0 0.89 0.44333333333333336 0.0925 0.08222222222222222
6 0.735 0.28 0.13 0.12
3 0.956875 0.63 0.07875 0.15333333333333332
0 0.236875 0.42444444444444446 0.08875 0.09333333333333334
0 0.23375 0.2688888888888889 0.06 0.07555555555555556
0 0.303125 0.2611111111111111 0.06625 0.09111111111111111
0 0.17375 0.3566666666666667 0.0625 0.09555555555555556
1 0.02625 0.5922222222222222 0.0525 0.13111111111111112
