0 0.23875 0.4222222222222222 0.085 0.09777777777777778
0 0.890625 0.44333333333333336 0.09625 0.07777777777777778
0 0.955625 0.6433333333333333 0.08375 0.14888888888888888
0 0.756875 0.37 0.07375 0.08222222222222222
2 0.561875 0.35555555555555557 0.07625 0.1111111111111111
1 0.958125 0.5055555555555555 0.06875 0.13111111111111112
0 0.86875 0.52 0.095 0.1111111111111111
0 0.7125 0.3211111111111111 0.055 0.06
2 0.578125 0.43222222222222223 0.07125 0.12666666666666668
6 0.13 0.4777777777777778 0.17 0.18222222222222223
0 0.174375 0.35555555555555557 0.06625 0.10222222222222223
0 0.304375 0.2611111111111111 0.06125 0.09111111111111111
0 0.786875 0.4166666666666667 0.07625 0.12666666666666668
0 0.24625 0.35777777777777775 0.07 0.08888888888888889
0 0.233125 0.2688888888888889 0.06375 0.08
6 0.74 0.28444444444444444 0.1275 0.10666666666666667
1 0.0275 0.5933333333333334 0.0525 0.14222222222222222
0 0.290625 0.31444444444444447 0.05875 0.07777777777777778
