0 0.304375 0.2611111111111111 0.06375 0.08666666666666667
0 0.23875 0.4222222222222222 0.085 0.09333333333333334
0 0.88875 0.4411111111111111 0.1 0.08222222222222222
0 0.233125 0.26666666666666666 0.06375 0.08444444444444445
1 0.958125 0.5044444444444445 0.07125 0.13777777777777778
1 0.565 0.30333333333333334 0.06 0.1
1 0.026875 0.5922222222222222 0.05375 0.13111111111111112
1 0.78875 0.41444444444444445 0.075 0.11777777777777777
0 0.789375 0.4166666666666667 0.07625 0.12222222222222222
0 0.245 0.3622222222222222 0.0675 0.08
0 0.869375 0.5177777777777778 0.09125 0.10666666666666667
0 0.75125 0.35333333333333333 0.075 0.10666666666666667
6 0.12625 0.47333333333333333 0.17 0.18222222222222223
0 0.17625 0.35444444444444445 0.065 0.1
6 0.746875 0.29333333333333333 0.10875 0.10666666666666667
0 0.290625 0.31444444444444447 0.05875 0.07777777777777778
3 0.575625 0.4266666666666667 0.07125 0.12444444444444444
0 0.955625 0.6411111111111111 0.08375 0.13555555555555557
3 0.5675 0.38222222222222224 0.08 0.10666666666666667
