0 0.225625 0.41333333333333333 0.08625 0.12
1 0.55875 0.3055555555555556 0.0675 0.1
0 0.30375 0.26555555555555554 0.0675 0.08666666666666667
0 0.485625 0.43444444444444447 0.09125 0.12222222222222222
0 0.753125 0.3711111111111111 0.07375 0.07555555555555556
3 0.581875 0.4255555555555556 0.07875 0.12666666666666668
0 0.869375 0.5266666666666666 0.09125 0.10222222222222223
0 0.205 0.3211111111111111 0.06 0.06888888888888889
0 0.47 0.37555555555555553 0.065 0.08
1 0.549375 0.2611111111111111 0.05875 0.09555555555555556
1 0.959375 0.5177777777777778 0.06625 0.10666666666666667
0 0.134375 0.4222222222222222 0.06875 0.09333333333333334
3 0.9475 0.63 0.0975 0.14444444444444443
0 0.245625 0.35888888888888887 0.06625 0.07777777777777778
6 0.740625 0.27666666666666667 0.12875 0.11777777777777777
1 0.48375 0.30777777777777776 0.0575 0.09111111111111111
6 0.116875 0.5444444444444444 0.23375 0.28
0 0.89 0.44333333333333336 0.1 0.08666666666666667
0 0.229375 0.27111111111111114 0.06875 0.07555555555555556
0 0.169375 0.3566666666666667 0.06875 0.09555555555555556
0 0.1875 0.5022222222222222 0.0925 0.14666666666666667
