0 0.868125 0.53 0.08875 0.10444444444444445
6 0.739375 0.2777777777777778 0.12125 0.11555555555555555
0 0.22375 0.4066666666666667 0.075 0.1288888888888889
6 0.115625 0.5455555555555556 0.22375 0.2644444444444444
0 0.47875 0.31222222222222223 0.0625 0.09111111111111111
0 0.75125 0.3688888888888889 0.07 0.08
0 0.171875 0.35777777777777775 0.06125 0.09333333333333334
1 0.56 0.2966666666666667 0.075 0.11777777777777777
0 0.56375 0.37555555555555553 0.09 0.09333333333333334
0 0.48375 0.43666666666666665 0.09 0.12222222222222222
1 0.585625 0.4311111111111111 0.08375 0.1111111111111111
0 0.46625 0.37555555555555553 0.075 0.08444444444444445
0 0.894375 0.44333333333333336 0.08875 0.08666666666666667
1 0.55375 0.26222222222222225 0.065 0.12
3 0.1875 0.5011111111111111 0.095 0.14444444444444443
3 0.944375 0.61 0.09375 0.16666666666666666
0 0.30375 0.26666666666666666 0.065 0.08888888888888889
0 0.2025 0.32222222222222224 0.0625 0.06666666666666667
0 0.235 0.27111111111111114 0.0625 0.06666666666666667
6 0.81125 0.39111111111111113 0.12 0.16
0 0.13 0.41555555555555557 0.07 0.09777777777777778
0 0.24375 0.3611111111111111 0.07 0.08222222222222222
