0 0.868125 0.5233333333333333 0.09375 0.1
0 0.105625 0.49777777777777776 0.07875 0.12
0 0.1375 0.4111111111111111 0.0775 0.1111111111111111
1 0.471875 0.3611111111111111 0.07875 0.12222222222222222
0 0.21375 0.30333333333333334 0.0625 0.07777777777777778
2 0.585625 0.41888888888888887 0.09375 0.13555555555555557
0 0.89 0.4444444444444444 0.0825 0.08444444444444445
0 0.94625 0.6388888888888888 0.1025 0.15333333333333332
1 0.4775 0.2688888888888889 0.065 0.08888888888888889
0 0.305 0.2688888888888889 0.0675 0.08444444444444445
0 0.2275 0.41444444444444445 0.0725 0.10888888888888888
0 0.556875 0.3711111111111111 0.07125 0.08888888888888889
0 0.248125 0.36777777777777776 0.07625 0.07777777777777778
1 0.806875 0.4211111111111111 0.07375 0.10444444444444445
1 0.958125 0.5033333333333333 0.07125 0.13555555555555557
0 0.170625 0.3611111111111111 0.06875 0.09111111111111111
1 0.55625 0.3 0.065 0.08888888888888889
0 0.286875 0.31333333333333335 0.06375 0.07555555555555556
0 0.47125 0.35888888888888887 0.08 0.11333333333333333
0 0.483125 0.43 0.08625 0.12666666666666668
0 0.233125 0.2644444444444444 0.05875 0.07111111111111111
3 0.585625 0.42 0.09625 0.14222222222222222
0 0.556875 0.3055555555555556 0.07125 0.09111111111111111
1 0.549375 0.26222222222222225 0.05625 0.08888888888888889
0 0.136875 0.62 0.10875 0.14666666666666667
