0 0.788125 0.4177777777777778 0.07125 0.12
0 0.8975 0.44666666666666666 0.07 0.08888888888888889
1 0.48 0.2588888888888889 0.06 0.1
6 0.75125 0.2866666666666667 0.1 0.12
6 0.5225 0.35555555555555557 0.1525 0.12
0 0.23125 0.41555555555555557 0.0825 0.1111111111111111
1 0.473125 0.31666666666666665 0.06375 0.08666666666666667
0 0.10375 0.49333333333333335 0.0675 0.13333333333333333
1 0.788125 0.41888888888888887 0.07125 0.11777777777777777
1 0.68125 0.2677777777777778 0.0525 0.07777777777777778
0 0.16875 0.3566666666666667 0.075 0.1
0 0.85875 0.5122222222222222 0.1025 0.14444444444444443
1 0.966875 0.5066666666666667 0.05875 0.11555555555555555
0 0.134375 0.4177777777777778 0.06875 0.10222222222222223
0 0.23125 0.26666666666666666 0.065 0.07555555555555556
6 0.50625 0.42444444444444446 0.1275 0.14222222222222222
7 0.586875 0.3422222222222222 0.16125 0.2311111111111111
0 0.175 0.5177777777777778 0.075 0.09333333333333334
0 0.845625 0.35888888888888887 0.06875 0.1
1 0.935 0.6355555555555555 0.1 0.1511111111111111
0 0.225 0.3055555555555556 0.0575 0.07333333333333333
1 0.75875 0.35888888888888887 0.0575 0.09555555555555556
0 0.138125 0.6211111111111111 0.10875 0.14444444444444443
