0 0.488125 0.2722222222222222 0.06875 0.07777777777777778
1 0.79 0.41444444444444445 0.0725 0.12222222222222222
0 0.841875 0.36444444444444446 0.06875 0.08888888888888889
0 0.235625 0.2644444444444444 0.05125 0.07111111111111111
2 0.744375 0.26666666666666666 0.04375 0.09333333333333334
0 0.09625 0.49666666666666665 0.09 0.12222222222222222
0 0.215 0.3088888888888889 0.055 0.08
0 0.30125 0.26666666666666666 0.0625 0.08
0 0.125625 0.42333333333333334 0.07375 0.09111111111111111
0 0.46875 0.3188888888888889 0.065 0.08222222222222222
1 0.755625 0.3522222222222222 0.06875 0.1
2 0.78375 0.29777777777777775 0.0425 0.10222222222222223
0 0.89375 0.4266666666666667 0.0775 0.11555555555555555
1 0.47875 0.42444444444444446 0.08 0.12444444444444444
0 0.86 0.5144444444444445 0.105 0.12222222222222222
1 0.5525 0.26222222222222225 0.0525 0.08444444444444445
0 0.2525 0.3522222222222222 0.07 0.10444444444444445
0 0.938125 0.6422222222222222 0.10625 0.14222222222222222
3 0.175 0.5011111111111111 0.0725 0.12222222222222222
0 0.2275 0.4222222222222222 0.075 0.09777777777777778
0 0.588125 0.42777777777777776 0.09125 0.12666666666666668
0 0.168125 0.35777777777777775 0.07375 0.09333333333333334
1 0.55875 0.3055555555555556 0.07 0.08666666666666667
0 0.138125 0.6211111111111111 0.10875 0.14444444444444443
0 0.53 0.3711111111111111 0.1 0.10222222222222223
