1 0.5525 0.2611111111111111 0.0525 0.07777777777777778
1 0.558125 0.3088888888888889 0.06875 0.08444444444444445
0 0.886875 0.43666666666666665 0.09375 0.09555555555555556
0 0.52375 0.37 0.0975 0.11333333333333333
0 0.841875 0.36444444444444446 0.07375 0.08888888888888889
1 0.480625 0.42333333333333334 0.07875 0.12666666666666668
0 0.2275 0.4222222222222222 0.08 0.10222222222222223
0 0.469375 0.3211111111111111 0.06375 0.08666666666666667
1 0.79 0.4166666666666667 0.0725 0.12222222222222222
0 0.214375 0.31 0.05875 0.08222222222222222
2 0.73 0.2644444444444444 0.045 0.09333333333333334
0 0.125625 0.4255555555555556 0.07375 0.08666666666666667
0 0.755625 0.36333333333333334 0.06625 0.09111111111111111
0 0.790625 0.4166666666666667 0.07375 0.12222222222222222
0 0.301875 0.26666666666666666 0.06375 0.07555555555555556
0 0.089375 0.4988888888888889 0.09125 0.12222222222222222
0 0.868125 0.5244444444444445 0.09625 0.10666666666666667
0 0.490625 0.27444444444444444 0.06625 0.08222222222222222
0 0.1375 0.6211111111111111 0.1075 0.14444444444444443
0 0.175 0.5011111111111111 0.0675 0.11777777777777777
0 0.170625 0.36 0.06875 0.08888888888888889
0 0.235625 0.2644444444444444 0.05625 0.07111111111111111
0 0.585 0.43444444444444447 0.095 0.11777777777777777
1 0.963125 0.5077777777777778 0.06375 0.11777777777777777
0 0.935 0.6444444444444445 0.11 0.14222222222222222
0 0.253125 0.35333333333333333 0.06875 0.10222222222222223
