0 0.761875 0.3611111111111111 0.06625 0.09111111111111111
0 0.3025 0.26222222222222225 0.06 0.08
2 0.795 0.4177777777777778 0.06 0.10666666666666667
0 0.084375 0.5033333333333333 0.08375 0.10444444444444445
0 0.173125 0.3622222222222222 0.06625 0.08888888888888889
3 0.929375 0.6322222222222222 0.10125 0.14888888888888888
0 0.48875 0.2777777777777778 0.0775 0.08444444444444445
0 0.12875 0.41333333333333333 0.0775 0.10666666666666667
0 0.86625 0.5266666666666666 0.0925 0.10222222222222223
0 0.209375 0.30777777777777776 0.05125 0.07777777777777778
6 0.7525 0.28444444444444444 0.105 0.12
0 0.22625 0.4211111111111111 0.0825 0.09555555555555556
0 0.475625 0.32666666666666666 0.07375 0.06222222222222222
0 0.56375 0.37333333333333335 0.0825 0.08888888888888889
1 0.95875 0.5044444444444445 0.0675 0.12444444444444444
0 0.173125 0.5222222222222223 0.07875 0.09333333333333334
0 0.469375 0.37333333333333335 0.07625 0.08888888888888889
0 0.1375 0.62 0.1075 0.14666666666666667
0 0.481875 0.41555555555555557 0.09125 0.14666666666666667
0 0.846875 0.36444444444444446 0.07625 0.09333333333333334
0 0.25375 0.3511111111111111 0.0725 0.1111111111111111
0 0.235 0.2688888888888889 0.055 0.06666666666666667
0 0.560625 0.30666666666666664 0.06375 0.08888888888888889
3 0.483125 0.42 0.08875 0.14666666666666667
0 0.2925 0.3111111111111111 0.055 0.07555555555555556
0 0.886875 0.44333333333333336 0.09125 0.08222222222222222
