0 0.790625 0.42 0.07875 0.11555555555555555
0 0.8625 0.5211111111111111 0.0925 0.10888888888888888
6 0.75125 0.2811111111111111 0.105 0.12666666666666668
0 0.083125 0.51 0.08375 0.1
0 0.875 0.43777777777777777 0.07 0.08
0 0.47 0.3688888888888889 0.0825 0.09333333333333334
0 0.475625 0.27555555555555555 0.07375 0.06666666666666667
0 0.939375 0.6522222222222223 0.11125 0.13111111111111112
0 0.17875 0.34555555555555556 0.0575 0.10444444444444445
0 0.30375 0.26222222222222225 0.055 0.07555555555555556
0 0.58 0.45555555555555555 0.0875 0.08888888888888889
7 0.71375 0.2833333333333333 0.1425 0.18444444444444444
0 0.560625 0.30777777777777776 0.06875 0.09111111111111111
0 0.23375 0.2644444444444444 0.0575 0.07555555555555556
3 0.13625 0.6122222222222222 0.1075 0.16666666666666666
1 0.95875 0.5077777777777778 0.07 0.13555555555555557
0 0.474375 0.32222222222222224 0.08125 0.07555555555555556
1 0.549375 0.2577777777777778 0.05875 0.09777777777777778
0 0.758125 0.36333333333333334 0.07625 0.09555555555555556
1 0.560625 0.3088888888888889 0.06875 0.09333333333333334
0 0.225625 0.4266666666666667 0.08125 0.08444444444444445
0 0.2475 0.36666666666666664 0.08 0.07555555555555556
0 0.29375 0.31 0.065 0.08666666666666667
0 0.566875 0.37 0.08625 0.09555555555555556
0 0.47375 0.42777777777777776 0.0825 0.11777777777777777
1 0.790625 0.41888888888888887 0.07875 0.11777777777777777
0 0.125 0.41888888888888887 0.0825 0.10444444444444445
3 0.17375 0.5044444444444445 0.0775 0.11555555555555555
