0 0.793125 0.42 0.08625 0.1111111111111111
7 0.695625 0.2866666666666667 0.11625 0.18222222222222223
0 0.2475 0.35333333333333333 0.07 0.09333333333333334
0 0.2875 0.31 0.06 0.07777777777777778
0 0.124375 0.41888888888888887 0.08125 0.1
0 0.175 0.5066666666666667 0.0675 0.1111111111111111
0 0.471875 0.37666666666666665 0.08625 0.07777777777777778
1 0.96625 0.5144444444444445 0.055 0.10444444444444445
0 0.23 0.42444444444444446 0.08 0.09777777777777778
0 0.208125 0.3055555555555556 0.04875 0.07777777777777778
0 0.47125 0.2833333333333333 0.0675 0.05555555555555555
0 0.46875 0.32222222222222224 0.075 0.07111111111111111
1 0.54875 0.26555555555555554 0.0625 0.09555555555555556
0 0.30125 0.26222222222222225 0.0625 0.08444444444444445
6 0.824375 0.4011111111111111 0.15875 0.15777777777777777
0 0.576875 0.45555555555555555 0.08625 0.08444444444444445
6 0.889375 0.5766666666666667 0.18375 0.24222222222222223
0 0.136875 0.6188888888888889 0.10875 0.14444444444444443
0 0.098125 0.5044444444444445 0.09125 0.1111111111111111
0 0.234375 0.27111111111111114 0.05625 0.06666666666666667
6 0.761875 0.2822222222222222 0.08625 0.11555555555555555
0 0.75375 0.36 0.0675 0.09777777777777778
0 0.475625 0.44222222222222224 0.07875 0.10666666666666667
0 0.566875 0.36 0.08375 0.1111111111111111
0 0.17875 0.3522222222222222 0.0575 0.1
