0 0.235 0.27111111111111114 0.0575 0.07111111111111111
0 0.75375 0.37222222222222223 0.075 0.08666666666666667
7 0.738125 0.27444444444444444 0.11625 0.14888888888888888
0 0.205 0.30666666666666664 0.0525 0.07555555555555556
1 0.549375 0.26666666666666666 0.06625 0.09333333333333334
6 0.756875 0.28555555555555556 0.07875 0.10888888888888888
6 0.82875 0.4 0.2175 0.1688888888888889
0 0.230625 0.4222222222222222 0.08125 0.09333333333333334
0 0.468125 0.3244444444444444 0.07625 0.06666666666666667
0 0.17125 0.3566666666666667 0.07 0.1
0 0.473125 0.2822222222222222 0.06875 0.057777777777777775
7 0.695625 0.29 0.11625 0.18444444444444444
0 0.30125 0.2644444444444444 0.0625 0.08444444444444445
0 0.119375 0.4288888888888889 0.07875 0.09333333333333334
0 0.245625 0.3522222222222222 0.07125 0.1
0 0.475625 0.43666666666666665 0.08125 0.11777777777777777
0 0.2875 0.3111111111111111 0.0575 0.07555555555555556
0 0.175 0.51 0.0775 0.10888888888888888
0 0.56125 0.36333333333333334 0.0775 0.10888888888888888
0 0.468125 0.37444444444444447 0.08375 0.07777777777777778
0 0.578125 0.45555555555555555 0.08875 0.08444444444444445
0 0.138125 0.6155555555555555 0.10875 0.15555555555555556
0 0.09875 0.5088888888888888 0.0875 0.10666666666666667
