0 0.301875 0.2644444444444444 0.06125 0.08
0 0.236875 0.4166666666666667 0.07875 0.10444444444444445
0 0.92 0.44222222222222224 0.0725 0.08888888888888889
0 0.4725 0.37555555555555553 0.0925 0.08888888888888889
3 0.7175 0.3055555555555556 0.0525 0.09111111111111111
0 0.550625 0.2611111111111111 0.06625 0.09111111111111111
0 0.17375 0.3511111111111111 0.07 0.10222222222222223
0 0.480625 0.44222222222222224 0.09875 0.10666666666666667
6 0.75625 0.28555555555555556 0.0875 0.10444444444444445
0 0.209375 0.31444444444444447 0.05375 0.07777777777777778
1 0.963125 0.5155555555555555 0.06125 0.13333333333333333
0 0.2475 0.36333333333333334 0.0625 0.06888888888888889
0 0.29 0.31444444444444447 0.0575 0.07333333333333333
3 0.184375 0.5066666666666667 0.07875 0.12
0 0.759375 0.3622222222222222 0.07875 0.09777777777777778
0 0.144375 0.41333333333333333 0.07625 0.1111111111111111
0 0.57875 0.45444444444444443 0.0825 0.07777777777777778
3 0.095 0.5011111111111111 0.095 0.11777777777777777
0 0.47125 0.28 0.0675 0.057777777777777775
0 0.575 0.41888888888888887 0.0925 0.14888888888888888
0 0.235625 0.27 0.05875 0.07333333333333333
0 0.468125 0.32222222222222224 0.07375 0.07111111111111111
1 0.94375 0.6144444444444445 0.0925 0.17555555555555555
0 0.558125 0.3111111111111111 0.06875 0.09333333333333334
