0 0.290625 0.31222222222222223 0.05625 0.07777777777777778
0 0.55625 0.30444444444444446 0.07 0.09333333333333334
0 0.235 0.4177777777777778 0.0875 0.10222222222222223
0 0.469375 0.3233333333333333 0.07375 0.06444444444444444
0 0.20875 0.31222222222222223 0.055 0.07777777777777778
0 0.175 0.4988888888888889 0.08 0.12666666666666668
0 0.55 0.2677777777777778 0.07 0.08222222222222222
0 0.17125 0.35333333333333333 0.075 0.10222222222222223
0 0.24625 0.3622222222222222 0.065 0.08
3 0.9425 0.6066666666666667 0.0925 0.18222222222222223
0 0.4725 0.2688888888888889 0.07 0.08444444444444445
0 0.580625 0.45444444444444443 0.08125 0.07777777777777778
0 0.141875 0.42444444444444446 0.07625 0.08888888888888889
0 0.3025 0.2677777777777778 0.0575 0.07777777777777778
0 0.91125 0.44555555555555554 0.095 0.08222222222222222
6 0.7575 0.2866666666666667 0.08 0.1111111111111111
0 0.235625 0.27 0.05875 0.07333333333333333
0 0.574375 0.4111111111111111 0.09375 0.14666666666666667
0 0.093125 0.5044444444444445 0.09125 0.12
0 0.133125 0.6277777777777778 0.11375 0.13555555555555557
