0 0.55 0.2677777777777778 0.0675 0.07777777777777778
0 0.13625 0.4211111111111111 0.09 0.10444444444444445
0 0.94 0.6544444444444445 0.105 0.12666666666666668
1 0.67625 0.25 0.0575 0.09555555555555556
0 0.24375 0.3655555555555556 0.07 0.07333333333333333
0 0.133125 0.6366666666666667 0.11125 0.12222222222222222
1 0.175625 0.3422222222222222 0.06125 0.1111111111111111
1 0.9075 0.41888888888888887 0.0775 0.11777777777777777
0 0.8625 0.5111111111111111 0.0925 0.13333333333333333
0 0.233125 0.42444444444444446 0.09125 0.08888888888888889
0 0.301875 0.2633333333333333 0.06125 0.08222222222222222
0 0.57 0.37777777777777777 0.0775 0.09333333333333334
0 0.095625 0.5 0.08625 0.11555555555555555
0 0.1725 0.5166666666666667 0.08 0.1
0 0.23125 0.26666666666666666 0.065 0.07111111111111111
1 0.768125 0.36 0.07125 0.10222222222222223
0 0.804375 0.42333333333333334 0.08625 0.10888888888888888
1 0.711875 0.30333333333333334 0.05375 0.09111111111111111
0 0.559375 0.32 0.07375 0.08444444444444445
6 0.756875 0.29555555555555557 0.08875 0.10666666666666667
0 0.288125 0.31444444444444447 0.06125 0.07333333333333333
0 0.583125 0.43777777777777777 0.07875 0.10666666666666667
