1 0.555625 0.33111111111111113 0.05625 0.06666666666666667
2 0.74375 0.36333333333333334 0.0475 0.08666666666666667
2 0.5 0.2866666666666667 0.0475 0.07111111111111111
2 0.6875 0.2922222222222222 0.0375 0.06888888888888889
2 0.758125 0.42333333333333334 0.05875 0.1
1 0.378125 0.28555555555555556 0.03625 0.06444444444444444
2 0.498125 0.3388888888888889 0.04625 0.06888888888888889
2 0.485625 0.4311111111111111 0.05625 0.08888888888888889
2 0.239375 0.49444444444444446 0.07625 0.14
2 0.555625 0.28555555555555556 0.05125 0.07333333333333333
2 0.056875 0.5977777777777777 0.09375 0.16444444444444445
2 0.490625 0.35777777777777775 0.04875 0.09333333333333334
2 0.15125 0.6066666666666667 0.0975 0.16
2 0.275625 0.35888888888888887 0.04625 0.08666666666666667
2 0.559375 0.5077777777777778 0.06375 0.11333333333333333
2 0.828125 0.5111111111111111 0.06125 0.1111111111111111
2 0.33625 0.35333333333333333 0.055 0.09777777777777778
2 0.89625 0.5077777777777778 0.07 0.11777777777777777
2 0.548125 0.43555555555555553 0.05625 0.09777777777777778
1 0.875625 0.6188888888888889 0.08375 0.14444444444444443
2 0.33125 0.27444444444444444 0.035 0.06888888888888889
2 0.709375 0.32 0.04625 0.08
2 0.74 0.29333333333333333 0.04 0.06666666666666667
2 0.79875 0.35888888888888887 0.045 0.09555555555555556
2 0.2225 0.41333333333333333 0.055 0.10666666666666667
2 0.155 0.4988888888888889 0.0725 0.12666666666666668
2 0.83875 0.42777777777777776 0.07 0.08666666666666667
2 0.770625 0.3233333333333333 0.03875 0.08222222222222222
2 0.309375 0.31333333333333335 0.03875 0.08444444444444445
2 0.555625 0.3611111111111111 0.06125 0.08666666666666667
1 0.368125 0.31444444444444447 0.04375 0.08666666666666667
2 0.45375 0.49333333333333335 0.09 0.13777777777777778
2 0.960625 0.6155555555555555 0.07625 0.17777777777777778
2 0.295625 0.4166666666666667 0.07625 0.11777777777777777
2 0.560625 0.62 0.09375 0.16
1 0.7575 0.42333333333333334 0.0575 0.10444444444444445
