0 0.753125 0.37444444444444447 0.07125 0.08222222222222222
3 0.94 0.6188888888888889 0.1 0.18
0 0.560625 0.31555555555555553 0.07375 0.08444444444444445
0 0.14375 0.4222222222222222 0.0825 0.09777777777777778
6 0.740625 0.28444444444444444 0.12125 0.11555555555555555
0 0.135625 0.6155555555555555 0.10875 0.16444444444444445
0 0.9175 0.44666666666666666 0.075 0.08888888888888889
0 0.23375 0.4177777777777778 0.08 0.10666666666666667
3 0.84375 0.35888888888888887 0.0675 0.10888888888888888
0 0.094375 0.5066666666666667 0.08875 0.12
1 0.875625 0.5066666666666667 0.07125 0.13777777777777778
0 0.55 0.26555555555555554 0.0725 0.08666666666666667
0 0.48 0.4444444444444444 0.0975 0.1111111111111111
0 0.4775 0.28 0.0725 0.09777777777777778
