0 0.56 0.31555555555555553 0.075 0.08888888888888889
0 0.30875 0.2644444444444444 0.055 0.08
6 0.7525 0.28444444444444444 0.095 0.1111111111111111
0 0.470625 0.27555555555555555 0.05875 0.06666666666666667
3 0.84375 0.36 0.0675 0.1111111111111111
0 0.484375 0.4488888888888889 0.10375 0.09777777777777778
0 0.54875 0.26555555555555554 0.07 0.09111111111111111
6 0.52125 0.43 0.18 0.13555555555555557
0 0.48 0.35777777777777775 0.075 0.10222222222222223
0 0.91625 0.44555555555555554 0.0775 0.08666666666666667
0 0.755 0.37333333333333335 0.0775 0.07555555555555556
0 0.096875 0.5011111111111111 0.09125 0.12222222222222222
0 0.233125 0.42 0.07875 0.10222222222222223
1 0.87625 0.5066666666666667 0.0725 0.1288888888888889
0 0.143125 0.4211111111111111 0.08125 0.09555555555555556
7 0.25 0.3511111111111111 0.1375 0.25333333333333335
1 0.96625 0.5144444444444445 0.0625 0.11333333333333333
0 0.135625 0.61 0.10875 0.16666666666666666
1 0.9425 0.62 0.105 0.16444444444444445
