0 0.48375 0.26 0.065 0.10222222222222223
1 0.9 0.41333333333333333 0.0625 0.1111111111111111
0 0.48125 0.32 0.075 0.07111111111111111
0 0.234375 0.4177777777777778 0.08875 0.1111111111111111
0 0.238125 0.27111111111111114 0.05125 0.06222222222222222
0 0.470625 0.37444444444444447 0.08125 0.08666666666666667
0 0.095625 0.5144444444444445 0.08875 0.09555555555555556
0 0.139375 0.4177777777777778 0.07875 0.10666666666666667
0 0.54625 0.2644444444444444 0.06 0.08444444444444445
0 0.300625 0.26 0.05375 0.08
0 0.84125 0.3655555555555556 0.07 0.09111111111111111
0 0.59375 0.4588888888888889 0.1 0.09111111111111111
0 0.865 0.5144444444444445 0.095 0.12222222222222222
3 0.94375 0.6322222222222222 0.105 0.1622222222222222
0 0.285625 0.31333333333333335 0.06125 0.08
0 0.5575 0.37666666666666665 0.0875 0.08666666666666667
0 0.25 0.3488888888888889 0.07 0.09777777777777778
0 0.680625 0.25666666666666665 0.06625 0.11333333333333333
0 0.17125 0.5177777777777778 0.0775 0.08888888888888889
0 0.70875 0.30444444444444446 0.0625 0.08444444444444445
2 0.171875 0.34444444444444444 0.06625 0.12444444444444444
3 0.901875 0.41444444444444445 0.06375 0.11333333333333333
0 0.4825 0.44222222222222224 0.0975 0.1111111111111111
0 0.13625 0.6211111111111111 0.11 0.14
1 0.95375 0.5011111111111111 0.07 0.12222222222222222
0 0.560625 0.3055555555555556 0.06375 0.09111111111111111
