1 0.9675 0.5155555555555555 0.0575 0.13777777777777778
0 0.705 0.3055555555555556 0.05 0.08666666666666667
0 0.755625 0.3688888888888889 0.07875 0.08444444444444445
0 0.141875 0.6255555555555555 0.11375 0.13555555555555557
0 0.841875 0.37555555555555553 0.06875 0.07555555555555556
0 0.300625 0.26 0.05375 0.07555555555555556
0 0.47125 0.37333333333333335 0.0825 0.08
0 0.170625 0.5177777777777778 0.07875 0.08888888888888889
0 0.2325 0.4177777777777778 0.0925 0.1111111111111111
0 0.56125 0.31444444444444447 0.0725 0.08666666666666667
0 0.795 0.41444444444444445 0.0625 0.11333333333333333
3 0.573125 0.42444444444444446 0.08875 0.14222222222222222
3 0.9525 0.6288888888888889 0.09 0.1511111111111111
0 0.138125 0.4266666666666667 0.07875 0.08888888888888889
0 0.168125 0.3522222222222222 0.07125 0.10444444444444445
0 0.48 0.3233333333333333 0.07 0.07777777777777778
0 0.483125 0.44 0.09625 0.11555555555555555
6 0.749375 0.2788888888888889 0.08625 0.09111111111111111
0 0.286875 0.31222222222222223 0.06125 0.08222222222222222
0 0.68 0.2611111111111111 0.065 0.09555555555555556
0 0.483125 0.26222222222222225 0.05875 0.09333333333333334
0 0.235 0.27 0.06 0.07333333333333333
0 0.243125 0.35777777777777775 0.06875 0.08
0 0.548125 0.2677777777777778 0.06625 0.08222222222222222
7 0.895625 0.5444444444444444 0.18375 0.37777777777777777
0 0.09375 0.5033333333333333 0.0875 0.10444444444444445
