0 0.558125 0.31444444444444447 0.06875 0.08666666666666667
6 0.76125 0.29 0.095 0.09555555555555556
7 0.885625 0.5822222222222222 0.21875 0.31555555555555553
0 0.48375 0.43666666666666665 0.1 0.12222222222222222
0 0.095 0.5122222222222222 0.0875 0.1
0 0.710625 0.31666666666666665 0.06625 0.06888888888888889
0 0.29875 0.26 0.0575 0.07555555555555556
0 0.54875 0.26222222222222225 0.0625 0.08888888888888889
0 0.231875 0.4177777777777778 0.08875 0.10666666666666667
0 0.235 0.2733333333333333 0.06 0.06666666666666667
0 0.285 0.31 0.065 0.08222222222222222
1 0.966875 0.52 0.05625 0.10222222222222223
1 0.174375 0.3422222222222222 0.05625 0.11555555555555555
0 0.75375 0.3711111111111111 0.0725 0.08
0 0.845625 0.37444444444444447 0.06875 0.07333333333333333
0 0.14 0.6244444444444445 0.1075 0.14222222222222222
1 0.17625 0.4888888888888889 0.075 0.12444444444444444
1 0.558125 0.35777777777777775 0.08125 0.11555555555555555
0 0.589375 0.45666666666666667 0.09625 0.09111111111111111
0 0.21 0.3088888888888889 0.0475 0.08
1 0.1375 0.4111111111111111 0.0825 0.11555555555555555
0 0.24125 0.3611111111111111 0.07 0.08222222222222222
0 0.47 0.36777777777777776 0.08 0.1
2 0.48375 0.2611111111111111 0.0575 0.1
2 0.793125 0.42333333333333334 0.05875 0.1
0 0.679375 0.2633333333333333 0.06375 0.09555555555555556
