0 0.243125 0.36333333333333334 0.06875 0.07777777777777778
1 0.7575 0.35555555555555557 0.0675 0.10666666666666667
0 0.1725 0.5155555555555555 0.075 0.09333333333333334
0 0.71125 0.31777777777777777 0.0625 0.07111111111111111
1 0.17625 0.3433333333333333 0.0575 0.11333333333333333
1 0.47 0.31777777777777777 0.0725 0.08444444444444445
0 0.680625 0.25555555555555554 0.05625 0.10222222222222223
6 0.760625 0.2922222222222222 0.07625 0.1
0 0.1425 0.6233333333333333 0.1025 0.14
0 0.47125 0.3188888888888889 0.075 0.08666666666666667
0 0.285 0.31 0.0625 0.08222222222222222
1 0.48125 0.25555555555555554 0.0575 0.09777777777777778
0 0.59 0.4577777777777778 0.095 0.08888888888888889
1 0.559375 0.35444444444444445 0.07625 0.11333333333333333
0 0.483125 0.4388888888888889 0.09875 0.11333333333333333
0 0.555625 0.30444444444444446 0.06875 0.08888888888888889
0 0.233125 0.4177777777777778 0.08625 0.10666666666666667
0 0.235 0.27444444444444444 0.0625 0.06444444444444444
7 0.90125 0.6044444444444445 0.1975 0.36
0 0.20875 0.31 0.0525 0.07777777777777778
0 0.299375 0.2611111111111111 0.05625 0.07333333333333333
0 0.095 0.5122222222222222 0.0925 0.1
0 0.55 0.26555555555555554 0.0675 0.08666666666666667
0 0.47125 0.3688888888888889 0.0825 0.09333333333333334
2 0.784375 0.4288888888888889 0.06625 0.10222222222222223
0 0.13875 0.41888888888888887 0.085 0.10444444444444445
