1 0.679375 0.25555555555555554 0.05125 0.09777777777777778
1 0.300625 0.26222222222222225 0.05125 0.08
6 0.75875 0.2877777777777778 0.075 0.1
0 0.17125 0.5155555555555555 0.075 0.09333333333333334
6 0.908125 0.4888888888888889 0.15875 0.16444444444444445
2 0.251875 0.3466666666666667 0.07875 0.1111111111111111
0 0.943125 0.6322222222222222 0.10625 0.14
1 0.28625 0.30666666666666664 0.0575 0.08888888888888889
1 0.230625 0.2677777777777778 0.06125 0.07777777777777778
0 0.240625 0.41888888888888887 0.09125 0.1
1 0.175625 0.3433333333333333 0.06125 0.11333333333333333
2 0.79375 0.4122222222222222 0.0625 0.11777777777777777
1 0.70125 0.3111111111111111 0.055 0.08888888888888889
0 0.133125 0.4255555555555556 0.08375 0.09111111111111111
0 0.09625 0.5155555555555555 0.0875 0.12444444444444444
2 0.586875 0.4288888888888889 0.08875 0.13333333333333333
