1 0.22 0.30444444444444446 0.055 0.08444444444444445
6 0.82375 0.3888888888888889 0.1175 0.1688888888888889
0 0.551875 0.2588888888888889 0.06875 0.10444444444444445
6 0.254375 0.30666666666666664 0.12875 0.09333333333333334
0 0.156875 0.5 0.10625 0.11555555555555555
0 0.67875 0.2633333333333333 0.0625 0.09555555555555556
6 0.7575 0.2911111111111111 0.085 0.10222222222222223
1 0.560625 0.35 0.06625 0.09555555555555556
6 0.2025 0.36666666666666664 0.15 0.16
0 0.915625 0.44 0.07375 0.08
0 0.939375 0.6377777777777778 0.10875 0.14222222222222222
6 0.1525 0.5 0.12 0.12
1 0.240625 0.3522222222222222 0.07625 0.1
0 0.708125 0.3188888888888889 0.05625 0.06888888888888889
1 0.489375 0.4211111111111111 0.08125 0.13111111111111112
6 0.9075 0.5066666666666667 0.17 0.14222222222222222
1 0.241875 0.41333333333333333 0.08625 0.1111111111111111
1 0.558125 0.31333333333333335 0.06875 0.09333333333333334
1 0.224375 0.2588888888888889 0.06125 0.08222222222222222
0 0.470625 0.30333333333333334 0.07375 0.08666666666666667
0 0.135 0.6144444444444445 0.1075 0.15333333333333332
2 0.4725 0.3377777777777778 0.0775 0.13777777777777778
0 0.4725 0.2788888888888889 0.07 0.06444444444444444
