0 0.675625 0.2633333333333333 0.05875 0.09555555555555556
2 0.22 0.30666666666666664 0.05 0.08444444444444445
0 0.24375 0.42 0.075 0.10222222222222223
0 0.939375 0.6377777777777778 0.10875 0.14666666666666667
6 0.765625 0.3011111111111111 0.09125 0.11777777777777777
6 0.81875 0.39111111111111113 0.1325 0.1688888888888889
0 0.60625 0.43222222222222223 0.075 0.12222222222222222
6 0.9125 0.5144444444444445 0.1525 0.15777777777777777
0 0.2275 0.2688888888888889 0.065 0.07111111111111111
0 0.300625 0.26222222222222225 0.05125 0.07555555555555556
0 0.916875 0.4411111111111111 0.07375 0.08222222222222222
6 0.1625 0.49 0.1375 0.14444444444444443
0 0.1325 0.6155555555555555 0.11 0.1511111111111111
0 0.70625 0.3188888888888889 0.0525 0.06888888888888889
0 0.285625 0.30666666666666664 0.06375 0.08444444444444445
0 0.238125 0.36 0.08125 0.08888888888888889
6 0.1875 0.37777777777777777 0.11 0.1688888888888889
