2 0.73875 0.29444444444444445 0.04 0.06888888888888889
1 0.55625 0.2777777777777778 0.0525 0.08
1 0.378125 0.2877777777777778 0.03625 0.06444444444444444
2 0.7575 0.42777777777777776 0.0575 0.1
2 0.77 0.3233333333333333 0.0375 0.08222222222222222
1 0.55375 0.36 0.065 0.08888888888888889
1 0.5475 0.43333333333333335 0.06 0.09333333333333334
2 0.295625 0.4166666666666667 0.05625 0.10888888888888888
2 0.274375 0.35888888888888887 0.04375 0.08666666666666667
1 0.960625 0.6111111111111112 0.07375 0.16444444444444445
2 0.709375 0.32222222222222224 0.04375 0.08
2 0.49125 0.35888888888888887 0.05 0.08666666666666667
1 0.368125 0.31222222222222223 0.04375 0.08666666666666667
2 0.500625 0.28888888888888886 0.04625 0.07111111111111111
1 0.839375 0.44 0.08625 0.08444444444444445
2 0.818125 0.5111111111111111 0.08375 0.1111111111111111
2 0.24 0.49444444444444446 0.075 0.14
5 0.449375 0.57 0.08875 0.24222222222222223
2 0.151875 0.6055555555555555 0.10375 0.16666666666666666
2 0.796875 0.35777777777777775 0.04625 0.09333333333333334
2 0.875 0.6155555555555555 0.0825 0.16444444444444445
2 0.155625 0.4988888888888889 0.07125 0.12666666666666668
1 0.555 0.3322222222222222 0.0575 0.06888888888888889
2 0.223125 0.41333333333333333 0.05625 0.1111111111111111
2 0.74375 0.3622222222222222 0.05 0.08888888888888889
2 0.30875 0.3111111111111111 0.0375 0.08444444444444445
1 0.48125 0.42777777777777776 0.065 0.09555555555555556
2 0.685 0.2966666666666667 0.0375 0.06444444444444444
2 0.89625 0.5055555555555555 0.0725 0.12222222222222222
2 0.33 0.27444444444444444 0.035 0.06888888888888889
3 0.05875 0.6066666666666667 0.09 0.15555555555555556
2 0.334375 0.3522222222222222 0.05375 0.1
2 0.499375 0.33444444444444443 0.04625 0.05555555555555555
