6 0.20875 0.3655555555555556 0.1625 0.20222222222222222
0 0.204375 0.3088888888888889 0.05375 0.07111111111111111
6 0.52875 0.3888888888888889 0.1825 0.19111111111111112
6 0.76 0.28888888888888886 0.0875 0.1111111111111111
0 0.56 0.30777777777777776 0.0725 0.08666666666666667
0 0.174375 0.52 0.08125 0.09777777777777778
1 0.603125 0.43666666666666665 0.07875 0.11333333333333333
0 0.70875 0.31555555555555553 0.065 0.08444444444444445
7 0.234375 0.33111111111111113 0.20125 0.25333333333333335
1 0.77625 0.41 0.065 0.13111111111111112
1 0.954375 0.5044444444444445 0.08875 0.11555555555555555
2 0.47875 0.2577777777777778 0.0625 0.10222222222222223
3 0.949375 0.6133333333333333 0.09375 0.18222222222222223
1 0.0875 0.4855555555555556 0.0875 0.15333333333333332
0 0.224375 0.27111111111111114 0.06375 0.07111111111111111
0 0.868125 0.5177777777777778 0.08875 0.1111111111111111
0 0.55625 0.2688888888888889 0.075 0.08888888888888889
1 0.9175 0.42444444444444446 0.08 0.1111111111111111
1 0.844375 0.35777777777777775 0.07875 0.10222222222222223
0 0.134375 0.6166666666666667 0.11125 0.16666666666666666
0 0.675 0.2588888888888889 0.0525 0.1
