0 0.13 0.6222222222222222 0.115 0.16
6 0.53125 0.3888888888888889 0.19 0.19555555555555557
0 0.610625 0.43666666666666665 0.08875 0.12222222222222222
6 0.51375 0.2788888888888889 0.14 0.11777777777777777
1 0.680625 0.2544444444444444 0.05625 0.10888888888888888
6 0.17125 0.3711111111111111 0.0975 0.18666666666666668
0 0.234375 0.42333333333333334 0.08625 0.10444444444444445
0 0.90625 0.44 0.095 0.08
0 0.225 0.27111111111111114 0.0675 0.07555555555555556
1 0.548125 0.2588888888888889 0.06375 0.09555555555555556
0 0.73875 0.31222222222222223 0.075 0.08222222222222222
0 0.8625 0.52 0.115 0.12
0 0.20125 0.31 0.0625 0.07333333333333333
0 0.850625 0.37333333333333335 0.07125 0.08
1 0.80375 0.4122222222222222 0.0675 0.12666666666666668
0 0.100625 0.5055555555555555 0.09375 0.10444444444444445
1 0.94625 0.5066666666666667 0.0925 0.12
0 0.25 0.3522222222222222 0.085 0.10888888888888888
6 0.820625 0.40444444444444444 0.11125 0.14222222222222222
0 0.94375 0.63 0.1025 0.15777777777777777
6 0.755625 0.2966666666666667 0.10875 0.10888888888888888
1 0.94625 0.6311111111111111 0.0975 0.16444444444444445
