0 0.676875 0.2577777777777778 0.05875 0.10666666666666667
3 0.59625 0.42777777777777776 0.0775 0.12666666666666668
0 0.56 0.3088888888888889 0.0725 0.08888888888888889
1 0.299375 0.2611111111111111 0.06375 0.11333333333333333
6 0.748125 0.29 0.11375 0.11777777777777777
0 0.225625 0.26666666666666666 0.06375 0.07555555555555556
0 0.943125 0.66 0.10375 0.11555555555555555
0 0.13 0.6277777777777778 0.1175 0.14888888888888888
0 0.253125 0.35333333333333333 0.07875 0.10666666666666667
0 0.864375 0.5233333333333333 0.11375 0.11777777777777777
6 0.520625 0.39111111111111113 0.15625 0.18666666666666668
0 0.915625 0.4388888888888889 0.09125 0.08666666666666667
1 0.959375 0.5077777777777778 0.06375 0.11777777777777777
0 0.100625 0.5055555555555555 0.08875 0.10444444444444445
0 0.5525 0.26222222222222225 0.065 0.09777777777777778
6 0.830625 0.4022222222222222 0.12125 0.16
7 0.445 0.35444444444444445 0.1875 0.25555555555555554
0 0.209375 0.29777777777777775 0.05375 0.08888888888888889
0 0.229375 0.42777777777777776 0.10125 0.10444444444444445
