0 0.251875 0.3622222222222222 0.08125 0.08444444444444445
0 0.205625 0.3022222222222222 0.05375 0.08444444444444445
3 0.67875 0.2588888888888889 0.0575 0.10444444444444445
0 0.225625 0.2633333333333333 0.06625 0.07777777777777778
0 0.551875 0.2611111111111111 0.06375 0.09555555555555556
0 0.9425 0.6588888888888889 0.1075 0.12222222222222222
6 0.52875 0.39555555555555555 0.165 0.18222222222222223
0 0.86625 0.5277777777777778 0.105 0.10444444444444445
6 0.745625 0.2877777777777778 0.12375 0.11333333333333333
0 0.905 0.4311111111111111 0.085 0.09777777777777778
2 0.19125 0.49666666666666665 0.065 0.11777777777777777
1 0.75125 0.35333333333333333 0.065 0.09777777777777778
0 0.130625 0.6288888888888889 0.11375 0.16
0 0.238125 0.4166666666666667 0.08875 0.11333333333333333
0 0.481875 0.27666666666666667 0.06875 0.09111111111111111
0 0.560625 0.31444444444444447 0.07625 0.07777777777777778
1 0.288125 0.3 0.05625 0.09333333333333334
0 0.59125 0.44333333333333336 0.09 0.11333333333333333
0 0.10125 0.5066666666666667 0.085 0.10222222222222223
1 0.29875 0.24888888888888888 0.055 0.09777777777777778
6 0.823125 0.39666666666666667 0.12375 0.1622222222222222
1 0.953125 0.4988888888888889 0.08125 0.13111111111111112
