6 0.705625 0.26222222222222225 0.12375 0.12444444444444444
1 0.553125 0.25666666666666665 0.06125 0.12222222222222222
7 0.81125 0.4111111111111111 0.2075 0.25333333333333335
0 0.91 0.4477777777777778 0.095 0.08666666666666667
6 0.5125 0.40444444444444444 0.1475 0.1688888888888889
6 0.903125 0.5177777777777778 0.16625 0.11555555555555555
6 0.124375 0.5455555555555556 0.20875 0.2822222222222222
6 0.195625 0.37555555555555553 0.17875 0.17777777777777778
6 0.25125 0.29 0.14 0.11777777777777777
1 0.296875 0.26 0.06875 0.09333333333333334
