6 0.5125 0.27555555555555555 0.1425 0.1511111111111111
1 0.95125 0.5033333333333333 0.07 0.11777777777777777
6 0.535 0.4166666666666667 0.185 0.18444444444444444
0 0.70375 0.32 0.055 0.06222222222222222
0 0.20125 0.31222222222222223 0.0575 0.06888888888888889
1 0.91875 0.42333333333333334 0.0775 0.11333333333333333
6 0.2025 0.37444444444444447 0.1675 0.18
6 0.735 0.2822222222222222 0.125 0.12
0 0.675625 0.26666666666666666 0.07125 0.08888888888888889
1 0.278125 0.30444444444444446 0.07375 0.08444444444444445
0 0.94625 0.6488888888888888 0.1025 0.12444444444444444
0 0.59 0.41888888888888887 0.1 0.14
1 0.2975 0.2588888888888889 0.0725 0.09111111111111111
6 0.134375 0.5577777777777778 0.25875 0.26222222222222225
1 0.8775 0.5066666666666667 0.085 0.14222222222222222
