0 0.88375 0.5122222222222222 0.0975 0.12666666666666668
3 0.84875 0.37 0.0575 0.09111111111111111
0 0.4825 0.4388888888888889 0.0925 0.13111111111111112
6 0.26 0.2788888888888889 0.1375 0.11333333333333333
6 0.2025 0.37555555555555553 0.155 0.17777777777777778
0 0.563125 0.37777777777777777 0.09125 0.09333333333333334
1 0.951875 0.5033333333333333 0.07375 0.11777777777777777
0 0.481875 0.3844444444444444 0.08375 0.07555555555555556
2 0.84875 0.3688888888888889 0.0575 0.09333333333333334
2 0.93875 0.6177777777777778 0.09 0.1688888888888889
0 0.20375 0.31333333333333335 0.0575 0.07111111111111111
1 0.29875 0.2577777777777778 0.0675 0.09333333333333334
3 0.906875 0.42 0.08375 0.1111111111111111
0 0.6725 0.26666666666666666 0.0625 0.08888888888888889
1 0.0825 0.4855555555555556 0.0775 0.15777777777777777
6 0.5175 0.2833333333333333 0.1425 0.13555555555555557
