6 0.76125 0.2866666666666667 0.0925 0.1111111111111111
1 0.298125 0.25666666666666665 0.06375 0.09555555555555556
1 0.9525 0.5033333333333333 0.075 0.12222222222222222
3 0.4825 0.29888888888888887 0.0775 0.10888888888888888
1 0.943125 0.6177777777777778 0.09375 0.1688888888888889
1 0.191875 0.48333333333333334 0.06875 0.13555555555555557
1 0.8475 0.37666666666666665 0.055 0.08222222222222222
3 0.909375 0.4177777777777778 0.07375 0.11555555555555555
6 0.2 0.38333333333333336 0.15 0.1622222222222222
0 0.6725 0.2688888888888889 0.065 0.08
1 0.7975 0.4166666666666667 0.06 0.10888888888888888
0 0.4825 0.29555555555555557 0.075 0.10666666666666667
0 0.205 0.3088888888888889 0.0575 0.08
1 0.0875 0.4888888888888889 0.0825 0.13333333333333333
0 0.87875 0.5077777777777778 0.085 0.14
0 0.705625 0.31666666666666665 0.06125 0.08222222222222222
