1 0.55 0.26 0.06 0.09777777777777778
6 0.759375 0.2866666666666667 0.07875 0.12
1 0.11375 0.5044444444444445 0.0825 0.11555555555555555
6 0.836875 0.3977777777777778 0.13625 0.16
4 0.679375 0.23666666666666666 0.05625 0.14888888888888888
1 0.944375 0.6277777777777778 0.09625 0.15777777777777777
6 0.909375 0.5122222222222222 0.16125 0.15777777777777777
1 0.299375 0.25666666666666665 0.06375 0.09555555555555556
6 0.2125 0.3788888888888889 0.1325 0.17555555555555555
1 0.56 0.35555555555555557 0.0825 0.11555555555555555
3 0.70625 0.31444444444444447 0.0575 0.08666666666666667
1 0.794375 0.4222222222222222 0.06625 0.12444444444444444
