4 0.679375 0.23444444444444446 0.05375 0.14444444444444443
1 0.08625 0.49444444444444446 0.0875 0.14888888888888888
6 0.215 0.37777777777777777 0.15 0.17333333333333334
6 0.83125 0.3988888888888889 0.1525 0.1622222222222222
1 0.299375 0.25666666666666665 0.06375 0.09555555555555556
0 0.135 0.6088888888888889 0.12 0.16
3 0.7075 0.31333333333333335 0.0525 0.08888888888888889
0 0.559375 0.35888888888888887 0.07375 0.11777777777777777
0 0.864375 0.5211111111111111 0.09875 0.11333333333333333
1 0.7925 0.4211111111111111 0.0625 0.12222222222222222
6 0.254375 0.2788888888888889 0.14875 0.12222222222222222
1 0.949375 0.5055555555555555 0.08625 0.12666666666666668
1 0.945625 0.6288888888888889 0.09625 0.1511111111111111
6 0.756875 0.28555555555555556 0.09375 0.11777777777777777
