0 0.615 0.43777777777777777 0.085 0.12
0 0.945 0.6577777777777778 0.1025 0.12444444444444444
6 0.50125 0.2966666666666667 0.14 0.12666666666666668
1 0.5575 0.3022222222222222 0.06 0.09777777777777778
6 0.2 0.38555555555555554 0.1525 0.1711111111111111
0 0.09375 0.5 0.095 0.1111111111111111
1 0.963125 0.5233333333333333 0.06875 0.1
3 0.125625 0.41888888888888887 0.07375 0.09111111111111111
1 0.22875 0.41 0.07 0.11333333333333333
3 0.861875 0.5177777777777778 0.10125 0.12444444444444444
0 0.125625 0.64 0.10375 0.10222222222222223
0 0.181875 0.5044444444444445 0.08125 0.11555555555555555
6 0.81875 0.3888888888888889 0.1625 0.1688888888888889
3 0.47375 0.3 0.08 0.1111111111111111
0 0.563125 0.3788888888888889 0.08875 0.07777777777777778
6 0.50875 0.40555555555555556 0.1375 0.16666666666666666
6 0.263125 0.2822222222222222 0.13125 0.13333333333333333
0 0.124375 0.4211111111111111 0.07875 0.08222222222222222
6 0.76375 0.2911111111111111 0.085 0.10666666666666667
