0 0.56 0.36666666666666664 0.0775 0.09777777777777778
2 0.67125 0.2644444444444444 0.0625 0.10222222222222223
0 0.463125 0.31444444444444447 0.06875 0.08666666666666667
6 0.218125 0.3811111111111111 0.14375 0.1711111111111111
0 0.4775 0.26666666666666666 0.065 0.08
0 0.133125 0.43222222222222223 0.07625 0.08666666666666667
7 0.874375 0.5188888888888888 0.23125 0.38
0 0.611875 0.4255555555555556 0.09625 0.12666666666666668
6 0.25875 0.28444444444444444 0.1325 0.11555555555555555
6 0.11625 0.5677777777777778 0.2025 0.2288888888888889
1 0.748125 0.3522222222222222 0.06125 0.10444444444444445
6 0.755 0.2877777777777778 0.1 0.11333333333333333
0 0.30125 0.26666666666666666 0.0675 0.08
0 0.549375 0.26 0.07125 0.10222222222222223
2 0.17375 0.3477777777777778 0.05 0.10444444444444445
3 0.19125 0.5066666666666667 0.07 0.1111111111111111
1 0.7025 0.3088888888888889 0.055 0.09333333333333334
6 0.510625 0.4033333333333333 0.14375 0.16666666666666666
