6 0.21625 0.37666666666666665 0.165 0.1711111111111111
6 0.26625 0.2833333333333333 0.14 0.12666666666666668
6 0.51375 0.28444444444444444 0.145 0.13333333333333333
0 0.224375 0.42444444444444446 0.07875 0.09777777777777778
0 0.4675 0.3522222222222222 0.07 0.09555555555555556
0 0.465 0.3188888888888889 0.0675 0.07777777777777778
1 0.466875 0.35888888888888887 0.06625 0.1
0 0.09875 0.48777777777777775 0.085 0.13111111111111112
6 0.104375 0.5577777777777778 0.20875 0.24888888888888888
4 0.864375 0.40444444444444444 0.08125 0.13333333333333333
6 0.52125 0.4211111111111111 0.1675 0.1622222222222222
