0 0.13 0.4311111111111111 0.0675 0.08
6 0.905 0.5633333333333334 0.18 0.25555555555555554
6 0.10375 0.5644444444444444 0.2075 0.25333333333333335
0 0.4625 0.31555555555555553 0.07 0.08444444444444445
0 0.5525 0.2633333333333333 0.0725 0.09111111111111111
0 0.0975 0.5 0.075 0.1111111111111111
1 0.676875 0.25555555555555554 0.04875 0.09777777777777778
0 0.475625 0.2788888888888889 0.06125 0.06888888888888889
2 0.214375 0.29888888888888887 0.05125 0.09111111111111111
3 0.26125 0.3411111111111111 0.0775 0.12666666666666668
6 0.52375 0.39666666666666667 0.1875 0.20222222222222222
1 0.30375 0.26 0.055 0.08888888888888889
6 0.820625 0.39111111111111113 0.15125 0.16444444444444445
2 0.236875 0.2688888888888889 0.04125 0.08
6 0.75125 0.2833333333333333 0.1 0.12222222222222222
