0 0.55125 0.2611111111111111 0.07 0.09555555555555556
6 0.900625 0.5622222222222222 0.18625 0.23555555555555555
6 0.828125 0.39666666666666667 0.14875 0.1622222222222222
6 0.744375 0.2866666666666667 0.10875 0.11555555555555555
6 0.524375 0.3977777777777778 0.18375 0.2
7 0.2025 0.41444444444444445 0.205 0.29555555555555557
1 0.67875 0.25666666666666665 0.0525 0.09555555555555556
6 0.50125 0.3 0.1525 0.1111111111111111
0 0.111875 0.4988888888888889 0.09875 0.11777777777777777
6 0.105 0.5711111111111111 0.21 0.2222222222222222
1 0.304375 0.25666666666666665 0.05625 0.09111111111111111
0 0.128125 0.43777777777777777 0.08125 0.08444444444444445
