6 0.524375 0.4011111111111111 0.17875 0.18
6 0.74 0.2833333333333333 0.125 0.11777777777777777
6 0.104375 0.58 0.19625 0.2088888888888889
1 0.785 0.29777777777777775 0.0425 0.09333333333333334
6 0.21 0.37555555555555553 0.175 0.18222222222222223
0 0.115 0.49333333333333335 0.115 0.12
6 0.909375 0.5133333333333333 0.16375 0.16444444444444445
3 0.874375 0.5033333333333333 0.08375 0.15777777777777777
6 0.829375 0.39555555555555555 0.12625 0.14666666666666667
0 0.466875 0.3055555555555556 0.07875 0.09111111111111111
0 0.22875 0.4266666666666667 0.0875 0.09777777777777778
0 0.55125 0.26222222222222225 0.0725 0.09777777777777778
6 0.26875 0.28888888888888886 0.125 0.12
1 0.7475 0.2722222222222222 0.06 0.09555555555555556
