1 0.95875 0.5133333333333333 0.0675 0.13333333333333333
2 0.209375 0.29444444444444445 0.04125 0.09111111111111111
6 0.2125 0.3711111111111111 0.1675 0.17333333333333334
2 0.58125 0.4311111111111111 0.0675 0.12444444444444444
6 0.83375 0.3877777777777778 0.14 0.18
6 0.11125 0.5688888888888889 0.1975 0.2577777777777778
0 0.11875 0.49777777777777776 0.1 0.12
6 0.4775 0.30444444444444446 0.1 0.09777777777777778
0 0.551875 0.26555555555555554 0.07625 0.09111111111111111
3 0.258125 0.35 0.08375 0.10444444444444445
0 0.233125 0.43 0.08625 0.1
1 0.675 0.2633333333333333 0.05 0.09555555555555556
6 0.758125 0.2877777777777778 0.07625 0.09555555555555556
6 0.519375 0.39555555555555555 0.16125 0.2
6 0.270625 0.28444444444444444 0.12375 0.12
