3 0.88 0.51 0.08 0.13111111111111112
2 0.260625 0.35333333333333333 0.07125 0.10222222222222223
0 0.943125 0.6522222222222223 0.10625 0.13555555555555557
6 0.79625 0.35888888888888887 0.12 0.11333333333333333
1 0.294375 0.31222222222222223 0.05125 0.08666666666666667
6 0.819375 0.3977777777777778 0.15125 0.14222222222222222
1 0.304375 0.26222222222222225 0.05875 0.08
0 0.703125 0.30666666666666664 0.06375 0.08444444444444445
0 0.23375 0.27111111111111114 0.0575 0.06666666666666667
7 0.620625 0.37222222222222223 0.15625 0.24222222222222223
6 0.149375 0.48333333333333334 0.13625 0.14
0 0.6825 0.26555555555555554 0.07 0.08666666666666667
0 0.765 0.36333333333333334 0.0675 0.09111111111111111
1 0.5475 0.2544444444444444 0.0675 0.10888888888888888
1 0.149375 0.41333333333333333 0.07625 0.11555555555555555
6 0.915625 0.5077777777777778 0.14125 0.14444444444444443
1 0.948125 0.51 0.08125 0.11777777777777777
2 0.17875 0.34 0.0575 0.1111111111111111
6 0.76375 0.2911111111111111 0.07 0.09777777777777778
6 0.0975 0.6144444444444445 0.1925 0.20666666666666667
6 0.548125 0.4122222222222222 0.15625 0.1622222222222222
