2 0.540625 0.25333333333333335 0.04875 0.11555555555555555
6 0.91375 0.5077777777777778 0.1475 0.14
6 0.16375 0.4855555555555556 0.1375 0.14
6 0.533125 0.4088888888888889 0.18125 0.16444444444444445
2 0.1775 0.34 0.0525 0.1111111111111111
1 0.703125 0.30444444444444446 0.06125 0.08888888888888889
2 0.131875 0.6188888888888889 0.10875 0.1711111111111111
3 0.89 0.5088888888888888 0.085 0.1511111111111111
2 0.25625 0.35555555555555557 0.085 0.1111111111111111
2 0.21125 0.3 0.05 0.08888888888888889
6 0.760625 0.28888888888888886 0.07625 0.10666666666666667
6 0.515625 0.29444444444444445 0.13875 0.12222222222222222
0 0.94125 0.65 0.11 0.14
1 0.305625 0.26 0.05875 0.08444444444444445
6 0.809375 0.39 0.16625 0.17555555555555555
1 0.03125 0.59 0.0625 0.1622222222222222
2 0.294375 0.31333333333333335 0.05375 0.08888888888888889
1 0.293125 0.3111111111111111 0.05375 0.09333333333333334
1 0.23 0.2633333333333333 0.06 0.07777777777777778
0 0.14375 0.41444444444444445 0.075 0.1
1 0.145 0.41555555555555557 0.0775 0.10666666666666667
