0 0.945625 0.6533333333333333 0.10625 0.14222222222222222
3 0.2375 0.41333333333333333 0.0775 0.12444444444444444
1 0.945625 0.5133333333333333 0.07875 0.1111111111111111
2 0.286875 0.3055555555555556 0.04875 0.08222222222222222
2 0.144375 0.4033333333333333 0.07375 0.12222222222222222
2 0.196875 0.49777777777777776 0.07875 0.13333333333333333
4 0.2425 0.2677777777777778 0.055 0.14444444444444443
2 0.673125 0.2611111111111111 0.05125 0.09111111111111111
1 0.13875 0.6233333333333333 0.12 0.16666666666666666
2 0.258125 0.35333333333333333 0.06875 0.10222222222222223
2 0.559375 0.30333333333333334 0.06125 0.1
2 0.74125 0.2677777777777778 0.05 0.09111111111111111
2 0.695625 0.32666666666666666 0.06875 0.06666666666666667
2 0.80125 0.4166666666666667 0.0675 0.13111111111111112
2 0.1625 0.34555555555555556 0.055 0.10888888888888888
2 0.588125 0.43 0.10625 0.14444444444444443
2 0.553125 0.25222222222222224 0.04875 0.1
1 0.844375 0.37222222222222223 0.05875 0.08222222222222222
2 0.7625 0.35555555555555557 0.0475 0.09777777777777778
2 0.5575 0.3622222222222222 0.06 0.12
5 0.49 0.3888888888888889 0.0825 0.2
2 0.798125 0.30444444444444446 0.05125 0.09333333333333334
1 0.31 0.2577777777777778 0.05 0.08444444444444445
2 0.861875 0.5033333333333333 0.07875 0.14444444444444443
2 0.0375 0.5866666666666667 0.07 0.16
3 0.1125 0.4955555555555556 0.075 0.13777777777777778
