3 0.85625 0.5055555555555555 0.085 0.13555555555555557
2 0.146875 0.41 0.06125 0.12666666666666668
3 0.195 0.4888888888888889 0.075 0.13333333333333333
2 0.29 0.30666666666666664 0.0475 0.09333333333333334
2 0.896875 0.41888888888888887 0.06375 0.12222222222222222
2 0.955625 0.51 0.07625 0.13555555555555557
4 0.483125 0.31444444444444447 0.07125 0.19777777777777777
1 0.805 0.4122222222222222 0.07 0.12666666666666668
2 0.6775 0.2633333333333333 0.05 0.1
2 0.313125 0.25555555555555554 0.04625 0.08888888888888889
1 0.48625 0.43333333333333335 0.09 0.13777777777777778
3 0.945 0.6511111111111111 0.1025 0.14222222222222222
2 0.264375 0.35333333333333333 0.07375 0.10666666666666667
3 0.7 0.30777777777777776 0.045 0.09111111111111111
2 0.759375 0.35333333333333333 0.04875 0.10222222222222223
2 0.236875 0.26666666666666666 0.05125 0.08
1 0.559375 0.3466666666666667 0.06125 0.10222222222222223
1 0.033125 0.6055555555555555 0.06125 0.12222222222222222
2 0.55 0.2577777777777778 0.05 0.09777777777777778
2 0.20875 0.3011111111111111 0.0475 0.09111111111111111
1 0.835 0.35777777777777775 0.065 0.10222222222222223
1 0.1325 0.6233333333333333 0.09 0.11333333333333333
1 0.560625 0.31 0.06125 0.08666666666666667
3 0.123125 0.49 0.07375 0.13111111111111112
1 0.789375 0.3088888888888889 0.04625 0.09777777777777778
1 0.58875 0.4288888888888889 0.105 0.14666666666666667
2 0.164375 0.35 0.05125 0.09555555555555556
