1 0.7925 0.30444444444444446 0.0475 0.08444444444444445
1 0.798125 0.41444444444444445 0.07875 0.12222222222222222
0 0.674375 0.26666666666666666 0.05875 0.08888888888888889
2 0.475625 0.3111111111111111 0.07375 0.08888888888888889
1 0.283125 0.31222222222222223 0.06375 0.08666666666666667
2 0.559375 0.30444444444444446 0.06125 0.09777777777777778
5 0.120625 0.38555555555555554 0.08625 0.18444444444444444
0 0.699375 0.31333333333333335 0.06375 0.08888888888888889
2 0.484375 0.2611111111111111 0.05125 0.09111111111111111
2 0.486875 0.43444444444444447 0.08875 0.14888888888888888
1 0.09375 0.4444444444444444 0.085 0.17777777777777778
2 0.23875 0.2644444444444444 0.05 0.08
3 0.94375 0.65 0.1075 0.13555555555555557
2 0.210625 0.3055555555555556 0.04625 0.08666666666666667
1 0.870625 0.5055555555555555 0.07875 0.13111111111111112
2 0.225625 0.40444444444444444 0.07125 0.12
1 0.560625 0.36333333333333334 0.07625 0.1
2 0.263125 0.35333333333333333 0.06375 0.10666666666666667
2 0.5875 0.43444444444444447 0.1025 0.14
0 0.836875 0.36444444444444446 0.06875 0.09333333333333334
1 0.304375 0.25222222222222224 0.05625 0.09555555555555556
4 0.756875 0.33 0.06125 0.14888888888888888
2 0.548125 0.2544444444444444 0.04625 0.09555555555555556
2 0.47125 0.3622222222222222 0.06 0.10222222222222223
1 0.19875 0.4955555555555556 0.0725 0.1288888888888889
2 0.953125 0.5022222222222222 0.07125 0.12444444444444444
