1 0.301875 0.25666666666666665 0.05875 0.09111111111111111
3 0.958125 0.51 0.06875 0.11333333333333333
1 0.28625 0.31333333333333335 0.0625 0.09333333333333334
2 0.5575 0.30777777777777776 0.065 0.09555555555555556
2 0.2375 0.26555555555555554 0.05 0.07777777777777778
2 0.173125 0.3411111111111111 0.05125 0.11777777777777777
0 0.67375 0.2611111111111111 0.0575 0.10444444444444445
0 0.699375 0.31333333333333335 0.06375 0.08444444444444445
0 0.836875 0.3655555555555556 0.06625 0.09111111111111111
5 0.126875 0.38666666666666666 0.07875 0.17777777777777778
0 0.561875 0.37222222222222223 0.07625 0.08666666666666667
5 0.09625 0.4633333333333333 0.0825 0.19777777777777777
2 0.55 0.25555555555555554 0.0525 0.09777777777777778
2 0.23125 0.4066666666666667 0.0625 0.1288888888888889
4 0.74875 0.3233333333333333 0.065 0.1622222222222222
1 0.201875 0.49444444444444446 0.07375 0.14
3 0.868125 0.5111111111111111 0.08875 0.14222222222222222
2 0.58375 0.43333333333333335 0.1 0.14222222222222222
2 0.260625 0.3522222222222222 0.06125 0.10888888888888888
1 0.49 0.4388888888888889 0.0875 0.15333333333333332
1 0.47625 0.2633333333333333 0.05 0.08666666666666667
1 0.793125 0.31 0.04875 0.08666666666666667
2 0.798125 0.4177777777777778 0.07625 0.1288888888888889
1 0.473125 0.31444444444444447 0.07625 0.09111111111111111
2 0.206875 0.3111111111111111 0.04375 0.08444444444444445
3 0.94375 0.6488888888888888 0.11 0.14222222222222222
1 0.473125 0.37 0.06875 0.08666666666666667
