2 0.2575 0.3511111111111111 0.075 0.10666666666666667
1 0.20125 0.4922222222222222 0.0725 0.14
5 0.75625 0.30777777777777776 0.0625 0.23333333333333334
0 0.8 0.4222222222222222 0.08 0.12
2 0.23625 0.2644444444444444 0.05 0.07555555555555556
2 0.548125 0.25666666666666665 0.04875 0.09555555555555556
4 0.891875 0.38222222222222224 0.09375 0.19555555555555557
5 0.13125 0.38666666666666666 0.0725 0.18222222222222223
2 0.233125 0.4077777777777778 0.06875 0.12666666666666668
3 0.865 0.5055555555555555 0.08 0.14888888888888888
0 0.70125 0.3111111111111111 0.065 0.08888888888888889
2 0.583125 0.43333333333333335 0.10125 0.13333333333333333
0 0.831875 0.36333333333333334 0.06875 0.09111111111111111
2 0.55375 0.3055555555555556 0.0625 0.1
3 0.944375 0.6555555555555556 0.10125 0.13777777777777778
5 0.478125 0.39 0.06875 0.22
1 0.301875 0.25555555555555554 0.05625 0.09333333333333334
2 0.20875 0.30666666666666664 0.0475 0.08888888888888889
2 0.1725 0.34 0.05 0.11555555555555555
1 0.2875 0.31333333333333335 0.055 0.08888888888888889
5 0.098125 0.45111111111111113 0.08375 0.18222222222222223
0 0.561875 0.3688888888888889 0.07875 0.08888888888888889
3 0.956875 0.5122222222222222 0.07125 0.11333333333333333
