2 0.554375 0.2866666666666667 0.05375 0.07111111111111111
2 0.7425 0.36444444444444446 0.05 0.08888888888888889
1 0.55375 0.36333333333333334 0.065 0.08666666666666667
2 0.309375 0.3111111111111111 0.03625 0.08
2 0.770625 0.3244444444444444 0.04125 0.08444444444444445
1 0.553125 0.32222222222222224 0.05875 0.07555555555555556
2 0.684375 0.2966666666666667 0.03875 0.06888888888888889
2 0.225625 0.4122222222222222 0.05625 0.10888888888888888
1 0.960625 0.61 0.07625 0.1622222222222222
2 0.33125 0.2733333333333333 0.035 0.07111111111111111
2 0.838125 0.43 0.06875 0.08222222222222222
2 0.49875 0.3322222222222222 0.045 0.06
2 0.816875 0.5088888888888888 0.08625 0.11555555555555555
2 0.05625 0.6122222222222222 0.0875 0.14888888888888888
2 0.709375 0.32222222222222224 0.04375 0.08
2 0.14625 0.6144444444444445 0.0975 0.14444444444444443
2 0.45375 0.4955555555555556 0.0925 0.14222222222222222
1 0.378125 0.2866666666666667 0.03375 0.06222222222222222
2 0.440625 0.6077777777777778 0.09375 0.18
2 0.7975 0.35888888888888887 0.0475 0.09555555555555556
2 0.874375 0.6188888888888889 0.08125 0.1622222222222222
2 0.24 0.49333333333333335 0.0775 0.14222222222222222
2 0.484375 0.4288888888888889 0.05625 0.09333333333333334
2 0.299375 0.4122222222222222 0.06125 0.11777777777777777
1 0.90125 0.5044444444444445 0.0675 0.1288888888888889
2 0.490625 0.35888888888888887 0.04875 0.09111111111111111
2 0.546875 0.4311111111111111 0.05875 0.09333333333333334
2 0.74 0.2911111111111111 0.0375 0.06666666666666667
2 0.753125 0.43222222222222223 0.05875 0.1
2 0.27375 0.35777777777777775 0.0425 0.08444444444444445
2 0.3675 0.31333333333333335 0.04 0.08444444444444445
2 0.335 0.35333333333333333 0.05 0.09777777777777778
2 0.49875 0.2911111111111111 0.0475 0.07111111111111111
2 0.1575 0.49777777777777776 0.07 0.12444444444444444
