0 0.800625 0.42333333333333334 0.08625 0.12666666666666668
2 0.23 0.4088888888888889 0.06 0.12444444444444444
1 0.2875 0.30777777777777776 0.0575 0.09555555555555556
2 0.1725 0.3411111111111111 0.05 0.11777777777777777
1 0.308125 0.25333333333333335 0.04875 0.09333333333333334
5 0.478125 0.38 0.07125 0.24
1 0.2075 0.31 0.0475 0.08222222222222222
1 0.0925 0.49666666666666665 0.0925 0.14444444444444443
1 0.87875 0.5066666666666667 0.0975 0.13777777777777778
2 0.546875 0.2577777777777778 0.05125 0.09333333333333334
4 0.885625 0.38555555555555554 0.08375 0.18888888888888888
1 0.560625 0.3688888888888889 0.07125 0.09333333333333334
0 0.700625 0.31222222222222223 0.06625 0.09111111111111111
3 0.944375 0.6577777777777778 0.10125 0.13777777777777778
5 0.125 0.38 0.0825 0.17777777777777778
2 0.260625 0.35333333333333333 0.06375 0.10222222222222223
4 0.825625 0.3522222222222222 0.07375 0.11777777777777777
0 0.200625 0.5111111111111111 0.07375 0.1111111111111111
2 0.95875 0.5155555555555555 0.0725 0.1111111111111111
1 0.5575 0.30777777777777776 0.0625 0.1
5 0.75625 0.30666666666666664 0.0675 0.26666666666666666
1 0.231875 0.26555555555555554 0.05625 0.07777777777777778
1 0.034375 0.5866666666666667 0.06875 0.1688888888888889
0 0.674375 0.2633333333333333 0.05625 0.09555555555555556
2 0.580625 0.41555555555555557 0.08625 0.16
