2 0.545 0.2544444444444444 0.04 0.10444444444444445
2 0.4725 0.35888888888888887 0.0475 0.10888888888888888
2 0.584375 0.43333333333333335 0.08625 0.1511111111111111
2 0.24 0.26222222222222225 0.055 0.08444444444444445
2 0.749375 0.2688888888888889 0.05375 0.08
2 0.800625 0.42444444444444446 0.06125 0.13333333333333333
1 0.131875 0.6177777777777778 0.10125 0.14666666666666667
2 0.258125 0.3511111111111111 0.08625 0.10222222222222223
2 0.039375 0.5922222222222222 0.07875 0.18
2 0.214375 0.3011111111111111 0.05625 0.09555555555555556
2 0.2925 0.31666666666666665 0.05 0.09555555555555556
2 0.845625 0.3611111111111111 0.07125 0.1
2 0.758125 0.35777777777777775 0.05125 0.10666666666666667
2 0.315 0.26 0.07 0.09333333333333334
2 0.17 0.35 0.0525 0.11333333333333333
2 0.135625 0.41333333333333333 0.07875 0.1111111111111111
2 0.230625 0.41888888888888887 0.06125 0.10444444444444445
2 0.906875 0.4222222222222222 0.07125 0.13333333333333333
2 0.558125 0.3011111111111111 0.06125 0.10444444444444445
2 0.866875 0.52 0.08125 0.14222222222222222
1 0.946875 0.6433333333333333 0.10375 0.1622222222222222
2 0.48875 0.43222222222222223 0.0925 0.14888888888888888
2 0.7025 0.31555555555555553 0.0675 0.08444444444444445
2 0.675625 0.2611111111111111 0.05625 0.09555555555555556
3 0.9475 0.5111111111111111 0.075 0.12444444444444444
2 0.56125 0.36666666666666664 0.07 0.1288888888888889
2 0.788125 0.3011111111111111 0.05875 0.1
2 0.07375 0.49777777777777776 0.0775 0.13777777777777778
2 0.47875 0.26666666666666666 0.065 0.08888888888888889
2 0.2 0.5022222222222222 0.065 0.12444444444444444
2 0.48375 0.31333333333333335 0.0575 0.08444444444444445
