2 0.0375 0.5922222222222222 0.075 0.18
2 0.946875 0.6433333333333333 0.10125 0.16666666666666666
2 0.19625 0.49777777777777776 0.065 0.1288888888888889
2 0.58375 0.42777777777777776 0.0875 0.14444444444444443
2 0.756875 0.35444444444444445 0.05125 0.11333333333333333
2 0.22875 0.4177777777777778 0.0575 0.10222222222222223
2 0.56125 0.35888888888888887 0.0725 0.12222222222222222
2 0.48 0.26666666666666666 0.065 0.08444444444444445
2 0.749375 0.27111111111111114 0.05125 0.08888888888888889
2 0.549375 0.2511111111111111 0.04625 0.10222222222222223
2 0.165 0.34444444444444444 0.0575 0.1111111111111111
2 0.789375 0.29888888888888887 0.05375 0.1
2 0.240625 0.2577777777777778 0.04875 0.09333333333333334
2 0.94875 0.5033333333333333 0.07 0.12222222222222222
3 0.866875 0.5111111111111111 0.08625 0.14222222222222222
2 0.676875 0.2588888888888889 0.05625 0.09555555555555556
2 0.84125 0.36 0.065 0.10222222222222223
2 0.315625 0.2588888888888889 0.06375 0.09555555555555556
2 0.476875 0.3611111111111111 0.05875 0.10444444444444445
2 0.291875 0.3111111111111111 0.04375 0.08888888888888889
2 0.25875 0.35 0.08 0.11777777777777777
2 0.7025 0.31 0.0675 0.09111111111111111
2 0.48625 0.4311111111111111 0.0875 0.14222222222222222
2 0.074375 0.49777777777777776 0.07375 0.13777777777777778
2 0.79875 0.4222222222222222 0.065 0.12
2 0.905 0.4211111111111111 0.07 0.12666666666666668
2 0.48125 0.31222222222222223 0.06 0.09111111111111111
2 0.135625 0.4122222222222222 0.08125 0.11333333333333333
2 0.559375 0.3055555555555556 0.06125 0.10444444444444445
2 0.213125 0.29888888888888887 0.05125 0.09555555555555556
