2 0.4975 0.29333333333333333 0.0475 0.07111111111111111
2 0.441875 0.6088888888888889 0.09625 0.17777777777777778
2 0.484375 0.43 0.05625 0.09111111111111111
2 0.4525 0.49666666666666665 0.09 0.14
2 0.8375 0.4311111111111111 0.0675 0.08444444444444445
2 0.554375 0.35777777777777775 0.06375 0.08888888888888889
2 0.56 0.6166666666666667 0.0925 0.16666666666666666
2 0.546875 0.43666666666666665 0.06125 0.09555555555555556
1 0.815625 0.5088888888888888 0.09125 0.10666666666666667
2 0.7975 0.36 0.0475 0.09777777777777778
2 0.556875 0.2877777777777778 0.05375 0.06888888888888889
2 0.274375 0.35888888888888887 0.04375 0.08666666666666667
2 0.366875 0.31555555555555553 0.04125 0.08
2 0.555 0.3211111111111111 0.055 0.07777777777777778
2 0.70875 0.32222222222222224 0.0425 0.08
2 0.55875 0.5077777777777778 0.0625 0.11333333333333333
2 0.31 0.31222222222222223 0.0375 0.08222222222222222
2 0.770625 0.3244444444444444 0.03875 0.08444444444444445
2 0.0525 0.6155555555555555 0.0875 0.13333333333333333
2 0.145 0.6155555555555555 0.1025 0.14666666666666667
2 0.684375 0.29555555555555557 0.04125 0.07111111111111111
2 0.335625 0.3522222222222222 0.05125 0.1
1 0.960625 0.6122222222222222 0.07375 0.15777777777777777
2 0.815625 0.5111111111111111 0.09125 0.1111111111111111
2 0.24 0.49333333333333335 0.0775 0.14222222222222222
2 0.49625 0.3277777777777778 0.0425 0.06888888888888889
2 0.3 0.4122222222222222 0.06 0.11777777777777777
2 0.33 0.27444444444444444 0.0375 0.06888888888888889
2 0.760625 0.4211111111111111 0.06375 0.10444444444444445
2 0.90375 0.5066666666666667 0.07 0.1288888888888889
2 0.743125 0.36333333333333334 0.04875 0.08666666666666667
2 0.49 0.35777777777777775 0.05 0.09777777777777778
2 0.155 0.4988888888888889 0.0675 0.12666666666666668
1 0.3775 0.28444444444444444 0.035 0.06666666666666667
2 0.739375 0.2922222222222222 0.03875 0.06888888888888889
2 0.225 0.41333333333333333 0.0575 0.1111111111111111
2 0.875 0.6177777777777778 0.085 0.16
