1 0.195 0.5011111111111111 0.07 0.10444444444444445
2 0.559375 0.30666666666666664 0.06125 0.09333333333333334
2 0.208125 0.29888888888888887 0.05875 0.09555555555555556
1 0.48 0.2644444444444444 0.0425 0.08
1 0.87 0.5044444444444445 0.0725 0.13333333333333333
1 0.701875 0.31555555555555553 0.05375 0.08444444444444445
2 0.749375 0.2788888888888889 0.04125 0.09111111111111111
2 0.79875 0.42 0.065 0.12444444444444444
1 0.165 0.3488888888888889 0.065 0.10222222222222223
1 0.291875 0.30777777777777776 0.05625 0.08666666666666667
1 0.20875 0.29888888888888887 0.0575 0.09555555555555556
1 0.8375 0.3622222222222222 0.065 0.09777777777777778
2 0.788125 0.3011111111111111 0.05625 0.1
1 0.304375 0.25222222222222224 0.05375 0.09555555555555556
1 0.235625 0.2633333333333333 0.05625 0.08222222222222222
2 0.59125 0.4211111111111111 0.07 0.13555555555555557
1 0.95125 0.5055555555555555 0.07 0.11777777777777777
3 0.95 0.6455555555555555 0.095 0.13555555555555557
1 0.14 0.4088888888888889 0.085 0.1111111111111111
0 0.675 0.2577777777777778 0.0625 0.09333333333333334
1 0.549375 0.2611111111111111 0.06875 0.09555555555555556
5 0.030625 0.6111111111111112 0.06125 0.21777777777777776
4 0.75125 0.33 0.0625 0.14888888888888888
1 0.9 0.4311111111111111 0.075 0.1111111111111111
1 0.4625 0.3566666666666667 0.06 0.10444444444444445
1 0.4775 0.30666666666666664 0.0525 0.08444444444444445
0 0.089375 0.5066666666666667 0.10125 0.11555555555555555
