2 0.675 0.2611111111111111 0.06 0.09555555555555556
1 0.70375 0.31444444444444447 0.0525 0.08222222222222222
2 0.79875 0.41555555555555557 0.0675 0.12444444444444444
1 0.47875 0.3111111111111111 0.06 0.09333333333333334
2 0.23375 0.41 0.065 0.10888888888888888
2 0.29625 0.3111111111111111 0.05 0.09333333333333334
2 0.25625 0.35 0.0675 0.11333333333333333
4 0.751875 0.3233333333333333 0.05625 0.15777777777777777
1 0.899375 0.4311111111111111 0.06875 0.1111111111111111
2 0.79 0.3011111111111111 0.0525 0.09555555555555556
1 0.870625 0.5055555555555555 0.07625 0.13111111111111112
2 0.949375 0.5055555555555555 0.06625 0.11777777777777777
1 0.556875 0.3711111111111111 0.07375 0.09333333333333334
2 0.478125 0.4211111111111111 0.06375 0.14
2 0.87125 0.5055555555555555 0.0725 0.13111111111111112
3 0.955 0.6322222222222222 0.085 0.14888888888888888
1 0.301875 0.25333333333333335 0.05375 0.09333333333333334
1 0.465625 0.3566666666666667 0.06625 0.10444444444444445
1 0.1675 0.3488888888888889 0.06 0.10222222222222223
4 0.749375 0.27666666666666667 0.04875 0.09555555555555556
2 0.83875 0.35888888888888887 0.065 0.1
1 0.570625 0.39222222222222225 0.08125 0.11777777777777777
1 0.206875 0.29888888888888887 0.05625 0.1
1 0.1975 0.5033333333333333 0.07 0.10888888888888888
1 0.55 0.26222222222222225 0.0725 0.09777777777777778
2 0.580625 0.4266666666666667 0.08375 0.14666666666666667
1 0.48 0.26555555555555554 0.0425 0.07333333333333333
2 0.145625 0.4111111111111111 0.08375 0.11555555555555555
2 0.559375 0.3088888888888889 0.06375 0.09777777777777778
