2 0.580625 0.4255555555555556 0.08125 0.14444444444444443
3 0.933125 0.6222222222222222 0.09375 0.16444444444444445
1 0.3025 0.25555555555555554 0.055 0.08888888888888889
1 0.21 0.29888888888888887 0.06 0.09555555555555556
1 0.791875 0.41444444444444445 0.08875 0.13555555555555557
1 0.2325 0.42 0.0625 0.09333333333333334
1 0.560625 0.3111111111111111 0.06375 0.08888888888888889
2 0.2575 0.35333333333333333 0.07 0.11555555555555555
1 0.838125 0.35777777777777775 0.06375 0.09333333333333334
4 0.701875 0.3111111111111111 0.05375 0.09333333333333334
1 0.86875 0.5033333333333333 0.07 0.13111111111111112
1 0.16625 0.35 0.0625 0.10444444444444445
1 0.480625 0.3111111111111111 0.05875 0.09333333333333334
2 0.47875 0.4222222222222222 0.065 0.13777777777777778
2 0.298125 0.31222222222222223 0.04375 0.08222222222222222
2 0.675 0.2577777777777778 0.0575 0.09333333333333334
2 0.19 0.5011111111111111 0.065 0.12222222222222222
2 0.144375 0.4122222222222222 0.07875 0.10888888888888888
1 0.556875 0.37555555555555553 0.07625 0.08888888888888889
1 0.46875 0.35555555555555557 0.065 0.1111111111111111
2 0.788125 0.3 0.05375 0.09777777777777778
1 0.549375 0.26222222222222225 0.06875 0.09777777777777778
4 0.74875 0.3277777777777778 0.0575 0.15777777777777777
1 0.091875 0.49 0.10125 0.12666666666666668
1 0.946875 0.5022222222222222 0.06875 0.11555555555555555
2 0.466875 0.3611111111111111 0.06625 0.10888888888888888
1 0.898125 0.43 0.06875 0.11333333333333333
1 0.48 0.26555555555555554 0.04 0.07333333333333333
