2 0.789375 0.3022222222222222 0.05125 0.09333333333333334
1 0.960625 0.5044444444444445 0.07125 0.1288888888888889
1 0.295625 0.3088888888888889 0.04875 0.08888888888888889
1 0.55 0.2633333333333333 0.07 0.09555555555555556
1 0.80375 0.4177777777777778 0.0775 0.12444444444444444
2 0.145625 0.4111111111111111 0.07875 0.1111111111111111
1 0.9425 0.6288888888888889 0.1 0.16444444444444445
2 0.255625 0.3488888888888889 0.07375 0.1111111111111111
1 0.4825 0.3111111111111111 0.06 0.08888888888888889
2 0.466875 0.36 0.06125 0.1111111111111111
1 0.555 0.37 0.07 0.09555555555555556
2 0.208125 0.3011111111111111 0.05375 0.1
1 0.675625 0.2611111111111111 0.06125 0.09111111111111111
1 0.836875 0.3566666666666667 0.06375 0.10444444444444445
1 0.3025 0.2544444444444444 0.0575 0.08666666666666667
1 0.47875 0.26666666666666666 0.04 0.07555555555555556
2 0.480625 0.42333333333333334 0.06375 0.14
1 0.166875 0.35 0.06125 0.10444444444444445
4 0.750625 0.3333333333333333 0.06125 0.14222222222222222
2 0.089375 0.49444444444444446 0.10125 0.14444444444444443
1 0.55875 0.31333333333333335 0.0625 0.08444444444444445
1 0.7 0.31333333333333335 0.0525 0.08
2 0.87125 0.5066666666666667 0.07 0.1288888888888889
2 0.19125 0.4988888888888889 0.0625 0.12222222222222222
2 0.751875 0.2777777777777778 0.03625 0.08444444444444445
1 0.899375 0.42777777777777776 0.07125 0.11333333333333333
2 0.17125 0.5966666666666667 0.075 0.17555555555555555
2 0.583125 0.43 0.08625 0.13111111111111112
