2 0.475625 0.38 0.07625 0.10666666666666667
2 0.700625 0.30444444444444446 0.06375 0.09333333333333334
2 0.261875 0.3522222222222222 0.06375 0.11333333333333333
2 0.5475 0.25222222222222224 0.0475 0.10444444444444445
2 0.678125 0.2588888888888889 0.04625 0.09111111111111111
2 0.555 0.36777777777777776 0.0625 0.11333333333333333
3 0.928125 0.6311111111111111 0.08375 0.14222222222222222
2 0.55875 0.30666666666666664 0.065 0.09333333333333334
1 0.306875 0.2544444444444444 0.06375 0.09555555555555556
1 0.0925 0.4766666666666667 0.07 0.14
1 0.478125 0.2688888888888889 0.04625 0.07111111111111111
6 0.88375 0.45444444444444443 0.16 0.2111111111111111
3 0.7 0.3055555555555556 0.0625 0.09555555555555556
2 0.758125 0.35333333333333333 0.04875 0.10666666666666667
2 0.296875 0.30666666666666664 0.04375 0.08888888888888889
2 0.7325 0.26 0.0375 0.08888888888888889
2 0.589375 0.4177777777777778 0.09375 0.14222222222222222
2 0.16 0.3466666666666667 0.0575 0.1111111111111111
2 0.234375 0.2644444444444444 0.04625 0.07555555555555556
2 0.945 0.5044444444444445 0.08 0.12
1 0.89875 0.41888888888888887 0.06 0.14
2 0.2075 0.29777777777777775 0.045 0.08888888888888889
1 0.476875 0.31222222222222223 0.06125 0.09111111111111111
2 0.47875 0.42 0.0675 0.13777777777777778
2 0.225 0.4088888888888889 0.06 0.12
2 0.791875 0.3011111111111111 0.04875 0.09555555555555556
