2 0.6775 0.2611111111111111 0.045 0.09555555555555556
2 0.235 0.2644444444444444 0.0475 0.07555555555555556
3 0.934375 0.6177777777777778 0.09625 0.1688888888888889
1 0.47875 0.27 0.0475 0.07333333333333333
2 0.166875 0.34555555555555556 0.05125 0.10888888888888888
2 0.700625 0.30666666666666664 0.06375 0.09777777777777778
2 0.755 0.35555555555555557 0.05 0.10222222222222223
2 0.313125 0.26 0.05375 0.09333333333333334
2 0.293125 0.30666666666666664 0.04375 0.08444444444444445
5 0.195625 0.4577777777777778 0.08375 0.2088888888888889
1 0.94625 0.5066666666666667 0.0825 0.12444444444444444
1 0.90125 0.4211111111111111 0.06 0.12222222222222222
2 0.088125 0.46555555555555556 0.09125 0.17555555555555555
2 0.47875 0.4211111111111111 0.065 0.13111111111111112
2 0.206875 0.29888888888888887 0.04875 0.09111111111111111
2 0.576875 0.41444444444444445 0.08875 0.14888888888888888
2 0.55125 0.25222222222222224 0.05 0.10444444444444445
2 0.79125 0.30444444444444446 0.0525 0.09777777777777778
3 0.03875 0.5911111111111111 0.0725 0.18222222222222223
2 0.735625 0.26555555555555554 0.03875 0.08666666666666667
2 0.55625 0.30444444444444446 0.0625 0.09777777777777778
2 0.255625 0.3511111111111111 0.07125 0.11555555555555555
1 0.475 0.31333333333333335 0.055 0.09333333333333334
