3 0.700625 0.3055555555555556 0.06125 0.09555555555555556
2 0.7375 0.2677777777777778 0.04 0.08222222222222222
2 0.550625 0.25666666666666665 0.05125 0.1
2 0.6775 0.26 0.045 0.09333333333333334
2 0.79 0.3011111111111111 0.0475 0.09555555555555556
2 0.5575 0.36666666666666664 0.0625 0.1111111111111111
2 0.7025 0.3055555555555556 0.065 0.09555555555555556
2 0.29375 0.31 0.045 0.08222222222222222
2 0.258125 0.35333333333333333 0.06375 0.1111111111111111
2 0.5775 0.4222222222222222 0.0875 0.14666666666666667
2 0.89875 0.42 0.065 0.12
2 0.3125 0.2588888888888889 0.06 0.1
2 0.205 0.4922222222222222 0.0825 0.13111111111111112
1 0.479375 0.31 0.06375 0.09555555555555556
1 0.47875 0.2677777777777778 0.045 0.07333333333333333
3 0.0325 0.6022222222222222 0.0625 0.14666666666666667
2 0.4775 0.41888888888888887 0.0725 0.14444444444444443
3 0.9425 0.49777777777777776 0.08 0.13777777777777778
2 0.164375 0.3466666666666667 0.04625 0.1111111111111111
4 0.095 0.4533333333333333 0.1025 0.18666666666666668
2 0.55625 0.30666666666666664 0.0625 0.09333333333333334
2 0.8575 0.5077777777777778 0.08 0.14
1 0.829375 0.35888888888888887 0.06375 0.09111111111111111
3 0.93375 0.6322222222222222 0.09 0.14444444444444443
2 0.228125 0.4111111111111111 0.05625 0.09777777777777778
2 0.20875 0.3011111111111111 0.0425 0.08666666666666667
2 0.234375 0.26555555555555554 0.04375 0.07777777777777778
