2 0.235 0.26555555555555554 0.045 0.07777777777777778
3 0.031875 0.6044444444444445 0.06125 0.14666666666666667
2 0.79125 0.3 0.05 0.1111111111111111
3 0.941875 0.5 0.08375 0.13777777777777778
3 0.698125 0.30666666666666664 0.05625 0.08888888888888889
3 0.088125 0.4811111111111111 0.07875 0.14888888888888888
2 0.315 0.2677777777777778 0.055 0.11777777777777777
4 0.904375 0.3888888888888889 0.08125 0.18666666666666668
2 0.208125 0.3022222222222222 0.04375 0.08444444444444445
2 0.286875 0.30777777777777776 0.04875 0.08666666666666667
2 0.163125 0.3466666666666667 0.04875 0.1111111111111111
2 0.55875 0.30777777777777776 0.0675 0.1
2 0.133125 0.4122222222222222 0.07375 0.11777777777777777
2 0.728125 0.2733333333333333 0.04125 0.07555555555555556
0 0.82625 0.4411111111111111 0.08 0.09555555555555556
2 0.676875 0.2611111111111111 0.04375 0.09111111111111111
2 0.833125 0.3511111111111111 0.06375 0.1111111111111111
2 0.23625 0.4066666666666667 0.06 0.1111111111111111
2 0.55875 0.36 0.07 0.10666666666666667
2 0.548125 0.25666666666666665 0.04875 0.1
2 0.575 0.42 0.0825 0.1511111111111111
2 0.751875 0.35444444444444445 0.07125 0.10888888888888888
1 0.47625 0.27 0.045 0.08222222222222222
2 0.19625 0.49333333333333335 0.0975 0.14222222222222222
2 0.25875 0.3522222222222222 0.0625 0.10888888888888888
0 0.85125 0.5244444444444445 0.0925 0.11555555555555555
