2 0.55875 0.30333333333333334 0.0675 0.09555555555555556
2 0.23 0.26666666666666666 0.06 0.07555555555555556
3 0.164375 0.6077777777777778 0.07625 0.15777777777777777
1 0.48 0.31444444444444447 0.0675 0.08666666666666667
3 0.85 0.5133333333333333 0.09 0.12444444444444444
2 0.6775 0.26 0.045 0.09333333333333334
3 0.143125 0.41444444444444445 0.06875 0.10888888888888888
3 0.035 0.6 0.07 0.15555555555555556
2 0.16 0.3466666666666667 0.0525 0.10222222222222223
0 0.143125 0.41444444444444445 0.07125 0.10888888888888888
0 0.8025 0.43333333333333335 0.065 0.1111111111111111
1 0.084375 0.4811111111111111 0.09875 0.15777777777777777
5 0.8425 0.3211111111111111 0.0625 0.1711111111111111
1 0.3075 0.2577777777777778 0.065 0.09333333333333334
3 0.200625 0.48777777777777775 0.07375 0.14444444444444443
3 0.941875 0.5011111111111111 0.08625 0.13555555555555557
0 0.4775 0.2733333333333333 0.07 0.07111111111111111
2 0.734375 0.2677777777777778 0.03625 0.08222222222222222
2 0.551875 0.2544444444444444 0.05375 0.10444444444444445
3 0.575 0.4222222222222222 0.0925 0.14666666666666667
2 0.215625 0.4122222222222222 0.05625 0.12666666666666668
2 0.788125 0.3055555555555556 0.04875 0.09555555555555556
1 0.7 0.31 0.0725 0.09555555555555556
3 0.898125 0.41444444444444445 0.07375 0.12222222222222222
3 0.4825 0.42333333333333334 0.08 0.14
