2 0.555625 0.30444444444444446 0.06375 0.09333333333333334
2 0.231875 0.26666666666666666 0.04875 0.08
2 0.84 0.3522222222222222 0.0725 0.11333333333333333
2 0.734375 0.26555555555555554 0.03875 0.08666666666666667
3 0.699375 0.3055555555555556 0.06125 0.09111111111111111
2 0.56 0.36333333333333334 0.0725 0.10444444444444445
2 0.48 0.3088888888888889 0.07 0.10666666666666667
2 0.478125 0.3688888888888889 0.07125 0.09777777777777778
2 0.2925 0.3088888888888889 0.04 0.08444444444444445
1 0.8525 0.5033333333333333 0.0825 0.13555555555555557
2 0.790625 0.30666666666666664 0.05375 0.09777777777777778
2 0.759375 0.3622222222222222 0.06125 0.10222222222222223
2 0.57375 0.42444444444444446 0.0875 0.14666666666666667
2 0.676875 0.26 0.04375 0.09333333333333334
1 0.900625 0.41555555555555557 0.06625 0.12
2 0.103125 0.4922222222222222 0.07625 0.13555555555555557
2 0.699375 0.3055555555555556 0.06375 0.09555555555555556
1 0.300625 0.2577777777777778 0.05875 0.08888888888888889
2 0.80875 0.42444444444444446 0.065 0.12
3 0.941875 0.5033333333333333 0.08375 0.13111111111111112
2 0.55125 0.2544444444444444 0.0525 0.10444444444444445
2 0.47875 0.42444444444444446 0.06 0.1288888888888889
2 0.161875 0.34555555555555556 0.04625 0.09555555555555556
4 0.13625 0.4033333333333333 0.07 0.11777777777777777
