2 0.47875 0.2611111111111111 0.0725 0.1
3 0.949375 0.5088888888888888 0.07125 0.11555555555555555
3 0.101875 0.49777777777777776 0.08375 0.12444444444444444
2 0.236875 0.2611111111111111 0.04375 0.08666666666666667
4 0.20875 0.37222222222222223 0.0575 0.18
1 0.835625 0.35 0.07375 0.10888888888888888
2 0.745625 0.27444444444444444 0.04875 0.1
2 0.219375 0.28888888888888886 0.05875 0.09777777777777778
3 0.48625 0.41888888888888887 0.08 0.14888888888888888
4 0.254375 0.34555555555555556 0.06875 0.12222222222222222
3 0.5775 0.4211111111111111 0.075 0.13111111111111112
2 0.78625 0.30333333333333334 0.0425 0.09555555555555556
2 0.47875 0.31555555555555553 0.0725 0.10222222222222223
2 0.045 0.5911111111111111 0.09 0.18222222222222223
3 0.898125 0.41333333333333333 0.06625 0.12
3 0.22 0.49777777777777776 0.0825 0.12444444444444444
1 0.56 0.30777777777777776 0.0675 0.1
2 0.1625 0.6122222222222222 0.085 0.14444444444444443
2 0.5525 0.25 0.0525 0.10444444444444445
2 0.294375 0.30444444444444446 0.04625 0.08888888888888889
2 0.31 0.25666666666666665 0.05 0.09111111111111111
