5 0.553125 0.2222222222222222 0.05125 0.13777777777777778
2 0.1425 0.6222222222222222 0.1075 0.16444444444444445
2 0.55625 0.35777777777777775 0.07 0.1111111111111111
2 0.164375 0.3488888888888889 0.05125 0.09333333333333334
4 0.89375 0.38555555555555554 0.0875 0.18444444444444444
4 0.831875 0.3277777777777778 0.07125 0.1622222222222222
3 0.113125 0.49 0.07875 0.12222222222222222
2 0.76625 0.27555555555555555 0.04 0.08
2 0.48625 0.4211111111111111 0.065 0.14
2 0.8075 0.4211111111111111 0.055 0.12222222222222222
3 0.87 0.5033333333333333 0.075 0.13555555555555557
2 0.564375 0.42444444444444446 0.08375 0.14222222222222222
2 0.235625 0.26666666666666666 0.05125 0.07555555555555556
2 0.560625 0.30333333333333334 0.06875 0.10444444444444445
2 0.14875 0.4088888888888889 0.07 0.11555555555555555
4 0.478125 0.32666666666666666 0.07375 0.13777777777777778
2 0.6825 0.26 0.0475 0.08888888888888889
2 0.31125 0.25555555555555554 0.05 0.09333333333333334
2 0.214375 0.4955555555555556 0.07375 0.13333333333333333
2 0.95375 0.5044444444444445 0.075 0.12
2 0.700625 0.30333333333333334 0.05125 0.09555555555555556
3 0.244375 0.3877777777777778 0.08625 0.15777777777777777
2 0.290625 0.31444444444444447 0.04375 0.07777777777777778
2 0.480625 0.27111111111111114 0.06625 0.10222222222222223
2 0.929375 0.6233333333333333 0.12375 0.15777777777777777
3 0.03875 0.5977777777777777 0.0775 0.1511111111111111
2 0.208125 0.30777777777777776 0.04375 0.07777777777777778
2 0.755 0.3566666666666667 0.055 0.10888888888888888
