1 0.92875 0.6255555555555555 0.1175 0.15777777777777777
3 0.04 0.5944444444444444 0.0775 0.15333333333333332
2 0.755 0.3566666666666667 0.0525 0.10888888888888888
4 0.2425 0.3788888888888889 0.0675 0.1622222222222222
2 0.161875 0.3511111111111111 0.05625 0.09777777777777778
3 0.871875 0.5044444444444445 0.08625 0.13777777777777778
2 0.310625 0.25555555555555554 0.05375 0.09333333333333334
2 0.838125 0.3511111111111111 0.05625 0.12
2 0.550625 0.3566666666666667 0.05875 0.11333333333333333
3 0.954375 0.5044444444444445 0.06875 0.11555555555555555
2 0.480625 0.2688888888888889 0.06375 0.09333333333333334
4 0.893125 0.38555555555555554 0.09125 0.18444444444444444
2 0.788125 0.3088888888888889 0.04125 0.08888888888888889
2 0.148125 0.4077777777777778 0.06625 0.11333333333333333
3 0.211875 0.4911111111111111 0.07125 0.1288888888888889
3 0.114375 0.49 0.07625 0.12222222222222222
3 0.139375 0.6222222222222222 0.10625 0.16444444444444445
2 0.70125 0.29888888888888887 0.0475 0.1
2 0.56125 0.4266666666666667 0.07 0.14222222222222222
2 0.2875 0.31666666666666665 0.045 0.08222222222222222
2 0.48625 0.4211111111111111 0.065 0.13555555555555557
2 0.209375 0.3088888888888889 0.04375 0.08
5 0.554375 0.22 0.05125 0.13777777777777778
2 0.8075 0.42 0.06 0.12444444444444444
2 0.56125 0.3022222222222222 0.0675 0.10666666666666667
2 0.68125 0.26 0.0425 0.08888888888888889
2 0.233125 0.2688888888888889 0.05875 0.07555555555555556
2 0.75875 0.2777777777777778 0.0525 0.08
4 0.479375 0.33 0.07625 0.15777777777777777
