3 0.954375 0.5088888888888888 0.06875 0.11555555555555555
2 0.49 0.4211111111111111 0.0625 0.14
3 0.165 0.3511111111111111 0.05 0.09333333333333334
3 0.2125 0.49333333333333335 0.0675 0.12444444444444444
4 0.89375 0.39222222222222225 0.0875 0.18888888888888888
2 0.295 0.3088888888888889 0.045 0.08444444444444445
3 0.111875 0.49444444444444446 0.07375 0.13111111111111112
3 0.039375 0.5988888888888889 0.07625 0.15333333333333332
3 0.258125 0.36444444444444446 0.07875 0.1288888888888889
4 0.31875 0.24888888888888888 0.075 0.12
2 0.2325 0.2688888888888889 0.0575 0.08
2 0.55125 0.24888888888888888 0.055 0.1111111111111111
3 0.93125 0.63 0.1175 0.18
2 0.789375 0.3055555555555556 0.04125 0.09111111111111111
4 0.836875 0.3522222222222222 0.06625 0.12222222222222222
2 0.758125 0.2777777777777778 0.05125 0.08444444444444445
3 0.58 0.4288888888888889 0.105 0.14666666666666667
2 0.753125 0.35444444444444445 0.06125 0.10888888888888888
