2 0.14125 0.6222222222222222 0.1 0.16444444444444445
3 0.803125 0.42444444444444446 0.06375 0.12444444444444444
2 0.240625 0.2633333333333333 0.04125 0.07777777777777778
3 0.9025 0.4166666666666667 0.08 0.13111111111111112
2 0.16375 0.3466666666666667 0.0625 0.11555555555555555
2 0.83625 0.35 0.0725 0.11333333333333333
3 0.1625 0.3466666666666667 0.0625 0.12
3 0.044375 0.59 0.07875 0.17555555555555555
2 0.311875 0.25333333333333335 0.04625 0.09333333333333334
2 0.959375 0.5055555555555555 0.07375 0.11777777777777777
3 0.936875 0.6211111111111111 0.10125 0.15333333333333332
4 0.694375 0.29 0.05625 0.11333333333333333
4 0.57375 0.42 0.075 0.14666666666666667
2 0.295 0.30666666666666664 0.0425 0.08444444444444445
3 0.8725 0.49444444444444446 0.0875 0.15333333333333332
2 0.804375 0.4222222222222222 0.06375 0.12
2 0.480625 0.25666666666666665 0.04375 0.09555555555555556
2 0.786875 0.3055555555555556 0.04125 0.09111111111111111
2 0.465625 0.3611111111111111 0.07125 0.11333333333333333
2 0.156875 0.3977777777777778 0.06625 0.11555555555555555
4 0.751875 0.3211111111111111 0.05875 0.16666666666666666
2 0.215 0.2911111111111111 0.055 0.10222222222222223
2 0.485 0.3055555555555556 0.055 0.08666666666666667
2 0.489375 0.4211111111111111 0.06625 0.14
3 0.115625 0.49 0.06375 0.13111111111111112
3 0.208125 0.4866666666666667 0.07125 0.13333333333333333
