3 0.80375 0.42333333333333334 0.065 0.11777777777777777
2 0.699375 0.2966666666666667 0.05125 0.09555555555555556
4 0.7 0.29555555555555557 0.0525 0.10666666666666667
6 0.53625 0.3477777777777778 0.21 0.22
2 0.7825 0.30333333333333334 0.045 0.1
3 0.93375 0.62 0.1025 0.15555555555555556
2 0.83625 0.3511111111111111 0.07 0.1111111111111111
4 0.87 0.49444444444444446 0.09 0.15777777777777777
3 0.155 0.39555555555555555 0.0625 0.12
2 0.483125 0.4222222222222222 0.06625 0.13333333333333333
1 0.958125 0.5033333333333333 0.07125 0.12222222222222222
2 0.550625 0.25 0.05125 0.10888888888888888
2 0.294375 0.30777777777777776 0.04375 0.08666666666666667
2 0.140625 0.6222222222222222 0.10125 0.1511111111111111
3 0.039375 0.5922222222222222 0.07625 0.16666666666666666
3 0.9125 0.4177777777777778 0.0675 0.12444444444444444
2 0.48125 0.2588888888888889 0.045 0.09555555555555556
2 0.23875 0.26222222222222225 0.0425 0.08
1 0.463125 0.35888888888888887 0.06375 0.10888888888888888
2 0.31 0.25333333333333335 0.0475 0.09333333333333334
4 0.254375 0.3622222222222222 0.07625 0.19111111111111112
3 0.115 0.4888888888888889 0.065 0.1288888888888889
2 0.68125 0.26 0.045 0.08888888888888889
2 0.21125 0.28888888888888886 0.0425 0.10222222222222223
3 0.16375 0.3433333333333333 0.06 0.11333333333333333
4 0.754375 0.32 0.06625 0.1688888888888889
3 0.208125 0.4866666666666667 0.06875 0.13777777777777778
