3 0.1625 0.3522222222222222 0.06 0.09555555555555556
1 0.490625 0.4222222222222222 0.06875 0.13333333333333333
3 0.211875 0.4866666666666667 0.06625 0.13333333333333333
1 0.140625 0.6177777777777778 0.09875 0.1511111111111111
4 0.805625 0.4222222222222222 0.06625 0.12
2 0.70125 0.3 0.05 0.09333333333333334
1 0.465 0.3611111111111111 0.07 0.11777777777777777
2 0.30875 0.25555555555555554 0.05 0.09333333333333334
2 0.233125 0.26555555555555554 0.05125 0.07777777777777778
2 0.478125 0.26 0.04625 0.08888888888888889
2 0.245 0.39444444444444443 0.06 0.12666666666666668
2 0.68125 0.26 0.0475 0.08888888888888889
3 0.11375 0.48777777777777775 0.065 0.12666666666666668
4 0.8325 0.3277777777777778 0.09 0.16666666666666666
4 0.906875 0.49666666666666665 0.12125 0.1622222222222222
5 0.759375 0.3322222222222222 0.06625 0.14888888888888888
3 0.15 0.3988888888888889 0.065 0.12222222222222222
2 0.296875 0.31 0.04625 0.09111111111111111
3 0.925625 0.6222222222222222 0.08125 0.15555555555555556
1 0.553125 0.24888888888888888 0.05375 0.10222222222222223
2 0.25375 0.35444444444444445 0.0725 0.12666666666666668
2 0.210625 0.3 0.04625 0.08888888888888889
3 0.899375 0.4177777777777778 0.07125 0.10666666666666667
