3 0.165625 0.35333333333333333 0.05375 0.08888888888888889
3 0.916875 0.6244444444444445 0.06875 0.15555555555555556
3 0.15 0.4011111111111111 0.0575 0.11333333333333333
0 0.466875 0.36444444444444446 0.07375 0.11555555555555555
3 0.696875 0.29777777777777775 0.05375 0.10222222222222223
2 0.681875 0.26 0.04625 0.08888888888888889
2 0.309375 0.25666666666666665 0.04875 0.09111111111111111
4 0.805 0.42333333333333334 0.0675 0.12222222222222222
2 0.233125 0.26666666666666666 0.06125 0.07555555555555556
4 0.829375 0.3277777777777778 0.10125 0.1622222222222222
3 0.873125 0.5055555555555555 0.06875 0.14
3 0.90125 0.42333333333333334 0.08 0.11333333333333333
2 0.29625 0.3088888888888889 0.045 0.08444444444444445
1 0.553125 0.2577777777777778 0.04875 0.09333333333333334
1 0.14 0.6211111111111111 0.1 0.15333333333333332
3 0.21 0.48777777777777775 0.065 0.13555555555555557
3 0.584375 0.4266666666666667 0.07625 0.14666666666666667
2 0.478125 0.26 0.04375 0.08888888888888889
3 0.111875 0.4911111111111111 0.07125 0.13333333333333333
5 0.766875 0.3244444444444444 0.06875 0.16444444444444445
