2 0.549375 0.25555555555555554 0.05125 0.09777777777777778
3 0.165 0.3511111111111111 0.055 0.09333333333333334
5 0.763125 0.3244444444444444 0.06625 0.16444444444444445
2 0.211875 0.30444444444444446 0.04625 0.08444444444444445
2 0.3075 0.25666666666666665 0.0525 0.09555555555555556
4 0.895625 0.39111111111111113 0.08625 0.19555555555555557
2 0.23625 0.26666666666666666 0.0475 0.07555555555555556
2 0.1475 0.4 0.06 0.12
3 0.210625 0.48777777777777775 0.06375 0.13555555555555557
2 0.68125 0.26 0.0425 0.08888888888888889
2 0.740625 0.2633333333333333 0.04625 0.08666666666666667
2 0.875 0.5066666666666667 0.07 0.1288888888888889
2 0.295625 0.31333333333333335 0.04375 0.08888888888888889
3 0.585625 0.4211111111111111 0.07125 0.14
2 0.48125 0.26222222222222225 0.0425 0.08888888888888889
2 0.921875 0.6255555555555555 0.07125 0.14888888888888888
2 0.6975 0.3 0.05 0.09777777777777778
4 0.83 0.3288888888888889 0.0975 0.16444444444444445
