2 0.87375 0.5044444444444445 0.0675 0.13333333333333333
5 0.763125 0.32555555555555554 0.06625 0.16666666666666666
2 0.48125 0.2611111111111111 0.0425 0.08666666666666667
2 0.6975 0.29888888888888887 0.0475 0.1
4 0.833125 0.32555555555555554 0.08625 0.16666666666666666
4 0.9 0.39666666666666667 0.085 0.20222222222222222
3 0.16375 0.35444444444444445 0.0575 0.09555555555555556
2 0.295625 0.31444444444444447 0.04375 0.09111111111111111
4 0.18625 0.5555555555555556 0.075 0.26222222222222225
2 0.236875 0.26555555555555554 0.04875 0.07333333333333333
2 0.2125 0.30444444444444446 0.045 0.08444444444444445
4 0.248125 0.3688888888888889 0.07875 0.18222222222222223
2 0.549375 0.25555555555555554 0.05125 0.09777777777777778
2 0.1475 0.4022222222222222 0.0625 0.12444444444444444
1 0.92 0.6266666666666667 0.07 0.1511111111111111
2 0.68125 0.26 0.0425 0.08888888888888889
3 0.578125 0.42444444444444446 0.06875 0.15555555555555556
1 0.46625 0.3566666666666667 0.06 0.1
3 0.49125 0.42 0.07 0.14222222222222222
2 0.744375 0.27111111111111114 0.04125 0.08444444444444445
2 0.308125 0.25666666666666665 0.05375 0.09555555555555556
