2 0.488125 0.41888888888888887 0.06625 0.14444444444444443
5 0.763125 0.3277777777777778 0.06375 0.15777777777777777
2 0.578125 0.42777777777777776 0.07875 0.15333333333333332
2 0.465625 0.3566666666666667 0.05125 0.10888888888888888
1 0.934375 0.5022222222222222 0.09875 0.13333333333333333
2 0.148125 0.4033333333333333 0.06375 0.11777777777777777
2 0.8725 0.5044444444444445 0.065 0.12444444444444444
1 0.560625 0.30777777777777776 0.07125 0.08222222222222222
2 0.700625 0.29777777777777775 0.04375 0.09777777777777778
2 0.309375 0.25666666666666665 0.05125 0.09555555555555556
2 0.480625 0.3088888888888889 0.05625 0.08888888888888889
4 0.890625 0.38 0.08375 0.19111111111111112
2 0.295 0.3111111111111111 0.0425 0.08444444444444445
2 0.921875 0.6266666666666667 0.07375 0.1511111111111111
2 0.68125 0.2588888888888889 0.0425 0.08666666666666667
1 0.556875 0.2577777777777778 0.05375 0.08888888888888889
2 0.213125 0.30444444444444446 0.04625 0.08444444444444445
2 0.745 0.27111111111111114 0.0425 0.08888888888888889
2 0.161875 0.3511111111111111 0.05625 0.09333333333333334
2 0.234375 0.26555555555555554 0.05125 0.07333333333333333
6 0.915 0.5011111111111111 0.155 0.14444444444444443
1 0.5575 0.36 0.0775 0.12444444444444444
4 0.188125 0.5611111111111111 0.07125 0.25555555555555554
2 0.481875 0.26222222222222225 0.04625 0.08444444444444445
