3 0.924375 0.6277777777777778 0.07625 0.14444444444444443
2 0.4825 0.2611111111111111 0.045 0.08666666666666667
6 0.89875 0.4911111111111111 0.2 0.15555555555555556
3 0.160625 0.35333333333333333 0.06125 0.09777777777777778
3 0.210625 0.4888888888888889 0.06625 0.1288888888888889
2 0.119375 0.49777777777777776 0.07375 0.13333333333333333
3 0.895625 0.41333333333333333 0.07375 0.11555555555555555
4 0.8475 0.31333333333333335 0.0575 0.19111111111111112
3 0.58 0.42 0.085 0.15555555555555556
3 0.8 0.42777777777777776 0.07 0.12222222222222222
4 0.15125 0.39222222222222225 0.065 0.14
2 0.78875 0.3088888888888889 0.045 0.09777777777777778
2 0.560625 0.3088888888888889 0.06875 0.09333333333333334
2 0.48125 0.31666666666666665 0.0625 0.10444444444444445
4 0.1325 0.6077777777777778 0.1075 0.19333333333333333
2 0.295625 0.31444444444444447 0.04375 0.08666666666666667
3 0.916875 0.5022222222222222 0.14125 0.14222222222222222
4 0.255 0.35555555555555557 0.0775 0.22666666666666666
3 0.488125 0.41888888888888887 0.06875 0.13555555555555557
2 0.31 0.25555555555555554 0.05 0.09333333333333334
2 0.55375 0.25666666666666665 0.05 0.09555555555555556
2 0.679375 0.26 0.04375 0.08888888888888889
