2 0.313125 0.26 0.05375 0.09777777777777778
2 0.211875 0.30444444444444446 0.04625 0.08444444444444445
2 0.55125 0.25555555555555554 0.0525 0.09777777777777778
2 0.755625 0.35555555555555557 0.05375 0.1111111111111111
2 0.148125 0.4 0.06375 0.12
3 0.9475 0.6366666666666667 0.1 0.14
3 0.196875 0.5044444444444445 0.08125 0.10666666666666667
4 0.830625 0.3466666666666667 0.07375 0.12
3 0.584375 0.4211111111111111 0.07375 0.12666666666666668
3 0.106875 0.4888888888888889 0.08625 0.13777777777777778
2 0.680625 0.26 0.04375 0.08888888888888889
3 0.045625 0.5855555555555556 0.08125 0.17555555555555555
3 0.864375 0.5077777777777778 0.06875 0.12222222222222222
2 0.7475 0.2777777777777778 0.04 0.08888888888888889
2 0.78875 0.30666666666666664 0.0425 0.09333333333333334
2 0.9425 0.5011111111111111 0.0825 0.13111111111111112
2 0.808125 0.4288888888888889 0.07125 0.12444444444444444
4 0.806875 0.4288888888888889 0.07375 0.12444444444444444
2 0.4825 0.2588888888888889 0.045 0.09111111111111111
4 0.88625 0.4033333333333333 0.075 0.15333333333333332
2 0.235625 0.26555555555555554 0.04625 0.07777777777777778
2 0.291875 0.3088888888888889 0.04875 0.09333333333333334
2 0.703125 0.29777777777777775 0.05125 0.10222222222222223
2 0.260625 0.35555555555555557 0.06375 0.1111111111111111
