2 0.580625 0.4211111111111111 0.06875 0.13555555555555557
2 0.213125 0.30777777777777776 0.04375 0.08666666666666667
2 0.941875 0.5044444444444445 0.08125 0.12
2 0.92875 0.6255555555555555 0.075 0.15777777777777777
2 0.20625 0.4911111111111111 0.075 0.1288888888888889
2 0.559375 0.3488888888888889 0.06625 0.1288888888888889
3 0.854375 0.5033333333333333 0.07375 0.14444444444444443
2 0.168125 0.33666666666666667 0.08125 0.12222222222222222
2 0.480625 0.26222222222222225 0.06375 0.08888888888888889
2 0.1475 0.4066666666666667 0.06 0.1111111111111111
2 0.779375 0.29888888888888887 0.04375 0.1
2 0.308125 0.25333333333333335 0.04875 0.09333333333333334
2 0.73625 0.26666666666666666 0.0475 0.09777777777777778
2 0.23625 0.25555555555555554 0.0575 0.09333333333333334
6 0.106875 0.5577777777777778 0.20375 0.26666666666666666
2 0.269375 0.33666666666666667 0.08625 0.12666666666666668
