4 0.671875 0.26222222222222225 0.04875 0.08888888888888889
2 0.546875 0.25 0.05375 0.10888888888888888
2 0.735 0.27 0.04 0.08666666666666667
5 0.11 0.4688888888888889 0.08 0.20444444444444446
2 0.2675 0.3388888888888889 0.0725 0.12666666666666668
2 0.93 0.5044444444444445 0.0725 0.12
2 0.168125 0.3388888888888889 0.07625 0.11777777777777777
2 0.295625 0.3088888888888889 0.04375 0.08
2 0.4825 0.41444444444444445 0.0775 0.1622222222222222
2 0.699375 0.30777777777777776 0.05375 0.08666666666666667
2 0.213125 0.48777777777777775 0.06875 0.12666666666666668
2 0.235625 0.26 0.04875 0.08444444444444445
2 0.47875 0.26555555555555554 0.07 0.09111111111111111
2 0.565625 0.3566666666666667 0.08625 0.12222222222222222
3 0.86 0.5044444444444445 0.06 0.14222222222222222
2 0.92875 0.62 0.0725 0.16444444444444445
2 0.213125 0.30777777777777776 0.04625 0.08666666666666667
2 0.780625 0.29777777777777775 0.04125 0.10222222222222223
2 0.578125 0.4266666666666667 0.07375 0.1288888888888889
2 0.30875 0.25666666666666665 0.05 0.09111111111111111
