2 0.7472222222222222 0.26113861386138615 0.03888888888888889 0.07673267326732673
2 0.058333333333333334 0.3564356435643564 0.05555555555555555 0.11386138613861387
2 0.6520833333333333 0.3564356435643564 0.05694444444444444 0.11386138613861387
2 0.7055555555555556 0.47029702970297027 0.06388888888888888 0.11386138613861387
2 0.3076388888888889 0.2908415841584158 0.04583333333333333 0.09653465346534654
2 0.32569444444444445 0.2376237623762376 0.04583333333333333 0.08415841584158416
2 0.11388888888888889 0.35396039603960394 0.05 0.10891089108910891
2 0.3458333333333333 0.1967821782178218 0.03333333333333333 0.07178217821782178
2 0.575 0.3589108910891089 0.05555555555555555 0.1188118811881188
2 0.36944444444444446 0.28217821782178215 0.05 0.10396039603960396
2 0.41180555555555554 0.16955445544554457 0.03194444444444444 0.06188118811881188
2 0.23472222222222222 0.21163366336633663 0.03611111111111111 0.06188118811881188
1 0.14791666666666667 0.24504950495049505 0.04027777777777778 0.07920792079207921
2 0.5291666666666667 0.2400990099009901 0.044444444444444446 0.07920792079207921
2 0.04097222222222222 0.4628712871287129 0.059722222222222225 0.12871287128712872
2 0.16805555555555557 0.28589108910891087 0.05277777777777778 0.09653465346534654
2 0.7451388888888889 0.31064356435643564 0.04583333333333333 0.08663366336633663
2 0.5423611111111111 0.28589108910891087 0.05416666666666667 0.10148514851485149
2 0.3923611111111111 0.2400990099009901 0.0375 0.07920792079207921
2 0.7048611111111112 0.2623762376237624 0.0375 0.06930693069306931
2 0.11041666666666666 0.2834158415841584 0.04583333333333333 0.09653465346534654
2 0.8645833333333334 0.4665841584158416 0.04861111111111111 0.11633663366336634
2 0.6243055555555556 0.46905940594059403 0.07361111111111111 0.15099009900990099
2 0.7965277777777777 0.31435643564356436 0.043055555555555555 0.0891089108910891
2 0.5527777777777778 0.18193069306930693 0.030555555555555555 0.06683168316831684
4 0.18958333333333333 0.19306930693069307 0.04027777777777778 0.09405940594059406
5 0.3375 0.42574257425742573 0.08888888888888889 0.20297029702970298
2 0.7958333333333333 0.375 0.05 0.09653465346534654
2 0.27152777777777776 0.36014851485148514 0.0625 0.12623762376237624
2 0.9319444444444445 0.4752475247524752 0.058333333333333334 0.11386138613861387
2 0.36666666666666664 0.16831683168316833 0.030555555555555555 0.06435643564356436
2 0.8479166666666667 0.37623762376237624 0.04861111111111111 0.10396039603960396
1 0.5111111111111111 0.1806930693069307 0.030555555555555555 0.0594059405940594
2 0.20347222222222222 0.24133663366336633 0.04583333333333333 0.08168316831683169
2 0.24722222222222223 0.4628712871287129 0.06944444444444445 0.13861386138613863
2 0.6666666666666666 0.21905940594059406 0.03611111111111111 0.07178217821782178
2 0.7111111111111111 0.22153465346534654 0.03888888888888889 0.06683168316831684
2 0.6118055555555556 0.29455445544554454 0.05138888888888889 0.09405940594059406
2 0.3972222222222222 0.2004950495049505 0.03888888888888889 0.06930693069306931
2 0.5944444444444444 0.24133663366336633 0.041666666666666664 0.08168316831683169
2 0.5729166666666666 0.20544554455445543 0.03194444444444444 0.07425742574257425
1 0.5138888888888888 0.20544554455445543 0.03611111111111111 0.06930693069306931
