2 0.11041666666666666 0.2871287128712871 0.04583333333333333 0.09405940594059406
1 0.5173611111111112 0.2042079207920792 0.0375 0.06683168316831684
2 0.35555555555555557 0.3527227722772277 0.058333333333333334 0.12128712871287128
2 0.7055555555555556 0.47029702970297027 0.06388888888888888 0.11386138613861387
2 0.7472222222222222 0.26113861386138615 0.041666666666666664 0.07673267326732673
2 0.625 0.4715346534653465 0.075 0.14108910891089108
1 0.5090277777777777 0.17574257425742573 0.029166666666666667 0.0594059405940594
2 0.93125 0.47648514851485146 0.05416666666666667 0.11633663366336634
3 0.3423611111111111 0.46534653465346537 0.10694444444444444 0.14356435643564355
2 0.23472222222222222 0.2103960396039604 0.03611111111111111 0.06435643564356436
2 0.5277777777777778 0.23886138613861385 0.04722222222222222 0.08168316831683169
2 0.8486111111111111 0.37623762376237624 0.05 0.10396039603960396
2 0.7451388888888889 0.3118811881188119 0.04583333333333333 0.08415841584158416
2 0.05763888888888889 0.35148514851485146 0.05416666666666667 0.12376237623762376
2 0.7034722222222223 0.2623762376237624 0.0375 0.07425742574257425
2 0.3076388888888889 0.29207920792079206 0.04583333333333333 0.09405940594059406
2 0.7965277777777777 0.3118811881188119 0.04583333333333333 0.0891089108910891
2 0.34652777777777777 0.2004950495049505 0.034722222222222224 0.07425742574257425
2 0.7125 0.22524752475247525 0.03611111111111111 0.06435643564356436
2 0.6138888888888889 0.297029702970297 0.05 0.0891089108910891
2 0.19027777777777777 0.20173267326732675 0.03888888888888889 0.07673267326732673
1 0.1486111111111111 0.24257425742574257 0.03888888888888889 0.07920792079207921
2 0.24791666666666667 0.46163366336633666 0.07083333333333333 0.13613861386138615
2 0.5541666666666667 0.18193069306930693 0.027777777777777776 0.06188118811881188
2 0.11319444444444444 0.3551980198019802 0.04861111111111111 0.11138613861386139
2 0.3263888888888889 0.2400990099009901 0.04722222222222222 0.07920792079207921
2 0.575 0.3589108910891089 0.05555555555555555 0.10891089108910891
2 0.6527777777777778 0.3564356435643564 0.05555555555555555 0.11386138613861387
2 0.36736111111111114 0.28094059405940597 0.04861111111111111 0.10148514851485149
2 0.7958333333333333 0.37376237623762376 0.05 0.09900990099009901
2 0.3972222222222222 0.19801980198019803 0.03888888888888889 0.06930693069306931
2 0.5729166666666666 0.20544554455445543 0.034722222222222224 0.07425742574257425
2 0.6680555555555555 0.21905940594059406 0.03611111111111111 0.07178217821782178
2 0.20416666666666666 0.2400990099009901 0.044444444444444446 0.07920792079207921
2 0.04027777777777778 0.4665841584158416 0.058333333333333334 0.1311881188118812
2 0.3659722222222222 0.17326732673267325 0.03194444444444444 0.06435643564356436
2 0.8763888888888889 0.46534653465346537 0.05277777777777778 0.12871287128712872
2 0.39305555555555555 0.24133663366336633 0.03888888888888889 0.07673267326732673
2 0.17083333333333334 0.28465346534653463 0.04722222222222222 0.09405940594059406
2 0.5972222222222222 0.24504950495049505 0.041666666666666664 0.07425742574257425
2 0.26875 0.35767326732673266 0.06527777777777778 0.12623762376237624
2 0.5444444444444444 0.2871287128712871 0.05 0.10396039603960396
