2 0.7951388888888888 0.3118811881188119 0.04583333333333333 0.0891089108910891
2 0.7479166666666667 0.26113861386138615 0.04027777777777778 0.07673267326732673
2 0.6125 0.2957920792079208 0.05277777777777778 0.09158415841584158
2 0.1111111111111111 0.3564356435643564 0.05 0.11386138613861387
2 0.5930555555555556 0.24504950495049505 0.044444444444444446 0.08415841584158416
2 0.5555555555555556 0.1844059405940594 0.025 0.06188118811881188
2 0.2465277777777778 0.46534653465346537 0.07083333333333333 0.13861386138613863
2 0.8763888888888889 0.46782178217821785 0.058333333333333334 0.12376237623762376
2 0.5125 0.1782178217821782 0.03611111111111111 0.06435643564356436
2 0.6541666666666667 0.35767326732673266 0.05277777777777778 0.11138613861386139
1 0.15069444444444444 0.24628712871287128 0.043055555555555555 0.07673267326732673
2 0.5333333333333333 0.23886138613861385 0.04722222222222222 0.08663366336633663
2 0.3659722222222222 0.1745049504950495 0.029166666666666667 0.05693069306930693
2 0.059027777777777776 0.36014851485148514 0.05416666666666667 0.11633663366336634
2 0.5722222222222222 0.20668316831683167 0.03333333333333333 0.07673267326732673
2 0.30625 0.2896039603960396 0.043055555555555555 0.09900990099009901
2 0.74375 0.3118811881188119 0.04583333333333333 0.0891089108910891
2 0.70625 0.47029702970297027 0.06527777777777778 0.1188118811881188
2 0.17152777777777778 0.2834158415841584 0.04583333333333333 0.09158415841584158
2 0.23541666666666666 0.2079207920792079 0.0375 0.06435643564356436
2 0.5458333333333333 0.2896039603960396 0.05277777777777778 0.10396039603960396
2 0.3527777777777778 0.45792079207920794 0.08888888888888889 0.15841584158415842
2 0.04027777777777778 0.46534653465346537 0.058333333333333334 0.12871287128712872
2 0.36666666666666664 0.28094059405940597 0.05277777777777778 0.09653465346534654
2 0.3597222222222222 0.3527227722772277 0.06666666666666667 0.12128712871287128
2 0.9236111111111112 0.4566831683168317 0.04722222222222222 0.12623762376237624
2 0.2013888888888889 0.2376237623762376 0.044444444444444446 0.07920792079207921
2 0.325 0.24257425742574257 0.044444444444444446 0.07920792079207921
2 0.7034722222222223 0.25866336633663367 0.04027777777777778 0.07673267326732673
2 0.4 0.2004950495049505 0.03333333333333333 0.06930693069306931
2 0.5756944444444444 0.36014851485148514 0.05694444444444444 0.11138613861386139
2 0.1111111111111111 0.28465346534653463 0.04722222222222222 0.09405940594059406
2 0.6666666666666666 0.2202970297029703 0.03888888888888889 0.07920792079207921
2 0.3902777777777778 0.2400990099009901 0.03888888888888889 0.07920792079207921
2 0.85 0.3774752475247525 0.05 0.10643564356435643
2 0.7090277777777778 0.2264851485148515 0.0375 0.06188118811881188
2 0.2652777777777778 0.3551980198019802 0.06944444444444445 0.12623762376237624
2 0.3472222222222222 0.2004950495049505 0.03333333333333333 0.07425742574257425
2 0.79375 0.375 0.05138888888888889 0.10148514851485149
2 0.1875 0.20297029702970298 0.03611111111111111 0.06930693069306931
2 0.6208333333333333 0.4752475247524752 0.08055555555555556 0.14356435643564355
