2 0.4 0.19925742574257427 0.03611111111111111 0.06683168316831684
2 0.6118055555555556 0.29455445544554454 0.05138888888888889 0.0891089108910891
2 0.7479166666666667 0.26113861386138615 0.04027777777777778 0.07673267326732673
2 0.04097222222222222 0.46534653465346537 0.05694444444444444 0.12871287128712872
2 0.5451388888888888 0.2896039603960396 0.05138888888888889 0.10396039603960396
2 0.9243055555555556 0.4542079207920792 0.04861111111111111 0.12623762376237624
2 0.24722222222222223 0.46534653465346537 0.06666666666666667 0.13861386138613863
2 0.5930555555555556 0.24504950495049505 0.044444444444444446 0.08415841584158416
2 0.7055555555555556 0.46905940594059403 0.06666666666666667 0.12128712871287128
2 0.10972222222222222 0.28589108910891087 0.04722222222222222 0.09653465346534654
2 0.575 0.3589108910891089 0.05555555555555555 0.1188118811881188
2 0.5722222222222222 0.20668316831683167 0.03333333333333333 0.07178217821782178
2 0.23541666666666666 0.20915841584158415 0.0375 0.06683168316831684
2 0.36041666666666666 0.349009900990099 0.0625 0.12376237623762376
4 0.6208333333333333 0.47277227722772275 0.08055555555555556 0.14356435643564355
2 0.059027777777777776 0.36014851485148514 0.05416666666666667 0.11633663366336634
2 0.7944444444444444 0.3131188118811881 0.04722222222222222 0.08663366336633663
2 0.74375 0.3118811881188119 0.04583333333333333 0.0891089108910891
2 0.7027777777777777 0.2599009900990099 0.03888888888888889 0.07425742574257425
2 0.3902777777777778 0.24257425742574257 0.03888888888888889 0.07920792079207921
2 0.11180555555555556 0.3564356435643564 0.04861111111111111 0.11386138613861387
2 0.34652777777777777 0.19925742574257427 0.034722222222222224 0.07673267326732673
2 0.6666666666666666 0.2202970297029703 0.03888888888888889 0.07920792079207921
2 0.5333333333333333 0.2400990099009901 0.05 0.0891089108910891
2 0.26666666666666666 0.3564356435643564 0.06944444444444445 0.12871287128712872
4 0.35138888888888886 0.4566831683168317 0.08888888888888889 0.15594059405940594
2 0.7090277777777778 0.22400990099009901 0.0375 0.06188118811881188
2 0.85 0.37623762376237624 0.05 0.10396039603960396
2 0.36527777777777776 0.28217821782178215 0.05277777777777778 0.09900990099009901
2 0.2013888888888889 0.23886138613861385 0.044444444444444446 0.08168316831683169
2 0.5520833333333334 0.18316831683168316 0.029166666666666667 0.06435643564356436
1 0.3215277777777778 0.2400990099009901 0.04861111111111111 0.07920792079207921
2 0.18680555555555556 0.20297029702970298 0.03194444444444444 0.06930693069306931
2 0.30625 0.2896039603960396 0.04583333333333333 0.09900990099009901
2 0.79375 0.37376237623762376 0.05138888888888889 0.09900990099009901
2 0.17222222222222222 0.28465346534653463 0.044444444444444446 0.09405940594059406
2 0.6541666666666667 0.3564356435643564 0.05277777777777778 0.11386138613861387
2 0.5104166666666666 0.18316831683168316 0.03194444444444444 0.06930693069306931
1 0.1527777777777778 0.2400990099009901 0.044444444444444446 0.08415841584158416
