2 0.39861111111111114 0.19801980198019803 0.03333333333333333 0.07425742574257425
2 0.5444444444444444 0.2896039603960396 0.05 0.10396039603960396
2 0.9270833333333334 0.4628712871287129 0.05416666666666667 0.1188118811881188
2 0.36319444444444443 0.28217821782178215 0.05138888888888889 0.10396039603960396
2 0.32569444444444445 0.2376237623762376 0.043055555555555555 0.08415841584158416
2 0.7944444444444444 0.37376237623762376 0.04722222222222222 0.09900990099009901
2 0.10902777777777778 0.28836633663366334 0.04583333333333333 0.09653465346534654
2 0.1125 0.3564356435643564 0.04722222222222222 0.11386138613861387
2 0.7090277777777778 0.4715346534653465 0.059722222222222225 0.11138613861386139
2 0.2722222222222222 0.3589108910891089 0.058333333333333334 0.1188118811881188
2 0.5701388888888889 0.20668316831683167 0.034722222222222224 0.07178217821782178
2 0.6166666666666667 0.297029702970297 0.05 0.0891089108910891
2 0.5993055555555555 0.2438118811881188 0.04583333333333333 0.08663366336633663
2 0.5541666666666667 0.1782178217821782 0.030555555555555555 0.0594059405940594
2 0.6263888888888889 0.474009900990099 0.06944444444444445 0.14108910891089108
2 0.3638888888888889 0.17202970297029702 0.027777777777777776 0.06188118811881188
5 0.6673611111111111 0.19801980198019803 0.0375 0.10396039603960396
2 0.2465277777777778 0.46534653465346537 0.06805555555555555 0.14356435643564355
2 0.30833333333333335 0.2908415841584158 0.04722222222222222 0.10148514851485149
2 0.34652777777777777 0.2004950495049505 0.03194444444444444 0.06930693069306931
2 0.20347222222222222 0.24504950495049505 0.043055555555555555 0.07425742574257425
2 0.7111111111111111 0.22400990099009901 0.03611111111111111 0.07178217821782178
2 0.16944444444444445 0.29207920792079206 0.05 0.08415841584158416
2 0.7430555555555556 0.30816831683168316 0.044444444444444446 0.08663366336633663
1 0.15 0.24628712871287128 0.041666666666666664 0.07673267326732673
2 0.875 0.46782178217821785 0.05 0.12376237623762376
2 0.7902777777777777 0.30816831683168316 0.041666666666666664 0.08663366336633663
2 0.05763888888888889 0.3589108910891089 0.05416666666666667 0.1188118811881188
2 0.041666666666666664 0.46410891089108913 0.06111111111111111 0.1311881188118812
2 0.6520833333333333 0.3564356435643564 0.05138888888888889 0.1188118811881188
2 0.5736111111111111 0.3589108910891089 0.058333333333333334 0.10891089108910891
2 0.35555555555555557 0.35396039603960394 0.06111111111111111 0.12871287128712872
2 0.2326388888888889 0.2103960396039604 0.0375 0.06435643564356436
2 0.3888888888888889 0.23638613861386137 0.041666666666666664 0.08168316831683169
2 0.7458333333333333 0.2599009900990099 0.041666666666666664 0.07920792079207921
1 0.5090277777777777 0.17574257425742573 0.029166666666666667 0.054455445544554455
2 0.34930555555555554 0.4603960396039604 0.0763888888888889 0.14356435643564355
1 0.5159722222222223 0.2042079207920792 0.04027777777777778 0.07178217821782178
2 0.5298611111111111 0.2400990099009901 0.04583333333333333 0.08415841584158416
2 0.8465277777777778 0.3787128712871287 0.04861111111111111 0.09405940594059406
2 0.19166666666666668 0.20544554455445543 0.03333333333333333 0.06435643564356436
2 0.7027777777777777 0.2623762376237624 0.03888888888888889 0.07425742574257425
