2 0.7118055555555556 0.22524752475247525 0.0375 0.06930693069306931
2 0.7423611111111111 0.3094059405940594 0.04583333333333333 0.08415841584158416
2 0.03958333333333333 0.46534653465346537 0.0625 0.12871287128712872
2 0.8541666666666666 0.3787128712871287 0.05 0.09405940594059406
2 0.3701388888888889 0.17326732673267325 0.029166666666666667 0.06435643564356436
2 0.7027777777777777 0.2636138613861386 0.03888888888888889 0.07178217821782178
2 0.5680555555555555 0.20544554455445543 0.03611111111111111 0.06930693069306931
1 0.5097222222222222 0.17574257425742573 0.027777777777777776 0.0594059405940594
2 0.35694444444444445 0.35148514851485146 0.058333333333333334 0.12871287128712872
2 0.7444444444444445 0.26113861386138615 0.041666666666666664 0.07673267326732673
2 0.3993055555555556 0.18811881188118812 0.034722222222222224 0.07425742574257425
2 0.30833333333333335 0.2896039603960396 0.04722222222222222 0.10396039603960396
2 0.6638888888888889 0.21905940594059406 0.03888888888888889 0.07178217821782178
1 0.15 0.24628712871287128 0.03888888888888889 0.07178217821782178
2 0.5104166666666666 0.17574257425742573 0.029166666666666667 0.0594059405940594
2 0.9263888888888889 0.46163366336633666 0.05555555555555555 0.12623762376237624
2 0.5527777777777778 0.1782178217821782 0.030555555555555555 0.054455445544554455
2 0.7020833333333333 0.47277227722772275 0.0763888888888889 0.12871287128712872
2 0.61875 0.46905940594059403 0.07361111111111111 0.15099009900990099
2 0.5277777777777778 0.23886138613861385 0.05277777777777778 0.08663366336633663
2 0.5736111111111111 0.35767326732673266 0.058333333333333334 0.11138613861386139
2 0.24722222222222223 0.4665841584158416 0.06666666666666667 0.14108910891089108
2 0.36319444444444443 0.2784653465346535 0.04861111111111111 0.10148514851485149
2 0.23333333333333334 0.2141089108910891 0.03333333333333333 0.05693069306930693
2 0.7902777777777777 0.3069306930693069 0.041666666666666664 0.08415841584158416
2 0.34097222222222223 0.23391089108910892 0.04583333333333333 0.08663366336633663
2 0.059027777777777776 0.3564356435643564 0.05416666666666667 0.12376237623762376
2 0.8756944444444444 0.46905940594059403 0.05138888888888889 0.12623762376237624
2 0.1673611111111111 0.28589108910891087 0.05138888888888889 0.09653465346534654
2 0.2701388888888889 0.36014851485148514 0.059722222222222225 0.12128712871287128
2 0.3909722222222222 0.23514851485148514 0.04027777777777778 0.08415841584158416
2 0.1909722222222222 0.2079207920792079 0.0375 0.06930693069306931
2 0.5465277777777777 0.28836633663366334 0.05138888888888889 0.10643564356435643
2 0.7916666666666666 0.37376237623762376 0.05555555555555555 0.10891089108910891
1 0.51875 0.2079207920792079 0.0375 0.06930693069306931
2 0.6173611111111111 0.2995049504950495 0.04861111111111111 0.08415841584158416
2 0.20277777777777778 0.24628712871287128 0.044444444444444446 0.07673267326732673
2 0.5965277777777778 0.2400990099009901 0.043055555555555555 0.0891089108910891
2 0.10972222222222222 0.28465346534653463 0.044444444444444446 0.09900990099009901
2 0.6541666666666667 0.3564356435643564 0.05277777777777778 0.11386138613861387
2 0.11180555555555556 0.35396039603960394 0.04861111111111111 0.11386138613861387
3 0.3486111111111111 0.4566831683168317 0.08055555555555556 0.14603960396039603
