2 0.3923611111111111 0.2400990099009901 0.043055555555555555 0.07920792079207921
2 0.11180555555555556 0.35767326732673266 0.04861111111111111 0.11138613861386139
1 0.7006944444444444 0.2636138613861386 0.043055555555555555 0.07178217821782178
2 0.5326388888888889 0.24133663366336633 0.04583333333333333 0.07673267326732673
2 0.28055555555555556 0.3564356435643564 0.058333333333333334 0.12376237623762376
2 0.88125 0.47896039603960394 0.05138888888888889 0.10643564356435643
2 0.7430555555555556 0.3131188118811881 0.04722222222222222 0.08663366336633663
2 0.3472222222222222 0.2042079207920792 0.03888888888888889 0.07178217821782178
2 0.35625 0.3551980198019802 0.05694444444444444 0.12623762376237624
2 0.3194444444444444 0.2376237623762376 0.05277777777777778 0.07425742574257425
2 0.30972222222222223 0.2908415841584158 0.04722222222222222 0.09653465346534654
1 0.5083333333333333 0.17574257425742573 0.030555555555555555 0.0594059405940594
2 0.5444444444444444 0.2896039603960396 0.05 0.09900990099009901
2 0.65625 0.3564356435643564 0.05138888888888889 0.10891089108910891
2 0.39861111111111114 0.18935643564356436 0.03611111111111111 0.07178217821782178
2 0.3625 0.28094059405940597 0.05 0.10148514851485149
2 0.79375 0.37623762376237624 0.05694444444444444 0.10396039603960396
2 0.2326388888888889 0.21287128712871287 0.0375 0.06435643564356436
2 0.7034722222222223 0.47896039603960394 0.06527777777777778 0.11633663366336634
2 0.24722222222222223 0.46410891089108913 0.06944444444444445 0.14108910891089108
2 0.19375 0.20915841584158415 0.03194444444444444 0.06683168316831684
2 0.7451388888888889 0.26485148514851486 0.0375 0.07425742574257425
5 0.16666666666666666 0.25742574257425743 0.05555555555555555 0.15346534653465346
2 0.3472222222222222 0.46163366336633666 0.08055555555555556 0.14108910891089108
2 0.7881944444444444 0.31435643564356436 0.04027777777777778 0.08415841584158416
2 0.9222222222222223 0.47277227722772275 0.04722222222222222 0.10891089108910891
2 0.10902777777777778 0.2908415841584158 0.043055555555555555 0.09158415841584158
2 0.6270833333333333 0.4665841584158416 0.06805555555555555 0.1311881188118812
2 0.7083333333333334 0.2264851485148515 0.03611111111111111 0.06188118811881188
2 0.03958333333333333 0.46534653465346537 0.06527777777777778 0.12871287128712872
2 0.5729166666666666 0.20915841584158415 0.034722222222222224 0.06683168316831684
2 0.6104166666666667 0.29826732673267325 0.04861111111111111 0.09158415841584158
2 0.5166666666666667 0.20668316831683167 0.03611111111111111 0.06683168316831684
2 0.5569444444444445 0.1806930693069307 0.03333333333333333 0.06435643564356436
2 0.059027777777777776 0.3589108910891089 0.05416666666666667 0.1188118811881188
2 0.5951388888888889 0.24257425742574257 0.04583333333333333 0.08415841584158416
2 0.8534722222222222 0.37995049504950495 0.04861111111111111 0.08663366336633663
2 0.20694444444444443 0.24504950495049505 0.03333333333333333 0.06930693069306931
2 0.5743055555555555 0.36014851485148514 0.059722222222222225 0.11138613861386139
2 0.3611111111111111 0.17202970297029702 0.027777777777777776 0.06683168316831684
2 0.6659722222222222 0.22153465346534654 0.0375 0.06683168316831684
