2 0.3625 0.17202970297029702 0.030555555555555555 0.06188118811881188
2 0.6118055555555556 0.297029702970297 0.04583333333333333 0.0891089108910891
2 0.34652777777777777 0.20297029702970298 0.0375 0.06930693069306931
1 0.5173611111111112 0.2042079207920792 0.0375 0.06683168316831684
2 0.3993055555555556 0.19554455445544555 0.0375 0.06930693069306931
2 0.19236111111111112 0.20915841584158415 0.03194444444444444 0.06683168316831684
2 0.39305555555555555 0.2400990099009901 0.041666666666666664 0.07920792079207921
2 0.35694444444444445 0.3551980198019802 0.058333333333333334 0.12623762376237624
5 0.16666666666666666 0.25742574257425743 0.05277777777777778 0.15346534653465346
2 0.3625 0.27970297029702973 0.04722222222222222 0.09900990099009901
2 0.10902777777777778 0.2896039603960396 0.043055555555555555 0.09405940594059406
2 0.059027777777777776 0.3589108910891089 0.05416666666666667 0.11386138613861387
2 0.7951388888888888 0.37623762376237624 0.05416666666666667 0.10396039603960396
2 0.1125 0.35767326732673266 0.05 0.10643564356435643
2 0.7881944444444444 0.30816831683168316 0.04027777777777778 0.08663366336633663
1 0.5083333333333333 0.17574257425742573 0.030555555555555555 0.0594059405940594
2 0.6569444444444444 0.3564356435643564 0.05277777777777778 0.10891089108910891
2 0.5736111111111111 0.2103960396039604 0.03611111111111111 0.06930693069306931
2 0.5444444444444444 0.2896039603960396 0.05 0.09900990099009901
2 0.91875 0.47277227722772275 0.04583333333333333 0.10891089108910891
2 0.3486111111111111 0.46163366336633666 0.08055555555555556 0.14108910891089108
2 0.8541666666666666 0.37995049504950495 0.04722222222222222 0.08663366336633663
2 0.6291666666666667 0.4665841584158416 0.06944444444444445 0.1311881188118812
1 0.7 0.2636138613861386 0.044444444444444446 0.07178217821782178
2 0.5347222222222222 0.2400990099009901 0.05 0.07920792079207921
2 0.04027777777777778 0.46782178217821785 0.06388888888888888 0.12871287128712872
2 0.7027777777777777 0.4777227722772277 0.06666666666666667 0.1188118811881188
2 0.7069444444444445 0.22524752475247525 0.03888888888888889 0.06435643564356436
2 0.24722222222222223 0.46534653465346537 0.06666666666666667 0.14356435643564355
2 0.6659722222222222 0.22277227722772278 0.0375 0.06930693069306931
2 0.5569444444444445 0.1806930693069307 0.03333333333333333 0.0594059405940594
2 0.5743055555555555 0.36014851485148514 0.059722222222222225 0.10643564356435643
2 0.74375 0.3131188118811881 0.04583333333333333 0.08663366336633663
2 0.23333333333333334 0.20915841584158415 0.03611111111111111 0.06188118811881188
2 0.3194444444444444 0.2376237623762376 0.05277777777777778 0.07920792079207921
2 0.28194444444444444 0.3551980198019802 0.058333333333333334 0.11633663366336634
2 0.20694444444444443 0.2438118811881188 0.03333333333333333 0.07178217821782178
2 0.88125 0.4777227722772277 0.05416666666666667 0.10891089108910891
2 0.7444444444444445 0.2623762376237624 0.03888888888888889 0.07425742574257425
2 0.3104166666666667 0.2908415841584158 0.04861111111111111 0.09653465346534654
