2 0.740625 0.3622222222222222 0.04375 0.08888888888888889
2 0.4975 0.32222222222222224 0.0425 0.07111111111111111
2 0.898125 0.5055555555555555 0.07125 0.13555555555555557
2 0.45375 0.4922222222222222 0.0875 0.14444444444444443
2 0.48625 0.36 0.0575 0.09333333333333334
2 0.273125 0.3611111111111111 0.04375 0.08222222222222222
2 0.81875 0.4955555555555556 0.07 0.13777777777777778
2 0.155 0.5011111111111111 0.07 0.12222222222222222
2 0.55875 0.5066666666666667 0.065 0.11555555555555555
2 0.334375 0.3522222222222222 0.05125 0.10444444444444445
2 0.329375 0.27444444444444444 0.03625 0.06888888888888889
2 0.29625 0.41555555555555557 0.06 0.11555555555555555
2 0.498125 0.2866666666666667 0.04375 0.06222222222222222
2 0.738125 0.2922222222222222 0.03375 0.07333333333333333
3 0.14625 0.6133333333333333 0.0925 0.14666666666666667
1 0.55375 0.3244444444444444 0.0525 0.07555555555555556
3 0.448125 0.6055555555555555 0.08625 0.17555555555555555
2 0.555 0.36444444444444446 0.06 0.09333333333333334
2 0.48375 0.4288888888888889 0.0575 0.09333333333333334
1 0.3775 0.28444444444444444 0.0375 0.06666666666666667
2 0.768125 0.3211111111111111 0.04125 0.09111111111111111
2 0.840625 0.42777777777777776 0.05625 0.08666666666666667
1 0.368125 0.31444444444444447 0.03875 0.08222222222222222
2 0.685 0.29 0.0425 0.07777777777777778
2 0.5625 0.6177777777777778 0.0925 0.16444444444444445
2 0.8775 0.6122222222222222 0.0775 0.16666666666666666
2 0.79875 0.35444444444444445 0.05 0.10888888888888888
2 0.22375 0.4111111111111111 0.055 0.12
1 0.553125 0.29 0.05375 0.06
1 0.96 0.6111111111111112 0.0725 0.15555555555555556
2 0.0575 0.6122222222222222 0.085 0.15333333333333332
2 0.7625 0.41444444444444445 0.06 0.11777777777777777
2 0.308125 0.31222222222222223 0.03875 0.08222222222222222
2 0.70875 0.3211111111111111 0.0425 0.07777777777777778
2 0.239375 0.4922222222222222 0.07625 0.14444444444444443
2 0.546875 0.43555555555555553 0.05875 0.09777777777777778
