2 0.24791666666666667 0.47029702970297027 0.07083333333333333 0.13861386138613863
1 0.36180555555555555 0.18193069306930693 0.03194444444444444 0.05693069306930693
2 0.8555555555555555 0.3873762376237624 0.044444444444444446 0.08663366336633663
2 0.11041666666666666 0.28836633663366334 0.043055555555555555 0.09653465346534654
2 0.5569444444444445 0.18316831683168316 0.03333333333333333 0.06435643564356436
2 0.6638888888888889 0.21905940594059406 0.03611111111111111 0.07178217821782178
2 0.23194444444444445 0.2079207920792079 0.03611111111111111 0.06435643564356436
2 0.7451388888888889 0.3118811881188119 0.04583333333333333 0.08415841584158416
2 0.7909722222222222 0.3155940594059406 0.04027777777777778 0.08168316831683169
2 0.3611111111111111 0.2871287128712871 0.05277777777777778 0.10396039603960396
2 0.8034722222222223 0.38366336633663367 0.059722222222222225 0.09405940594059406
2 0.27847222222222223 0.3527227722772277 0.05694444444444444 0.11633663366336634
2 0.3090277777777778 0.2957920792079208 0.04583333333333333 0.09653465346534654
2 0.5333333333333333 0.2438118811881188 0.05 0.07673267326732673
2 0.1909722222222222 0.21163366336633663 0.0375 0.06683168316831684
1 0.14791666666666667 0.25495049504950495 0.04027777777777778 0.06930693069306931
2 0.36041666666666666 0.3527227722772277 0.0625 0.11633663366336634
2 0.04236111111111111 0.46410891089108913 0.0625 0.13613861386138615
2 0.39375 0.2438118811881188 0.043055555555555555 0.07673267326732673
2 0.7027777777777777 0.47648514851485146 0.06111111111111111 0.11138613861386139
2 0.20416666666666666 0.24876237623762376 0.044444444444444446 0.07178217821782178
2 0.6993055555555555 0.26732673267326734 0.04861111111111111 0.07425742574257425
2 0.35347222222222224 0.20297029702970298 0.029166666666666667 0.0594059405940594
2 0.7104166666666667 0.22524752475247525 0.043055555555555555 0.07425742574257425
2 0.6583333333333333 0.35767326732673266 0.05277777777777778 0.11138613861386139
2 0.16875 0.2896039603960396 0.05138888888888889 0.09900990099009901
2 0.39791666666666664 0.19554455445544555 0.043055555555555555 0.07920792079207921
2 0.5743055555555555 0.3650990099009901 0.059722222222222225 0.11138613861386139
2 0.8805555555555555 0.4962871287128713 0.05277777777777778 0.10643564356435643
2 0.74375 0.26485148514851486 0.0375 0.06930693069306931
2 0.5173611111111112 0.2079207920792079 0.034722222222222224 0.07425742574257425
2 0.34930555555555554 0.46410891089108913 0.09027777777777778 0.14108910891089108
2 0.33402777777777776 0.23638613861386137 0.043055555555555555 0.07673267326732673
2 0.5097222222222222 0.17698019801980197 0.030555555555555555 0.06188118811881188
2 0.5708333333333333 0.21287128712871287 0.03611111111111111 0.06435643564356436
2 0.1125 0.35767326732673266 0.04722222222222222 0.10643564356435643
2 0.6097222222222223 0.29826732673267325 0.05 0.09158415841584158
2 0.5458333333333333 0.2908415841584158 0.05277777777777778 0.10643564356435643
2 0.5986111111111111 0.24876237623762376 0.04722222222222222 0.07673267326732673
2 0.9229166666666667 0.4715346534653465 0.04583333333333333 0.10148514851485149
5 0.05763888888888889 0.32301980198019803 0.0625 0.1806930693069307
