2 0.740625 0.36444444444444446 0.04125 0.08888888888888889
2 0.15625 0.5011111111111111 0.07 0.11777777777777777
2 0.45375 0.4922222222222222 0.0875 0.14444444444444443
2 0.798125 0.35333333333333333 0.05125 0.10666666666666667
2 0.68375 0.29 0.0425 0.07777777777777778
2 0.059375 0.6177777777777778 0.08875 0.13777777777777778
2 0.819375 0.4955555555555556 0.07125 0.13333333333333333
2 0.561875 0.62 0.09375 0.16
2 0.335625 0.3511111111111111 0.05375 0.10222222222222223
2 0.768125 0.32 0.04125 0.08888888888888889
2 0.499375 0.2877777777777778 0.04375 0.06444444444444444
2 0.55875 0.5077777777777778 0.065 0.11333333333333333
2 0.22375 0.4111111111111111 0.0525 0.11555555555555555
2 0.83875 0.42777777777777776 0.06 0.08666666666666667
2 0.296875 0.41555555555555557 0.05875 0.11555555555555555
1 0.553125 0.28888888888888886 0.05375 0.06222222222222222
2 0.4975 0.3211111111111111 0.0425 0.07333333333333333
1 0.553125 0.3244444444444444 0.05375 0.07555555555555556
2 0.71 0.3211111111111111 0.0425 0.07777777777777778
2 0.274375 0.3611111111111111 0.04375 0.08222222222222222
1 0.3775 0.28444444444444444 0.0375 0.06666666666666667
2 0.555 0.36333333333333334 0.06 0.09111111111111111
2 0.761875 0.41444444444444445 0.05625 0.11333333333333333
2 0.485625 0.3622222222222222 0.05875 0.09333333333333334
2 0.48375 0.42777777777777776 0.0575 0.09111111111111111
1 0.554375 0.35777777777777775 0.06125 0.08888888888888889
3 0.146875 0.6166666666666667 0.08625 0.14888888888888888
2 0.875625 0.6144444444444445 0.08125 0.15777777777777777
1 0.368125 0.31444444444444447 0.04125 0.08222222222222222
2 0.738125 0.2922222222222222 0.03625 0.07333333333333333
2 0.30875 0.31 0.0375 0.08666666666666667
1 0.96 0.6111111111111112 0.0725 0.15555555555555556
2 0.900625 0.5055555555555555 0.07125 0.13111111111111112
2 0.329375 0.27555555555555555 0.03625 0.07111111111111111
3 0.059375 0.6166666666666667 0.08625 0.13555555555555557
2 0.239375 0.4922222222222222 0.07625 0.14444444444444443
2 0.546875 0.43555555555555553 0.05875 0.09777777777777778
3 0.4475 0.6066666666666667 0.085 0.17333333333333334
