2 0.3909722222222222 0.23886138613861385 0.04027777777777778 0.09158415841584158
4 0.05138888888888889 0.4430693069306931 0.06944444444444445 0.1782178217821782
1 0.36319444444444443 0.34405940594059403 0.07916666666666666 0.13366336633663367
1 0.40208333333333335 0.2042079207920792 0.034722222222222224 0.06188118811881188
4 0.525 0.18688118811881188 0.044444444444444446 0.10148514851485149
1 0.33819444444444446 0.23638613861386137 0.04583333333333333 0.08168316831683169
1 0.7111111111111111 0.46410891089108913 0.08333333333333333 0.11633663366336634
1 0.15763888888888888 0.24504950495049505 0.04861111111111111 0.07920792079207921
1 0.7979166666666667 0.37623762376237624 0.05416666666666667 0.10891089108910891
1 0.5763888888888888 0.36386138613861385 0.06944444444444445 0.12871287128712872
5 0.7951388888888888 0.29455445544554454 0.04861111111111111 0.12871287128712872
1 0.8673611111111111 0.4628712871287129 0.05416666666666667 0.12376237623762376
1 0.2361111111111111 0.20915841584158415 0.03888888888888889 0.06683168316831684
1 0.2076388888888889 0.24133663366336633 0.04583333333333333 0.09158415841584158
1 0.5923611111111111 0.24133663366336633 0.05138888888888889 0.09158415841584158
1 0.24722222222222223 0.46782178217821785 0.08611111111111111 0.16336633663366337
1 0.6659722222222222 0.2202970297029703 0.04027777777777778 0.07425742574257425
1 0.7090277777777778 0.2202970297029703 0.04027777777777778 0.06435643564356436
1 0.6548611111111111 0.3551980198019802 0.059722222222222225 0.12128712871287128
2 0.5354166666666667 0.2376237623762376 0.04027777777777778 0.0891089108910891
1 0.11666666666666667 0.3502475247524752 0.06944444444444445 0.11138613861386139
1 0.38055555555555554 0.28589108910891087 0.058333333333333334 0.10148514851485149
1 0.1701388888888889 0.2908415841584158 0.05138888888888889 0.10148514851485149
1 0.7423611111111111 0.30816831683168316 0.05416666666666667 0.09158415841584158
1 0.7465277777777778 0.2599009900990099 0.034722222222222224 0.07425742574257425
1 0.28541666666666665 0.35148514851485146 0.059722222222222225 0.1188118811881188
1 0.34652777777777777 0.44801980198019803 0.07916666666666666 0.16336633663366337
1 0.6076388888888888 0.4504950495049505 0.09583333333333334 0.13861386138613863
4 0.3993055555555556 0.1670792079207921 0.05138888888888889 0.09158415841584158
4 0.8520833333333333 0.34529702970297027 0.05694444444444444 0.15594059405940594
1 0.30972222222222223 0.2871287128712871 0.05555555555555555 0.09405940594059406
1 0.1111111111111111 0.28465346534653463 0.05277777777777778 0.09405940594059406
1 0.5409722222222222 0.28836633663366334 0.059722222222222225 0.10148514851485149
1 0.9263888888888889 0.474009900990099 0.07222222222222222 0.15099009900990099
1 0.6986111111111111 0.2599009900990099 0.041666666666666664 0.07425742574257425
1 0.5777777777777777 0.20668316831683167 0.03611111111111111 0.07178217821782178
1 0.6083333333333333 0.29455445544554454 0.05 0.09900990099009901
