1 0.8555555555555555 0.3725247524752475 0.058333333333333334 0.11138613861386139
1 0.7090277777777778 0.22400990099009901 0.04027777777777778 0.07673267326732673
1 0.7076388888888889 0.4665841584158416 0.09027777777777778 0.1311881188118812
2 0.11319444444444444 0.28589108910891087 0.04583333333333333 0.09653465346534654
1 0.34652777777777777 0.2042079207920792 0.04027777777777778 0.07673267326732673
1 0.9284722222222223 0.47277227722772275 0.06805555555555555 0.14356435643564355
1 0.3090277777777778 0.2896039603960396 0.05694444444444444 0.09900990099009901
1 0.7986111111111112 0.37995049504950495 0.058333333333333334 0.11138613861386139
1 0.4013888888888889 0.20668316831683167 0.03888888888888889 0.06188118811881188
1 0.1951388888888889 0.2079207920792079 0.0375 0.06435643564356436
2 0.058333333333333334 0.35148514851485146 0.058333333333333334 0.13366336633663367
1 0.6673611111111111 0.2202970297029703 0.04027777777777778 0.07425742574257425
1 0.5354166666666667 0.23886138613861385 0.04583333333333333 0.08663366336633663
1 0.3298611111111111 0.23886138613861385 0.043055555555555555 0.08168316831683169
1 0.875 0.46905940594059403 0.06944444444444445 0.1311881188118812
1 0.17083333333333334 0.2908415841584158 0.05 0.09653465346534654
1 0.15625 0.24504950495049505 0.043055555555555555 0.07920792079207921
1 0.2465277777777778 0.4715346534653465 0.10138888888888889 0.16584158415841585
2 0.6097222222222223 0.2957920792079208 0.04722222222222222 0.10148514851485149
2 0.3645833333333333 0.34529702970297027 0.0763888888888889 0.1311881188118812
4 0.6125 0.4146039603960396 0.075 0.2103960396039604
1 0.3902777777777778 0.2400990099009901 0.041666666666666664 0.09405940594059406
1 0.36319444444444443 0.17945544554455445 0.029166666666666667 0.06188118811881188
1 0.11736111111111111 0.349009900990099 0.06527777777777778 0.11386138613861387
2 0.04652777777777778 0.46534653465346537 0.07361111111111111 0.1485148514851485
5 0.7965277777777777 0.28217821782178215 0.05416666666666667 0.1188118811881188
1 0.55625 0.1806930693069307 0.03194444444444444 0.06435643564356436
1 0.5180555555555556 0.2079207920792079 0.03611111111111111 0.07425742574257425
1 0.2048611111111111 0.24257425742574257 0.04583333333333333 0.08415841584158416
1 0.7423611111111111 0.3094059405940594 0.05416666666666667 0.0891089108910891
1 0.23541666666666666 0.20544554455445543 0.04027777777777778 0.06930693069306931
1 0.7 0.26485148514851486 0.041666666666666664 0.07920792079207921
2 0.5944444444444444 0.24257425742574257 0.05 0.0891089108910891
1 0.28680555555555554 0.35396039603960394 0.06527777777777778 0.11386138613861387
1 0.34652777777777777 0.44554455445544555 0.0763888888888889 0.16336633663366337
1 0.5430555555555555 0.2896039603960396 0.07222222222222222 0.10891089108910891
2 0.5770833333333333 0.2079207920792079 0.03194444444444444 0.07425742574257425
1 0.5083333333333333 0.1782178217821782 0.030555555555555555 0.06435643564356436
1 0.6576388888888889 0.3589108910891089 0.06805555555555555 0.12871287128712872
