1 0.6277777777777778 0.2871287128712871 0.05555555555555555 0.0891089108910891
2 0.5090277777777777 0.20297029702970298 0.03194444444444444 0.06435643564356436
1 0.3923611111111111 0.23267326732673269 0.04861111111111111 0.08415841584158416
1 0.5402777777777777 0.2871287128712871 0.06388888888888888 0.10891089108910891
1 0.5548611111111111 0.18193069306930693 0.029166666666666667 0.07178217821782178
1 0.2777777777777778 0.35148514851485146 0.06944444444444445 0.13861386138613863
5 0.5840277777777778 0.21782178217821782 0.05138888888888889 0.12376237623762376
4 0.05763888888888889 0.4183168316831683 0.0625 0.2079207920792079
2 0.6659722222222222 0.22153465346534654 0.04027777777777778 0.07673267326732673
1 0.7416666666666667 0.3094059405940594 0.05555555555555555 0.0891089108910891
1 0.15416666666666667 0.24133663366336633 0.03611111111111111 0.07673267326732673
3 0.9291666666666667 0.47648514851485146 0.06388888888888888 0.1311881188118812
1 0.3506944444444444 0.4405940594059406 0.09583333333333334 0.15841584158415842
4 0.40069444444444446 0.14727722772277227 0.04861111111111111 0.11138613861386139
1 0.7006944444444444 0.2623762376237624 0.04027777777777778 0.07920792079207921
1 0.33402777777777776 0.23391089108910892 0.043055555555555555 0.08168316831683169
5 0.7875 0.2834158415841584 0.044444444444444446 0.12623762376237624
2 0.53125 0.23886138613861385 0.043055555555555555 0.08663366336633663
1 0.2048611111111111 0.2376237623762376 0.04583333333333333 0.0891089108910891
2 0.7458333333333333 0.2599009900990099 0.03611111111111111 0.06930693069306931
1 0.34652777777777777 0.2004950495049505 0.04027777777777778 0.07425742574257425
1 0.8569444444444444 0.3712871287128713 0.06111111111111111 0.10891089108910891
1 0.8722222222222222 0.46782178217821785 0.058333333333333334 0.13366336633663367
4 0.2520833333333333 0.44554455445544555 0.09583333333333334 0.21782178217821782
4 0.6138888888888889 0.44801980198019803 0.07777777777777778 0.1485148514851485
1 0.36319444444444443 0.34405940594059403 0.07916666666666666 0.14356435643564355
4 0.05555555555555555 0.3465346534653465 0.058333333333333334 0.13861386138613863
1 0.19166666666666668 0.20544554455445543 0.03611111111111111 0.06930693069306931
1 0.17291666666666666 0.28465346534653463 0.04583333333333333 0.09900990099009901
1 0.3763888888888889 0.2871287128712871 0.06111111111111111 0.11386138613861387
1 0.30972222222222223 0.28094059405940597 0.05277777777777778 0.09158415841584158
1 0.5763888888888888 0.3613861386138614 0.06666666666666667 0.12871287128712872
1 0.6625 0.35396039603960394 0.075 0.12871287128712872
2 0.23819444444444443 0.2004950495049505 0.034722222222222224 0.06930693069306931
1 0.7916666666666666 0.3688118811881188 0.05277777777777778 0.09405940594059406
4 0.11805555555555555 0.32425742574257427 0.06666666666666667 0.17326732673267325
