4 0.05486111111111111 0.33044554455445546 0.07361111111111111 0.15594059405940594
1 0.5868055555555556 0.23514851485148514 0.05416666666666667 0.0891089108910891
1 0.3375 0.23514851485148514 0.03888888888888889 0.07920792079207921
1 0.7 0.2623762376237624 0.041666666666666664 0.07920792079207921
4 0.4 0.15346534653465346 0.05 0.10891089108910891
1 0.3638888888888889 0.34282178217821785 0.08055555555555556 0.13613861386138615
1 0.9340277777777778 0.46782178217821785 0.06805555555555555 0.13366336633663367
2 0.6652777777777777 0.21905940594059406 0.03888888888888889 0.07178217821782178
1 0.7458333333333333 0.26113861386138615 0.03888888888888889 0.07178217821782178
1 0.5173611111111112 0.2042079207920792 0.0375 0.07178217821782178
1 0.3486111111111111 0.20544554455445543 0.03888888888888889 0.0594059405940594
1 0.25069444444444444 0.46410891089108913 0.09027777777777778 0.16584158415841585
1 0.5090277777777777 0.1782178217821782 0.034722222222222224 0.06930693069306931
1 0.39791666666666664 0.1967821782178218 0.04583333333333333 0.06683168316831684
1 0.6583333333333333 0.35396039603960394 0.06666666666666667 0.12871287128712872
1 0.30972222222222223 0.27970297029702973 0.04722222222222222 0.09405940594059406
1 0.5416666666666666 0.28836633663366334 0.06666666666666667 0.09653465346534654
1 0.2048611111111111 0.2400990099009901 0.05138888888888889 0.08415841584158416
1 0.19444444444444445 0.20297029702970298 0.03611111111111111 0.06930693069306931
1 0.3486111111111111 0.4443069306930693 0.08611111111111111 0.15099009900990099
5 0.11666666666666667 0.3217821782178218 0.06111111111111111 0.16336633663366337
3 0.8534722222222222 0.37376237623762376 0.05694444444444444 0.11386138613861387
4 0.16319444444444445 0.2722772277227723 0.059722222222222225 0.12871287128712872
1 0.5798611111111112 0.35767326732673266 0.06527777777777778 0.14108910891089108
1 0.7416666666666667 0.3069306930693069 0.05555555555555555 0.0891089108910891
1 0.3715277777777778 0.2871287128712871 0.07083333333333333 0.10891089108910891
1 0.8708333333333333 0.46905940594059403 0.06388888888888888 0.14108910891089108
4 0.05277777777777778 0.3997524752475248 0.08055555555555556 0.2004950495049505
1 0.5333333333333333 0.23638613861386137 0.04722222222222222 0.08168316831683169
5 0.7902777777777777 0.2908415841584158 0.044444444444444446 0.1311881188118812
1 0.5548611111111111 0.1806930693069307 0.034722222222222224 0.06930693069306931
3 0.2798611111111111 0.36014851485148514 0.07083333333333333 0.1311881188118812
