1 0.2826388888888889 0.36386138613861385 0.06527777777777778 0.12871287128712872
4 0.20694444444444443 0.2141089108910891 0.05555555555555555 0.14108910891089108
1 0.9354166666666667 0.47029702970297027 0.06805555555555555 0.13861386138613863
4 0.3645833333333333 0.3131188118811881 0.07916666666666666 0.2004950495049505
4 0.5666666666666667 0.34405940594059403 0.075 0.12376237623762376
4 0.6576388888888889 0.3353960396039604 0.07361111111111111 0.18564356435643564
4 0.12430555555555556 0.32301980198019803 0.0625 0.1905940594059406
4 0.7090277777777778 0.4752475247524752 0.08194444444444444 0.13861386138613863
4 0.34652777777777777 0.4430693069306931 0.09305555555555556 0.16336633663366337
4 0.8694444444444445 0.4430693069306931 0.06111111111111111 0.20297029702970298
4 0.058333333333333334 0.33663366336633666 0.075 0.16336633663366337
3 0.5861111111111111 0.2400990099009901 0.06666666666666667 0.09405940594059406
1 0.5423611111111111 0.297029702970297 0.0763888888888889 0.09405940594059406
5 0.7951388888888888 0.2908415841584158 0.05694444444444444 0.15099009900990099
4 0.4027777777777778 0.15346534653465346 0.05277777777777778 0.1188118811881188
1 0.7013888888888888 0.2660891089108911 0.041666666666666664 0.07178217821782178
3 0.8576388888888888 0.38242574257425743 0.0625 0.11633663366336634
1 0.7479166666666667 0.2636138613861386 0.04027777777777778 0.07178217821782178
1 0.7402777777777778 0.31435643564356436 0.05555555555555555 0.09405940594059406
4 0.16944444444444445 0.26732673267326734 0.06111111111111111 0.15346534653465346
4 0.2361111111111111 0.1806930693069307 0.04722222222222222 0.10891089108910891
4 0.7076388888888889 0.20297029702970298 0.04027777777777778 0.1188118811881188
4 0.6638888888888889 0.21782178217821782 0.03333333333333333 0.07920792079207921
4 0.05416666666666667 0.42698019801980197 0.06944444444444445 0.21534653465346534
1 0.5555555555555556 0.1844059405940594 0.03611111111111111 0.07178217821782178
1 0.3055555555555556 0.28465346534653463 0.04722222222222222 0.09405940594059406
4 0.7951388888888888 0.3650990099009901 0.0625 0.15099009900990099
4 0.10902777777777778 0.27970297029702973 0.05694444444444444 0.12376237623762376
4 0.24444444444444444 0.452970297029703 0.10833333333333334 0.19306930693069307
