1 0.9333333333333333 0.47277227722772275 0.06388888888888888 0.13861386138613863
1 0.5583333333333333 0.18316831683168316 0.03888888888888889 0.06435643564356436
1 0.19791666666666666 0.20544554455445543 0.029166666666666667 0.06930693069306931
1 0.7972222222222223 0.37376237623762376 0.05 0.10891089108910891
4 0.05763888888888889 0.4282178217821782 0.06527777777777778 0.21287128712871287
2 0.23541666666666666 0.20173267326732675 0.034722222222222224 0.07178217821782178
6 0.7958333333333333 0.37376237623762376 0.06666666666666667 0.11386138613861387
5 0.5555555555555556 0.2636138613861386 0.07222222222222222 0.13613861386138615
4 0.12083333333333333 0.32301980198019803 0.06666666666666667 0.1806930693069307
4 0.7104166666666667 0.2079207920792079 0.043055555555555555 0.09900990099009901
4 0.058333333333333334 0.33663366336633666 0.05 0.19306930693069307
1 0.85625 0.37376237623762376 0.06527777777777778 0.10396039603960396
1 0.3506944444444444 0.4467821782178218 0.08194444444444444 0.16584158415841585
1 0.8770833333333333 0.4752475247524752 0.07361111111111111 0.13861386138613863
1 0.7395833333333334 0.3131188118811881 0.04861111111111111 0.09158415841584158
1 0.3736111111111111 0.2933168316831683 0.06666666666666667 0.11138613861386139
1 0.5145833333333333 0.20173267326732675 0.043055555555555555 0.07178217821782178
4 0.16944444444444445 0.2636138613861386 0.05555555555555555 0.14603960396039603
1 0.39305555555555555 0.2400990099009901 0.04722222222222222 0.07425742574257425
2 0.21388888888888888 0.23886138613861385 0.03611111111111111 0.08168316831683169
1 0.6673611111111111 0.22153465346534654 0.0375 0.07673267326732673
1 0.2881944444444444 0.3564356435643564 0.07083333333333333 0.12376237623762376
5 0.7930555555555555 0.28094059405940597 0.05555555555555555 0.1311881188118812
1 0.30416666666666664 0.2908415841584158 0.04722222222222222 0.09653465346534654
1 0.7472222222222222 0.2636138613861386 0.03888888888888889 0.07178217821782178
2 0.5944444444444444 0.2438118811881188 0.041666666666666664 0.09158415841584158
1 0.36875 0.34282178217821785 0.07361111111111111 0.14108910891089108
5 0.25277777777777777 0.4443069306930693 0.08055555555555556 0.21534653465346534
5 0.63125 0.2784653465346535 0.05138888888888889 0.11138613861386139
4 0.7159722222222222 0.4282178217821782 0.0875 0.22772277227722773
4 0.6256944444444444 0.4183168316831683 0.09305555555555556 0.22772277227722773
