4 0.34930555555555554 0.19306930693069307 0.0375 0.12376237623762376
4 0.74375 0.28094059405940597 0.04583333333333333 0.13613861386138615
4 0.4013888888888889 0.15222772277227722 0.05277777777777778 0.10148514851485149
5 0.38680555555555557 0.3155940594059406 0.06805555555555555 0.1707920792079208
4 0.5243055555555556 0.22896039603960397 0.04027777777777778 0.09158415841584158
4 0.10902777777777778 0.2623762376237624 0.05416666666666667 0.1485148514851485
4 0.7048611111111112 0.42698019801980197 0.06805555555555555 0.20544554455445543
4 0.6694444444444444 0.21658415841584158 0.03888888888888889 0.08168316831683169
4 0.058333333333333334 0.3254950495049505 0.05555555555555555 0.14603960396039603
1 0.8701388888888889 0.47277227722772275 0.059722222222222225 0.12871287128712872
2 0.2125 0.23886138613861385 0.03611111111111111 0.08168316831683169
5 0.6368055555555555 0.2685643564356436 0.05138888888888889 0.11633663366336634
1 0.9354166666666667 0.4752475247524752 0.07083333333333333 0.13366336633663367
1 0.2791666666666667 0.36014851485148514 0.06944444444444445 0.1311881188118812
1 0.8576388888888888 0.37376237623762376 0.059722222222222225 0.10891089108910891
5 0.7916666666666666 0.297029702970297 0.05 0.14356435643564355
1 0.3104166666666667 0.2871287128712871 0.05416666666666667 0.09405940594059406
2 0.5965277777777778 0.24257425742574257 0.04027777777777778 0.09405940594059406
5 0.21180555555555555 0.4282178217821782 0.06805555555555555 0.18811881188118812
4 0.7958333333333333 0.36014851485148514 0.06666666666666667 0.14108910891089108
2 0.6291666666666667 0.33910891089108913 0.06388888888888888 0.1188118811881188
4 0.052083333333333336 0.4282178217821782 0.06805555555555555 0.19801980198019803
4 0.11597222222222223 0.34777227722772275 0.06805555555555555 0.13613861386138615
1 0.32430555555555557 0.2400990099009901 0.04861111111111111 0.0891089108910891
5 0.5541666666666667 0.25495049504950495 0.05277777777777778 0.12871287128712872
4 0.1673611111111111 0.2698019801980198 0.059722222222222225 0.13861386138613863
