4 0.05763888888888889 0.41955445544554454 0.05694444444444444 0.20544554455445543
1 0.9340277777777778 0.47896039603960394 0.06805555555555555 0.12128712871287128
4 0.3486111111111111 0.17945544554455445 0.03611111111111111 0.1311881188118812
4 0.7840277777777778 0.3564356435643564 0.05138888888888889 0.1485148514851485
2 0.41041666666666665 0.1967821782178218 0.04027777777777778 0.06683168316831684
5 0.5520833333333334 0.24628712871287128 0.05138888888888889 0.10148514851485149
4 0.16875 0.26732673267326734 0.05694444444444444 0.13861386138613863
4 0.8576388888888888 0.36633663366336633 0.059722222222222225 0.10891089108910891
5 0.3923611111111111 0.3180693069306931 0.0763888888888889 0.18564356435643564
3 0.2798611111111111 0.3650990099009901 0.07361111111111111 0.12128712871287128
2 0.6298611111111111 0.33663366336633666 0.05416666666666667 0.11386138613861387
4 0.7034722222222223 0.41955445544554454 0.05694444444444444 0.21534653465346534
5 0.5958333333333333 0.24628712871287128 0.03611111111111111 0.09158415841584158
4 0.74375 0.27351485148514854 0.0375 0.1608910891089109
5 0.2111111111111111 0.42945544554455445 0.08055555555555556 0.1905940594059406
1 0.3125 0.2908415841584158 0.05277777777777778 0.09653465346534654
4 0.11875 0.32673267326732675 0.06527777777777778 0.16831683168316833
4 0.6659722222222222 0.22277227722772278 0.0375 0.07425742574257425
1 0.3194444444444444 0.24504950495049505 0.05 0.08415841584158416
4 0.06319444444444444 0.3254950495049505 0.059722222222222225 0.1707920792079208
