1 0.30972222222222223 0.28465346534653463 0.05555555555555555 0.09405940594059406
5 0.5534722222222223 0.24876237623762376 0.04861111111111111 0.11633663366336634
4 0.11805555555555555 0.3316831683168317 0.06944444444444445 0.15841584158415842
5 0.3902777777777778 0.31435643564356436 0.075 0.16831683168316833
1 0.3458333333333333 0.4430693069306931 0.08055555555555556 0.16336633663366337
5 0.21041666666666667 0.42574257425742573 0.06805555555555555 0.18316831683168316
1 0.8715277777777778 0.47029702970297027 0.059722222222222225 0.12871287128712872
3 0.9319444444444445 0.47277227722772275 0.06666666666666667 0.13366336633663367
3 0.2798611111111111 0.36386138613861385 0.07083333333333333 0.12871287128712872
4 0.6277777777777778 0.3217821782178218 0.058333333333333334 0.16336633663366337
4 0.7881944444444444 0.36386138613861385 0.05694444444444444 0.12871287128712872
4 0.5694444444444444 0.33663366336633666 0.058333333333333334 0.13861386138613863
4 0.40347222222222223 0.14727722772277227 0.04583333333333333 0.10643564356435643
4 0.16666666666666666 0.26485148514851486 0.058333333333333334 0.13861386138613863
5 0.7861111111111111 0.28465346534653463 0.04722222222222222 0.12871287128712872
1 0.6659722222222222 0.21905940594059406 0.034722222222222224 0.07178217821782178
4 0.7416666666666667 0.2784653465346535 0.03888888888888889 0.15099009900990099
4 0.8527777777777777 0.3341584158415842 0.05555555555555555 0.1782178217821782
4 0.05555555555555555 0.422029702970297 0.06666666666666667 0.2103960396039604
4 0.11458333333333333 0.2623762376237624 0.04861111111111111 0.15841584158415842
