4 0.05625 0.3341584158415842 0.06805555555555555 0.15346534653465346
5 0.6354166666666666 0.2722772277227723 0.05416666666666667 0.12871287128712872
3 0.9333333333333333 0.474009900990099 0.06944444444444445 0.1311881188118812
4 0.78125 0.37004950495049505 0.05416666666666667 0.12623762376237624
4 0.11666666666666667 0.3254950495049505 0.06944444444444445 0.17574257425742573
4 0.3333333333333333 0.4381188118811881 0.09722222222222222 0.17326732673267325
5 0.6861111111111111 0.3353960396039604 0.06666666666666667 0.16584158415841585
4 0.6666666666666666 0.21658415841584158 0.03888888888888889 0.07673267326732673
4 0.04791666666666667 0.422029702970297 0.0763888888888889 0.2103960396039604
4 0.11736111111111111 0.26113861386138615 0.04583333333333333 0.15099009900990099
1 0.2798611111111111 0.3551980198019802 0.07361111111111111 0.14108910891089108
1 0.32083333333333336 0.23886138613861385 0.05 0.08663366336633663
1 0.3111111111111111 0.28589108910891087 0.05555555555555555 0.09653465346534654
5 0.3861111111111111 0.30074257425742573 0.08055555555555556 0.1905940594059406
1 0.8555555555555555 0.3712871287128713 0.058333333333333334 0.10396039603960396
5 0.20972222222222223 0.42698019801980197 0.07777777777777778 0.18564356435643564
4 0.17222222222222222 0.2599009900990099 0.05277777777777778 0.15841584158415842
4 0.34930555555555554 0.19183168316831684 0.04027777777777778 0.09653465346534654
2 0.7416666666666667 0.3032178217821782 0.04722222222222222 0.08663366336633663
2 0.7451388888888889 0.26113861386138615 0.034722222222222224 0.07178217821782178
2 0.6659722222222222 0.21905940594059406 0.0375 0.07178217821782178
2 0.5965277777777778 0.24257425742574257 0.0375 0.10396039603960396
4 0.3993055555555556 0.16831683168316833 0.05416666666666667 0.12376237623762376
