1 0.3104166666666667 0.2871287128712871 0.05416666666666667 0.09900990099009901
4 0.9326388888888889 0.4467821782178218 0.0625 0.1806930693069307
5 0.6347222222222222 0.2747524752475248 0.05277777777777778 0.13366336633663367
4 0.7423611111111111 0.27351485148514854 0.04027777777777778 0.14603960396039603
1 0.27847222222222223 0.3551980198019802 0.0763888888888889 0.12623762376237624
4 0.7819444444444444 0.36014851485148514 0.05277777777777778 0.13613861386138615
5 0.3902777777777778 0.31064356435643564 0.07777777777777778 0.1707920792079208
4 0.8548611111111111 0.38366336633663367 0.05138888888888889 0.12376237623762376
4 0.6659722222222222 0.21658415841584158 0.0375 0.08168316831683169
5 0.2111111111111111 0.4245049504950495 0.08333333333333333 0.2004950495049505
4 0.05555555555555555 0.4146039603960396 0.06944444444444445 0.22524752475247525
4 0.05763888888888889 0.327970297029703 0.0625 0.15099009900990099
4 0.17152777777777778 0.25866336633663367 0.05416666666666667 0.15099009900990099
5 0.7833333333333333 0.28094059405940597 0.04722222222222222 0.12623762376237624
4 0.71875 0.4319306930693069 0.0763888888888889 0.2004950495049505
5 0.6909722222222222 0.3193069306930693 0.05694444444444444 0.14356435643564355
4 0.3277777777777778 0.2042079207920792 0.041666666666666664 0.14603960396039603
4 0.3416666666666667 0.42698019801980197 0.08055555555555556 0.18564356435643564
4 0.11805555555555555 0.3193069306930693 0.06388888888888888 0.19801980198019803
4 0.6291666666666667 0.43564356435643564 0.08611111111111111 0.19306930693069307
