1 0.20625 0.2376237623762376 0.043055555555555555 0.07920792079207921
1 0.35833333333333334 0.1806930693069307 0.03611111111111111 0.0594059405940594
1 0.40208333333333335 0.20297029702970298 0.04027777777777778 0.06930693069306931
5 0.6895833333333333 0.3353960396039604 0.06805555555555555 0.15594059405940594
1 0.19583333333333333 0.2042079207920792 0.030555555555555555 0.06683168316831684
1 0.34652777777777777 0.2103960396039604 0.04027777777777778 0.06435643564356436
1 0.7104166666666667 0.4752475247524752 0.08194444444444444 0.15346534653465346
1 0.5784722222222223 0.20915841584158415 0.020833333333333332 0.06188118811881188
2 0.3402777777777778 0.4752475247524752 0.10277777777777777 0.16831683168316833
1 0.6694444444444444 0.2202970297029703 0.03888888888888889 0.07425742574257425
1 0.5090277777777777 0.1806930693069307 0.034722222222222224 0.06930693069306931
1 0.5159722222222223 0.2079207920792079 0.04027777777777778 0.06930693069306931
1 0.7979166666666667 0.38613861386138615 0.059722222222222225 0.12376237623762376
5 0.38472222222222224 0.3131188118811881 0.08055555555555556 0.1806930693069307
5 0.20694444444444443 0.42698019801980197 0.07222222222222222 0.1905940594059406
1 0.6291666666666667 0.46905940594059403 0.07222222222222222 0.15594059405940594
1 0.14722222222222223 0.2524752475247525 0.05 0.12871287128712872
5 0.7909722222222222 0.2834158415841584 0.043055555555555555 0.1311881188118812
1 0.5951388888888889 0.2438118811881188 0.034722222222222224 0.08168316831683169
1 0.23680555555555555 0.20544554455445543 0.043055555555555555 0.06930693069306931
5 0.6388888888888888 0.28217821782178215 0.06111111111111111 0.14356435643564355
1 0.5555555555555556 0.23886138613861385 0.05 0.09158415841584158
1 0.10833333333333334 0.28589108910891087 0.05 0.10148514851485149
1 0.11180555555555556 0.3589108910891089 0.0625 0.12376237623762376
1 0.04513888888888889 0.45792079207920794 0.07083333333333333 0.13366336633663367
5 0.5493055555555556 0.327970297029703 0.07916666666666666 0.16584158415841585
1 0.27361111111111114 0.36757425742574257 0.07222222222222222 0.12623762376237624
1 0.7430555555555556 0.31064356435643564 0.05555555555555555 0.08663366336633663
1 0.7034722222222223 0.2722772277227723 0.04583333333333333 0.07920792079207921
1 0.5541666666666667 0.18193069306930693 0.03611111111111111 0.06683168316831684
1 0.05555555555555555 0.3626237623762376 0.06388888888888888 0.11633663366336634
2 0.7465277777777778 0.2660891089108911 0.034722222222222224 0.07178217821782178
1 0.31180555555555556 0.2896039603960396 0.05694444444444444 0.10396039603960396
1 0.9354166666666667 0.4752475247524752 0.06805555555555555 0.13861386138613863
