1 0.4 0.2004950495049505 0.041666666666666664 0.06930693069306931
1 0.23472222222222222 0.20915841584158415 0.03888888888888889 0.06683168316831684
1 0.11041666666666666 0.35767326732673266 0.06527777777777778 0.12128712871287128
1 0.30833333333333335 0.2896039603960396 0.058333333333333334 0.10891089108910891
1 0.50625 0.1782178217821782 0.034722222222222224 0.06435643564356436
1 0.04027777777777778 0.4591584158415842 0.075 0.13613861386138615
5 0.19930555555555557 0.42698019801980197 0.08194444444444444 0.1905940594059406
1 0.9333333333333333 0.47648514851485146 0.07222222222222222 0.13613861386138615
2 0.4048611111111111 0.16831683168316833 0.0375 0.0594059405940594
5 0.6902777777777778 0.3341584158415842 0.06388888888888888 0.16831683168316833
5 0.5493055555555556 0.3292079207920792 0.07361111111111111 0.16831683168316833
1 0.33125 0.24628712871287128 0.04583333333333333 0.08168316831683169
1 0.7430555555555556 0.3069306930693069 0.05277777777777778 0.0891089108910891
1 0.5173611111111112 0.20544554455445543 0.04027777777777778 0.06435643564356436
5 0.14722222222222223 0.2537128712871287 0.04722222222222222 0.14108910891089108
1 0.5555555555555556 0.1782178217821782 0.03333333333333333 0.0594059405940594
1 0.7465277777777778 0.26113861386138615 0.03194444444444444 0.06683168316831684
1 0.4041666666666667 0.16955445544554457 0.03888888888888889 0.06188118811881188
5 0.6402777777777777 0.27351485148514854 0.05 0.1311881188118812
1 0.10625 0.2871287128712871 0.05416666666666667 0.10891089108910891
1 0.19305555555555556 0.20544554455445543 0.03611111111111111 0.06930693069306931
1 0.05625 0.3613861386138614 0.059722222222222225 0.12871287128712872
1 0.20416666666666666 0.24133663366336633 0.05 0.08168316831683169
1 0.85625 0.37995049504950495 0.05694444444444444 0.10148514851485149
5 0.38263888888888886 0.31435643564356436 0.07361111111111111 0.17326732673267325
1 0.6270833333333333 0.4801980198019802 0.0763888888888889 0.12871287128712872
1 0.35833333333333334 0.1782178217821782 0.03333333333333333 0.0594059405940594
1 0.2743055555555556 0.3688118811881188 0.07916666666666666 0.12871287128712872
1 0.33958333333333335 0.46782178217821785 0.10694444444444444 0.1782178217821782
5 0.7902777777777777 0.28094059405940597 0.044444444444444446 0.1311881188118812
1 0.6701388888888888 0.22153465346534654 0.0375 0.07178217821782178
1 0.5944444444444444 0.23886138613861385 0.03611111111111111 0.08663366336633663
1 0.8 0.3774752475247525 0.05555555555555555 0.10148514851485149
1 0.34375 0.20668316831683167 0.043055555555555555 0.06683168316831684
1 0.7104166666666667 0.474009900990099 0.08472222222222223 0.14603960396039603
