5 0.5548611111111111 0.33663366336633666 0.08194444444444444 0.16831683168316833
1 0.11319444444444444 0.35767326732673266 0.059722222222222225 0.12623762376237624
5 0.6888888888888889 0.33910891089108913 0.06666666666666667 0.17326732673267325
1 0.2361111111111111 0.21534653465346534 0.041666666666666664 0.06930693069306931
1 0.10833333333333334 0.2908415841584158 0.05277777777777778 0.10643564356435643
1 0.6270833333333333 0.47648514851485146 0.08194444444444444 0.1311881188118812
1 0.5138888888888888 0.19925742574257427 0.03611111111111111 0.07673267326732673
0 0.8034722222222223 0.38613861386138615 0.0625 0.08415841584158416
1 0.40625 0.16955445544554457 0.04027777777777778 0.05693069306930693
1 0.30972222222222223 0.2896039603960396 0.06111111111111111 0.10891089108910891
1 0.9354166666666667 0.4863861386138614 0.06805555555555555 0.12623762376237624
1 0.34305555555555556 0.4752475247524752 0.08888888888888889 0.17326732673267325
1 0.5076388888888889 0.1806930693069307 0.034722222222222224 0.06930693069306931
1 0.04027777777777778 0.45792079207920794 0.08055555555555556 0.14356435643564355
5 0.20694444444444443 0.43316831683168316 0.06944444444444445 0.18811881188118812
1 0.2048611111111111 0.2438118811881188 0.04861111111111111 0.07673267326732673
1 0.27708333333333335 0.37376237623762376 0.07361111111111111 0.1188118811881188
1 0.5972222222222222 0.24504950495049505 0.03611111111111111 0.0891089108910891
1 0.3472222222222222 0.20915841584158415 0.041666666666666664 0.07178217821782178
5 0.38472222222222224 0.3155940594059406 0.08055555555555556 0.1806930693069307
1 0.40069444444444446 0.20297029702970298 0.04027777777777778 0.06435643564356436
5 0.6416666666666667 0.2747524752475248 0.05277777777777778 0.13366336633663367
1 0.8597222222222223 0.3849009900990099 0.05277777777777778 0.10643564356435643
1 0.7104166666666667 0.4777227722772277 0.08194444444444444 0.14356435643564355
1 0.55625 0.1844059405940594 0.029166666666666667 0.05693069306930693
1 0.32708333333333334 0.24876237623762376 0.04583333333333333 0.08663366336633663
1 0.19583333333333333 0.2079207920792079 0.041666666666666664 0.06930693069306931
1 0.6722222222222223 0.22277227722772278 0.03611111111111111 0.07425742574257425
1 0.05347222222222222 0.36386138613861385 0.07083333333333333 0.12376237623762376
1 0.1451388888888889 0.2400990099009901 0.05138888888888889 0.10396039603960396
1 0.7493055555555556 0.26732673267326734 0.04027777777777778 0.07425742574257425
1 0.79375 0.3118811881188119 0.04583333333333333 0.07920792079207921
1 0.7423611111111111 0.3131188118811881 0.05138888888888889 0.08663366336633663
