1 0.3423611111111111 0.47277227722772275 0.09027777777777778 0.16831683168316833
1 0.6722222222222223 0.22277227722772278 0.041666666666666664 0.07425742574257425
1 0.30833333333333335 0.2896039603960396 0.06111111111111111 0.10891089108910891
5 0.38263888888888886 0.31683168316831684 0.0763888888888889 0.17326732673267325
1 0.8798611111111111 0.48267326732673266 0.0625 0.1188118811881188
1 0.23402777777777778 0.2103960396039604 0.043055555555555555 0.06930693069306931
1 0.14722222222222223 0.2400990099009901 0.05 0.10396039603960396
1 0.7118055555555556 0.47648514851485146 0.08472222222222223 0.14603960396039603
1 0.3611111111111111 0.1844059405940594 0.03333333333333333 0.06683168316831684
1 0.4 0.20173267326732675 0.03888888888888889 0.06683168316831684
5 0.6423611111111112 0.2747524752475248 0.05416666666666667 0.13366336633663367
5 0.20902777777777778 0.43564356435643564 0.07361111111111111 0.18316831683168316
1 0.8583333333333333 0.3811881188118812 0.05555555555555555 0.09900990099009901
1 0.05347222222222222 0.35767326732673266 0.06527777777777778 0.12128712871287128
1 0.7444444444444445 0.30816831683168316 0.05277777777777778 0.08663366336633663
1 0.11041666666666666 0.3589108910891089 0.06527777777777778 0.12376237623762376
1 0.7944444444444444 0.3056930693069307 0.041666666666666664 0.08168316831683169
1 0.3458333333333333 0.20668316831683167 0.041666666666666664 0.07178217821782178
1 0.5076388888888889 0.1782178217821782 0.034722222222222224 0.06435643564356436
1 0.10694444444444444 0.2908415841584158 0.05555555555555555 0.10643564356435643
1 0.6277777777777778 0.4801980198019802 0.075 0.12871287128712872
1 0.20416666666666666 0.2438118811881188 0.05 0.08168316831683169
1 0.9347222222222222 0.4839108910891089 0.06666666666666667 0.12623762376237624
1 0.3215277777777778 0.24133663366336633 0.04861111111111111 0.08168316831683169
1 0.27569444444444446 0.37376237623762376 0.07916666666666666 0.12376237623762376
5 0.6881944444444444 0.33663366336633666 0.06805555555555555 0.16336633663366337
1 0.5152777777777777 0.2042079207920792 0.03888888888888889 0.07178217821782178
5 0.5548611111111111 0.26113861386138615 0.05416666666666667 0.13613861386138615
1 0.19652777777777777 0.20668316831683167 0.043055555555555555 0.07178217821782178
2 0.4041666666666667 0.16955445544554457 0.03888888888888889 0.06188118811881188
1 0.5958333333333333 0.2438118811881188 0.03888888888888889 0.08168316831683169
1 0.5576388888888889 0.18193069306930693 0.034722222222222224 0.05693069306930693
5 0.5513888888888889 0.327970297029703 0.075 0.1707920792079208
1 0.8020833333333334 0.37623762376237624 0.059722222222222225 0.11386138613861387
1 0.04027777777777778 0.4591584158415842 0.07777777777777778 0.13613861386138615
1 0.7493055555555556 0.2636138613861386 0.0375 0.07178217821782178
