1 0.3423611111111111 0.4752475247524752 0.0875 0.16831683168316833
1 0.275 0.3725247524752475 0.07777777777777778 0.12128712871287128
5 0.6881944444444444 0.33910891089108913 0.06527777777777778 0.16336633663366337
1 0.6729166666666667 0.22400990099009901 0.034722222222222224 0.07178217821782178
5 0.6423611111111112 0.275990099009901 0.05416666666666667 0.13613861386138615
2 0.4048611111111111 0.17202970297029702 0.0375 0.06188118811881188
1 0.3215277777777778 0.2438118811881188 0.05138888888888889 0.08663366336633663
1 0.8013888888888889 0.37995049504950495 0.05555555555555555 0.10643564356435643
1 0.1076388888888889 0.29207920792079206 0.05416666666666667 0.10396039603960396
1 0.7118055555555556 0.4777227722772277 0.08472222222222223 0.1485148514851485
1 0.7520833333333333 0.26485148514851486 0.043055555555555555 0.07425742574257425
1 0.9354166666666667 0.48267326732673266 0.07083333333333333 0.12871287128712872
1 0.04027777777777778 0.4603960396039604 0.08055555555555556 0.14356435643564355
1 0.5159722222222223 0.2079207920792079 0.04027777777777778 0.06930693069306931
1 0.34652777777777777 0.2079207920792079 0.043055555555555555 0.06930693069306931
1 0.052083333333333336 0.3589108910891089 0.07083333333333333 0.12376237623762376
1 0.5541666666666667 0.24257425742574257 0.058333333333333334 0.10396039603960396
1 0.79375 0.30816831683168316 0.04583333333333333 0.08663366336633663
5 0.20902777777777778 0.43316831683168316 0.07083333333333333 0.18811881188118812
1 0.3611111111111111 0.1844059405940594 0.030555555555555555 0.06188118811881188
1 0.74375 0.3118811881188119 0.05138888888888889 0.08415841584158416
1 0.5590277777777778 0.1806930693069307 0.0375 0.06435643564356436
1 0.8597222222222223 0.3811881188118812 0.058333333333333334 0.09900990099009901
1 0.20555555555555555 0.24752475247524752 0.04722222222222222 0.07920792079207921
1 0.3104166666666667 0.29207920792079206 0.059722222222222225 0.10891089108910891
1 0.11180555555555556 0.3589108910891089 0.0625 0.12376237623762376
1 0.19652777777777777 0.20668316831683167 0.043055555555555555 0.07178217821782178
1 0.4013888888888889 0.2042079207920792 0.03888888888888889 0.06683168316831684
5 0.3840277777777778 0.31683168316831684 0.07916666666666666 0.18316831683168316
1 0.6263888888888889 0.4839108910891089 0.07777777777777778 0.1311881188118812
1 0.5076388888888889 0.1806930693069307 0.03194444444444444 0.06930693069306931
5 0.5506944444444445 0.33044554455445546 0.07916666666666666 0.1707920792079208
5 0.14791666666666667 0.2599009900990099 0.04861111111111111 0.13366336633663367
1 0.23541666666666666 0.2141089108910891 0.04027777777777778 0.06683168316831684
