1 0.14652777777777778 0.24257425742574257 0.04861111111111111 0.10891089108910891
1 0.11041666666666666 0.35767326732673266 0.06527777777777778 0.12623762376237624
1 0.2743055555555556 0.3712871287128713 0.0763888888888889 0.1188118811881188
5 0.6402777777777777 0.27103960396039606 0.05 0.1311881188118812
1 0.75 0.2636138613861386 0.041666666666666664 0.07178217821782178
5 0.5513888888888889 0.2747524752475248 0.06111111111111111 0.16336633663366337
5 0.2076388888888889 0.4306930693069307 0.06805555555555555 0.18811881188118812
1 0.8576388888888888 0.3811881188118812 0.05694444444444444 0.09900990099009901
1 0.30833333333333335 0.2896039603960396 0.06111111111111111 0.10891089108910891
1 0.20416666666666666 0.24504950495049505 0.05 0.07920792079207921
1 0.3472222222222222 0.20544554455445543 0.041666666666666664 0.07425742574257425
1 0.23402777777777778 0.2103960396039604 0.043055555555555555 0.06930693069306931
1 0.6715277777777777 0.2202970297029703 0.04027777777777778 0.07425742574257425
1 0.19583333333333333 0.20544554455445543 0.041666666666666664 0.06930693069306931
1 0.04027777777777778 0.4591584158415842 0.075 0.13613861386138615
1 0.7118055555555556 0.4777227722772277 0.08472222222222223 0.1485148514851485
1 0.32222222222222224 0.2438118811881188 0.04722222222222222 0.08168316831683169
1 0.3416666666666667 0.47277227722772275 0.08888888888888889 0.16831683168316833
1 0.6277777777777778 0.48267326732673266 0.075 0.12376237623762376
1 0.5076388888888889 0.1782178217821782 0.034722222222222224 0.06435643564356436
1 0.8756944444444444 0.4839108910891089 0.06805555555555555 0.11138613861386139
1 0.7430555555555556 0.3069306930693069 0.05277777777777778 0.0891089108910891
1 0.7930555555555555 0.3069306930693069 0.044444444444444446 0.08415841584158416
1 0.10833333333333334 0.28836633663366334 0.05555555555555555 0.11138613861386139
1 0.40555555555555556 0.16831683168316833 0.03611111111111111 0.06435643564356436
5 0.6888888888888889 0.33292079207920794 0.06388888888888888 0.1608910891089109
1 0.05486111111111111 0.3613861386138614 0.06527777777777778 0.1188118811881188
1 0.5590277777777778 0.1782178217821782 0.034722222222222224 0.06435643564356436
1 0.36041666666666666 0.18193069306930693 0.03194444444444444 0.06683168316831684
1 0.8006944444444445 0.3787128712871287 0.05694444444444444 0.10396039603960396
1 0.9319444444444445 0.48267326732673266 0.06944444444444445 0.13366336633663367
1 0.5152777777777777 0.2042079207920792 0.041666666666666664 0.06683168316831684
5 0.38263888888888886 0.31435643564356436 0.07361111111111111 0.17326732673267325
5 0.5493055555555556 0.3217821782178218 0.07083333333333333 0.16336633663366337
1 0.4013888888888889 0.2004950495049505 0.03888888888888889 0.06930693069306931
