1 0.7493055555555556 0.26485148514851486 0.043055555555555555 0.07425742574257425
1 0.40069444444444446 0.20173267326732675 0.04027777777777778 0.07178217821782178
1 0.32222222222222224 0.24504950495049505 0.04722222222222222 0.07920792079207921
1 0.5604166666666667 0.17945544554455445 0.0375 0.06188118811881188
1 0.3597222222222222 0.18193069306930693 0.03333333333333333 0.06188118811881188
1 0.8576388888888888 0.3811881188118812 0.05694444444444444 0.09900990099009901
1 0.30833333333333335 0.2896039603960396 0.06111111111111111 0.10891089108910891
1 0.7930555555555555 0.3056930693069307 0.044444444444444446 0.08168316831683169
1 0.3472222222222222 0.20544554455445543 0.041666666666666664 0.07425742574257425
1 0.23402777777777778 0.2103960396039604 0.043055555555555555 0.06930693069306931
5 0.6888888888888889 0.3353960396039604 0.06388888888888888 0.16584158415841585
1 0.7118055555555556 0.4777227722772277 0.08472222222222223 0.1485148514851485
1 0.6277777777777778 0.48267326732673266 0.075 0.1188118811881188
1 0.03958333333333333 0.45792079207920794 0.0763888888888889 0.13861386138613863
1 0.7423611111111111 0.30816831683168316 0.05138888888888889 0.08663366336633663
5 0.2013888888888889 0.4306930693069307 0.07222222222222222 0.18811881188118812
1 0.5076388888888889 0.1782178217821782 0.034722222222222224 0.06435643564356436
1 0.40555555555555556 0.16831683168316833 0.03611111111111111 0.06435643564356436
1 0.1076388888888889 0.2896039603960396 0.05694444444444444 0.10891089108910891
2 0.8756944444444444 0.4839108910891089 0.06805555555555555 0.10643564356435643
1 0.34444444444444444 0.47029702970297027 0.08055555555555556 0.15841584158415842
1 0.20416666666666666 0.2438118811881188 0.05 0.08168316831683169
5 0.5569444444444445 0.25495049504950495 0.044444444444444446 0.13861386138613863
5 0.38263888888888886 0.3131188118811881 0.0763888888888889 0.17574257425742573
1 0.8013888888888889 0.3787128712871287 0.06111111111111111 0.10396039603960396
1 0.14583333333333334 0.2438118811881188 0.04722222222222222 0.10643564356435643
1 0.27361111111111114 0.37004950495049505 0.07777777777777778 0.11633663366336634
1 0.19652777777777777 0.20668316831683167 0.043055555555555555 0.07178217821782178
5 0.6409722222222223 0.2698019801980198 0.05138888888888889 0.13366336633663367
1 0.5145833333333333 0.2042079207920792 0.04027777777777778 0.07178217821782178
5 0.55 0.327970297029703 0.075 0.16584158415841585
1 0.05416666666666667 0.3626237623762376 0.06111111111111111 0.12128712871287128
1 0.9326388888888889 0.4801980198019802 0.07083333333333333 0.13366336633663367
1 0.6715277777777777 0.22153465346534654 0.0375 0.07178217821782178
1 0.10972222222222222 0.3564356435643564 0.06388888888888888 0.12871287128712872
