1 0.5069444444444444 0.17698019801980197 0.03333333333333333 0.06188118811881188
1 0.9305555555555556 0.47648514851485146 0.06944444444444445 0.13613861386138615
1 0.3611111111111111 0.18193069306930693 0.03333333333333333 0.06683168316831684
1 0.30833333333333335 0.28836633663366334 0.06111111111111111 0.10643564356435643
1 0.4013888888888889 0.20173267326732675 0.03888888888888889 0.06683168316831684
1 0.7493055555555556 0.2636138613861386 0.0375 0.07178217821782178
1 0.3472222222222222 0.20668316831683167 0.041666666666666664 0.07178217821782178
1 0.14652777777777778 0.24133663366336633 0.04861111111111111 0.11138613861386139
1 0.11041666666666666 0.3551980198019802 0.0625 0.1311881188118812
5 0.5513888888888889 0.33044554455445546 0.075 0.1608910891089109
1 0.7423611111111111 0.3069306930693069 0.05138888888888889 0.0891089108910891
1 0.5138888888888888 0.20668316831683167 0.041666666666666664 0.07178217821782178
1 0.23402777777777778 0.21163366336633663 0.043055555555555555 0.06683168316831684
5 0.6395833333333333 0.2698019801980198 0.05138888888888889 0.13366336633663367
1 0.8569444444444444 0.38242574257425743 0.05555555555555555 0.09653465346534654
5 0.5569444444444445 0.2636138613861386 0.05 0.15099009900990099
5 0.6895833333333333 0.33292079207920794 0.06527777777777778 0.16584158415841585
1 0.04027777777777778 0.4566831683168317 0.07777777777777778 0.14108910891089108
5 0.20208333333333334 0.4306930693069307 0.07361111111111111 0.18316831683168316
5 0.38333333333333336 0.31435643564356436 0.075 0.17326732673267325
1 0.27569444444444446 0.3712871287128713 0.07361111111111111 0.1188118811881188
1 0.05416666666666667 0.36014851485148514 0.06388888888888888 0.12128712871287128
1 0.2048611111111111 0.24628712871287128 0.04861111111111111 0.07673267326732673
1 0.5590277777777778 0.17945544554455445 0.0375 0.06188118811881188
1 0.4048611111111111 0.16955445544554457 0.034722222222222224 0.06188118811881188
1 0.3472222222222222 0.4777227722772277 0.09166666666666666 0.16831683168316833
1 0.10694444444444444 0.2896039603960396 0.05555555555555555 0.10891089108910891
1 0.1951388888888889 0.20668316831683167 0.04027777777777778 0.07178217821782178
1 0.7111111111111111 0.4777227722772277 0.08333333333333333 0.1485148514851485
1 0.6715277777777777 0.22153465346534654 0.0375 0.07178217821782178
1 0.8006944444444445 0.3787128712871287 0.059722222222222225 0.10396039603960396
1 0.7923611111111111 0.3056930693069307 0.043055555555555555 0.08168316831683169
1 0.6291666666666667 0.48267326732673266 0.075 0.12376237623762376
1 0.32013888888888886 0.24504950495049505 0.04861111111111111 0.07920792079207921
