1 0.1451388888888889 0.24133663366336633 0.05416666666666667 0.10643564356435643
1 0.7465277777777778 0.3069306930693069 0.05138888888888889 0.07920792079207921
1 0.5583333333333333 0.18316831683168316 0.03611111111111111 0.06930693069306931
1 0.63125 0.48886138613861385 0.07361111111111111 0.12623762376237624
1 0.4027777777777778 0.20173267326732675 0.03611111111111111 0.06188118811881188
5 0.5513888888888889 0.3378712871287129 0.08055555555555556 0.1608910891089109
5 0.5576388888888889 0.2685643564356436 0.059722222222222225 0.15099009900990099
5 0.20208333333333334 0.4368811881188119 0.08472222222222223 0.1905940594059406
1 0.3194444444444444 0.24628712871287128 0.05555555555555555 0.07673267326732673
1 0.11458333333333333 0.35767326732673266 0.059722222222222225 0.12623762376237624
1 0.8569444444444444 0.3811881188118812 0.05555555555555555 0.09405940594059406
5 0.37916666666666665 0.3193069306930693 0.075 0.18316831683168316
1 0.20416666666666666 0.25495049504950495 0.05 0.07920792079207921
1 0.34791666666666665 0.48514851485148514 0.09027777777777778 0.17326732673267325
1 0.7972222222222223 0.3056930693069307 0.041666666666666664 0.07673267326732673
1 0.7020833333333333 0.27103960396039606 0.0375 0.07673267326732673
1 0.19583333333333333 0.20544554455445543 0.03888888888888889 0.06930693069306931
5 0.6402777777777777 0.27351485148514854 0.05277777777777778 0.13613861386138615
1 0.5104166666666666 0.18193069306930693 0.03194444444444444 0.06188118811881188
5 0.6895833333333333 0.33292079207920794 0.06527777777777778 0.1608910891089109
1 0.041666666666666664 0.46163366336633666 0.08055555555555556 0.13613861386138615
1 0.7138888888888889 0.4814356435643564 0.08888888888888889 0.14603960396039603
1 0.10069444444444445 0.29207920792079206 0.05416666666666667 0.10396039603960396
1 0.6722222222222223 0.2202970297029703 0.03888888888888889 0.06930693069306931
1 0.7479166666666667 0.2660891089108911 0.04027777777777778 0.07673267326732673
1 0.2375 0.21782178217821782 0.041666666666666664 0.06435643564356436
1 0.3659722222222222 0.1844059405940594 0.034722222222222224 0.06683168316831684
1 0.9340277777777778 0.4777227722772277 0.07083333333333333 0.13861386138613863
1 0.34791666666666665 0.2103960396039604 0.04027777777777778 0.07920792079207921
1 0.4041666666666667 0.1707920792079208 0.027777777777777776 0.04950495049504951
1 0.7979166666666667 0.38242574257425743 0.04861111111111111 0.10643564356435643
1 0.05347222222222222 0.3613861386138614 0.06527777777777778 0.11386138613861387
1 0.3104166666666667 0.2896039603960396 0.059722222222222225 0.10396039603960396
1 0.2777777777777778 0.375 0.075 0.12623762376237624
1 0.5180555555555556 0.21163366336633663 0.044444444444444446 0.07673267326732673
1 0.5944444444444444 0.2537128712871287 0.027777777777777776 0.07673267326732673
