1 0.6708333333333333 0.2202970297029703 0.03611111111111111 0.06930693069306931
1 0.74375 0.3094059405940594 0.05416666666666667 0.0891089108910891
1 0.5069444444444444 0.17698019801980197 0.03333333333333333 0.06188118811881188
1 0.6270833333333333 0.4876237623762376 0.07361111111111111 0.1188118811881188
5 0.6888888888888889 0.33663366336633666 0.06388888888888888 0.16831683168316833
1 0.27569444444444446 0.37004950495049505 0.0763888888888889 0.11633663366336634
1 0.5173611111111112 0.20544554455445543 0.043055555555555555 0.06930693069306931
1 0.7930555555555555 0.30445544554455445 0.03888888888888889 0.07920792079207921
1 0.8006944444444445 0.3787128712871287 0.059722222222222225 0.10396039603960396
5 0.20833333333333334 0.42945544554455445 0.06944444444444445 0.18564356435643564
1 0.40555555555555556 0.1707920792079208 0.03611111111111111 0.06435643564356436
1 0.34791666666666665 0.47277227722772275 0.09305555555555556 0.15346534653465346
1 0.2326388888888889 0.2103960396039604 0.043055555555555555 0.06930693069306931
1 0.04027777777777778 0.45792079207920794 0.075 0.14356435643564355
1 0.3458333333333333 0.20668316831683167 0.041666666666666664 0.07178217821782178
1 0.19444444444444445 0.20668316831683167 0.03888888888888889 0.07178217821782178
1 0.5576388888888889 0.1782178217821782 0.0375 0.0594059405940594
1 0.9284722222222223 0.47896039603960394 0.06805555555555555 0.12623762376237624
5 0.38333333333333336 0.31435643564356436 0.075 0.16831683168316833
1 0.10902777777777778 0.28836633663366334 0.05694444444444444 0.10643564356435643
5 0.5520833333333334 0.32425742574257427 0.07361111111111111 0.17326732673267325
1 0.3076388888888889 0.2896039603960396 0.06527777777777778 0.10891089108910891
1 0.3993055555555556 0.20173267326732675 0.04027777777777778 0.06683168316831684
1 0.05277777777777778 0.3626237623762376 0.06666666666666667 0.12623762376237624
1 0.7486111111111111 0.26485148514851486 0.041666666666666664 0.07425742574257425
1 0.8611111111111112 0.38242574257425743 0.06388888888888888 0.09653465346534654
5 0.6388888888888888 0.27103960396039606 0.05277777777777778 0.1311881188118812
1 0.36041666666666666 0.1806930693069307 0.034722222222222224 0.06435643564356436
1 0.7097222222222223 0.4752475247524752 0.08333333333333333 0.14356435643564355
1 0.20555555555555555 0.24257425742574257 0.05 0.08415841584158416
1 0.3215277777777778 0.24628712871287128 0.04861111111111111 0.08168316831683169
5 0.14722222222222223 0.25495049504950495 0.05 0.13861386138613863
1 0.10972222222222222 0.3564356435643564 0.06388888888888888 0.12871287128712872
1 0.59375 0.24876237623762376 0.034722222222222224 0.07673267326732673
