5 0.6881944444444444 0.3341584158415842 0.06527777777777778 0.15841584158415842
5 0.5520833333333334 0.33292079207920794 0.07361111111111111 0.1608910891089109
1 0.55625 0.18193069306930693 0.034722222222222224 0.05693069306930693
1 0.05694444444444444 0.3613861386138614 0.06666666666666667 0.12376237623762376
1 0.3611111111111111 0.1806930693069307 0.03333333333333333 0.0594059405940594
1 0.7041666666666667 0.22400990099009901 0.03611111111111111 0.07178217821782178
1 0.6194444444444445 0.297029702970297 0.058333333333333334 0.09900990099009901
1 0.8034722222222223 0.37623762376237624 0.059722222222222225 0.09900990099009901
1 0.9305555555555556 0.4777227722772277 0.06666666666666667 0.12376237623762376
5 0.20069444444444445 0.42574257425742573 0.08472222222222223 0.18316831683168316
1 0.7916666666666666 0.3056930693069307 0.041666666666666664 0.08168316831683169
1 0.5770833333333333 0.2079207920792079 0.03194444444444444 0.06435643564356436
5 0.38333333333333336 0.3180693069306931 0.075 0.1707920792079208
1 0.7465277777777778 0.2623762376237624 0.0375 0.06930693069306931
1 0.19791666666666666 0.20668316831683167 0.04027777777777778 0.07178217821782178
1 0.20416666666666666 0.2438118811881188 0.05 0.08168316831683169
1 0.3215277777777778 0.24504950495049505 0.04861111111111111 0.08415841584158416
1 0.3111111111111111 0.2896039603960396 0.06388888888888888 0.10891089108910891
1 0.1125 0.3551980198019802 0.06111111111111111 0.12623762376237624
1 0.5152777777777777 0.2042079207920792 0.03888888888888889 0.07178217821782178
1 0.04236111111111111 0.4591584158415842 0.0763888888888889 0.1311881188118812
1 0.6666666666666666 0.22277227722772278 0.03888888888888889 0.07425742574257425
1 0.2326388888888889 0.21163366336633663 0.04027777777777778 0.06683168316831684
1 0.6277777777777778 0.48886138613861385 0.07777777777777778 0.11633663366336634
1 0.5069444444444444 0.1806930693069307 0.03611111111111111 0.06435643564356436
1 0.8583333333333333 0.38242574257425743 0.06111111111111111 0.10148514851485149
1 0.3451388888888889 0.20668316831683167 0.043055555555555555 0.07178217821782178
1 0.875 0.4876237623762376 0.075 0.1188118811881188
1 0.4027777777777778 0.17326732673267325 0.03611111111111111 0.06435643564356436
1 0.27569444444444446 0.3725247524752475 0.0763888888888889 0.12128712871287128
1 0.7430555555555556 0.30816831683168316 0.05277777777777778 0.09653465346534654
1 0.34791666666666665 0.4566831683168317 0.09305555555555556 0.1608910891089109
5 0.14722222222222223 0.2636138613861386 0.05277777777777778 0.13613861386138615
1 0.3993055555555556 0.2042079207920792 0.04027777777777778 0.06683168316831684
1 0.10347222222222222 0.2908415841584158 0.04861111111111111 0.11138613861386139
1 0.5951388888888889 0.25123762376237624 0.04027777777777778 0.07673267326732673
1 0.7125 0.4814356435643564 0.08611111111111111 0.15099009900990099
