1 0.23333333333333334 0.21163366336633663 0.03888888888888889 0.06683168316831684
1 0.7993055555555556 0.3774752475247525 0.05694444444444444 0.10148514851485149
1 0.8840277777777777 0.48514851485148514 0.07916666666666666 0.13861386138613863
5 0.6868055555555556 0.3353960396039604 0.059722222222222225 0.1608910891089109
1 0.24097222222222223 0.45544554455445546 0.09305555555555556 0.16336633663366337
1 0.5916666666666667 0.25123762376237624 0.044444444444444446 0.07673267326732673
1 0.3451388888888889 0.20668316831683167 0.04027777777777778 0.07178217821782178
1 0.05347222222222222 0.36386138613861385 0.06527777777777778 0.11386138613861387
1 0.32430555555555557 0.24257425742574257 0.04861111111111111 0.08415841584158416
1 0.5569444444444445 0.18564356435643564 0.03611111111111111 0.054455445544554455
1 0.10625 0.2933168316831683 0.05416666666666667 0.10643564356435643
1 0.7423611111111111 0.3094059405940594 0.05416666666666667 0.09405940594059406
1 0.6701388888888888 0.22153465346534654 0.04027777777777778 0.07178217821782178
1 0.7923611111111111 0.3069306930693069 0.043055555555555555 0.07920792079207921
1 0.6083333333333333 0.4628712871287129 0.1 0.16336633663366337
1 0.2048611111111111 0.24504950495049505 0.04861111111111111 0.07920792079207921
1 0.19583333333333333 0.20544554455445543 0.03888888888888889 0.06930693069306931
1 0.5729166666666666 0.21163366336633663 0.04027777777777778 0.07178217821782178
1 0.27569444444444446 0.37004950495049505 0.07361111111111111 0.12128712871287128
1 0.5173611111111112 0.20544554455445543 0.04027777777777778 0.06930693069306931
1 0.3611111111111111 0.1806930693069307 0.030555555555555555 0.0594059405940594
1 0.4 0.2004950495049505 0.03888888888888889 0.06930693069306931
1 0.7097222222222223 0.47896039603960394 0.08888888888888889 0.15594059405940594
5 0.5569444444444445 0.3353960396039604 0.06944444444444445 0.16584158415841585
5 0.3819444444444444 0.31435643564356436 0.075 0.17326732673267325
1 0.30972222222222223 0.2896039603960396 0.058333333333333334 0.10396039603960396
1 0.6173611111111111 0.297029702970297 0.0625 0.09405940594059406
1 0.14305555555555555 0.2438118811881188 0.06111111111111111 0.11138613861386139
1 0.8555555555555555 0.38242574257425743 0.06111111111111111 0.09653465346534654
1 0.50625 0.17945544554455445 0.034722222222222224 0.06683168316831684
1 0.7041666666666667 0.2202970297029703 0.03333333333333333 0.06930693069306931
1 0.04236111111111111 0.45792079207920794 0.07361111111111111 0.13366336633663367
1 0.7479166666666667 0.2623762376237624 0.0375 0.07425742574257425
1 0.35138888888888886 0.46410891089108913 0.08888888888888889 0.1608910891089109
1 0.1111111111111111 0.35767326732673266 0.06111111111111111 0.12128712871287128
1 0.9319444444444445 0.47648514851485146 0.075 0.13613861386138615
