1 0.6993055555555555 0.26485148514851486 0.04583333333333333 0.07920792079207921
1 0.6173611111111111 0.46905940594059403 0.09861111111111111 0.15594059405940594
1 0.7902777777777777 0.37995049504950495 0.06388888888888888 0.11633663366336634
1 0.6694444444444444 0.22277227722772278 0.03888888888888889 0.07425742574257425
1 0.7930555555555555 0.3094059405940594 0.044444444444444446 0.0891089108910891
1 0.32222222222222224 0.24257425742574257 0.05277777777777778 0.08415841584158416
1 0.19652777777777777 0.20668316831683167 0.0375 0.07178217821782178
1 0.30972222222222223 0.2871287128712871 0.05555555555555555 0.09900990099009901
1 0.20625 0.2438118811881188 0.04583333333333333 0.07673267326732673
5 0.14930555555555555 0.25742574257425743 0.05138888888888889 0.13861386138613863
1 0.275 0.3688118811881188 0.06666666666666667 0.12376237623762376
1 0.4 0.20297029702970298 0.041666666666666664 0.06435643564356436
1 0.5069444444444444 0.1782178217821782 0.03333333333333333 0.06435643564356436
1 0.23125 0.21287128712871287 0.04027777777777778 0.06930693069306931
1 0.3763888888888889 0.28217821782178215 0.058333333333333334 0.10891089108910891
1 0.041666666666666664 0.4566831683168317 0.075 0.13613861386138615
1 0.6166666666666667 0.29455445544554454 0.058333333333333334 0.10396039603960396
1 0.3472222222222222 0.46782178217821785 0.10277777777777777 0.17326732673267325
1 0.05277777777777778 0.36386138613861385 0.06944444444444445 0.1188118811881188
1 0.36527777777777776 0.3502475247524752 0.08611111111111111 0.12623762376237624
1 0.8826388888888889 0.4863861386138614 0.07916666666666666 0.13613861386138615
1 0.11180555555555556 0.3564356435643564 0.0625 0.12376237623762376
1 0.5152777777777777 0.2042079207920792 0.041666666666666664 0.07178217821782178
1 0.3611111111111111 0.1806930693069307 0.030555555555555555 0.0594059405940594
1 0.7409722222222223 0.3094059405940594 0.059722222222222225 0.09405940594059406
1 0.9347222222222222 0.48267326732673266 0.06388888888888888 0.12376237623762376
2 0.6180555555555556 0.47029702970297027 0.09722222222222222 0.15346534653465346
1 0.3951388888888889 0.2438118811881188 0.04861111111111111 0.08168316831683169
1 0.34791666666666665 0.20668316831683167 0.04027777777777778 0.06683168316831684
2 0.7479166666666667 0.26485148514851486 0.034722222222222224 0.07425742574257425
1 0.5756944444444444 0.21163366336633663 0.0375 0.06683168316831684
1 0.10694444444444444 0.28836633663366334 0.05555555555555555 0.10643564356435643
1 0.7041666666666667 0.2202970297029703 0.03333333333333333 0.06930693069306931
1 0.23680555555555555 0.45792079207920794 0.09305555555555556 0.16336633663366337
1 0.5583333333333333 0.18316831683168316 0.03888888888888889 0.0594059405940594
1 0.59375 0.25123762376237624 0.04583333333333333 0.07178217821782178
1 0.7104166666666667 0.4801980198019802 0.08472222222222223 0.1485148514851485
1 0.8534722222222222 0.3811881188118812 0.05416666666666667 0.09405940594059406
5 0.5583333333333333 0.3292079207920792 0.075 0.1485148514851485
1 0.6618055555555555 0.3626237623762376 0.0763888888888889 0.12128712871287128
