1 0.3909722222222222 0.24876237623762376 0.0625 0.07673267326732673
1 0.1076388888888889 0.2933168316831683 0.05694444444444444 0.10148514851485149
1 0.5784722222222223 0.21287128712871287 0.043055555555555555 0.07425742574257425
1 0.27361111111111114 0.37004950495049505 0.075 0.1311881188118812
1 0.6715277777777777 0.22896039603960397 0.04027777777777778 0.07673267326732673
1 0.5152777777777777 0.20544554455445543 0.041666666666666664 0.07425742574257425
1 0.50625 0.18193069306930693 0.034722222222222224 0.06683168316831684
1 0.11319444444444444 0.3613861386138614 0.059722222222222225 0.1188118811881188
1 0.6652777777777777 0.36386138613861385 0.08611111111111111 0.1188118811881188
3 0.9347222222222222 0.4814356435643564 0.06944444444444445 0.12623762376237624
1 0.6194444444444445 0.30074257425742573 0.04722222222222222 0.10148514851485149
1 0.3458333333333333 0.47648514851485146 0.09722222222222222 0.1707920792079208
1 0.3659722222222222 0.35396039603960394 0.09027777777777778 0.12376237623762376
1 0.20625 0.2537128712871287 0.05138888888888889 0.08663366336633663
1 0.8861111111111111 0.49133663366336633 0.08888888888888889 0.14108910891089108
1 0.3472222222222222 0.21163366336633663 0.044444444444444446 0.07178217821782178
1 0.19375 0.20915841584158415 0.043055555555555555 0.06683168316831684
1 0.7180555555555556 0.48514851485148514 0.08888888888888889 0.13861386138613863
1 0.041666666666666664 0.4628712871287129 0.07777777777777778 0.14356435643564355
1 0.3993055555555556 0.2079207920792079 0.04861111111111111 0.06930693069306931
1 0.8604166666666667 0.37995049504950495 0.05138888888888889 0.09653465346534654
5 0.15138888888888888 0.2623762376237624 0.05 0.1485148514851485
1 0.6986111111111111 0.2698019801980198 0.03888888888888889 0.07425742574257425
1 0.2375 0.45792079207920794 0.08888888888888889 0.16831683168316833
1 0.05486111111111111 0.3688118811881188 0.06805555555555555 0.1188118811881188
1 0.5583333333333333 0.18564356435643564 0.03888888888888889 0.0594059405940594
1 0.30972222222222223 0.29455445544554454 0.05277777777777778 0.10396039603960396
1 0.32430555555555557 0.24257425742574257 0.04861111111111111 0.07920792079207921
5 0.5597222222222222 0.33292079207920794 0.075 0.15099009900990099
1 0.5930555555555556 0.25742574257425743 0.044444444444444446 0.07425742574257425
1 0.2326388888888889 0.21534653465346534 0.04583333333333333 0.0594059405940594
1 0.6180555555555556 0.4752475247524752 0.10555555555555556 0.15841584158415842
1 0.8048611111111111 0.37995049504950495 0.06527777777777778 0.10148514851485149
1 0.7409722222222223 0.31435643564356436 0.05694444444444444 0.09405940594059406
