1 0.9298611111111111 0.47648514851485146 0.06805555555555555 0.13613861386138615
1 0.8784722222222222 0.4839108910891089 0.07361111111111111 0.14108910891089108
1 0.20555555555555555 0.2438118811881188 0.05 0.07673267326732673
1 0.50625 0.1782178217821782 0.034722222222222224 0.06435643564356436
1 0.6986111111111111 0.26485148514851486 0.041666666666666664 0.07920792079207921
5 0.5541666666666667 0.3341584158415842 0.07222222222222222 0.1485148514851485
1 0.4 0.20173267326732675 0.041666666666666664 0.06683168316831684
1 0.6694444444444444 0.22277227722772278 0.041666666666666664 0.07425742574257425
1 0.1111111111111111 0.3589108910891089 0.06388888888888888 0.12376237623762376
1 0.575 0.2079207920792079 0.041666666666666664 0.07425742574257425
1 0.5583333333333333 0.1806930693069307 0.03611111111111111 0.0594059405940594
5 0.1486111111111111 0.2561881188118812 0.04722222222222222 0.13613861386138615
1 0.8548611111111111 0.3811881188118812 0.05416666666666667 0.09405940594059406
1 0.39375 0.24628712871287128 0.04861111111111111 0.07178217821782178
1 0.3625 0.1806930693069307 0.027777777777777776 0.054455445544554455
1 0.7118055555555556 0.4814356435643564 0.09027777777777778 0.14603960396039603
1 0.36527777777777776 0.3502475247524752 0.08888888888888889 0.1311881188118812
1 0.7888888888888889 0.3131188118811881 0.03611111111111111 0.08663366336633663
1 0.6625 0.36386138613861385 0.07777777777777778 0.12376237623762376
1 0.7402777777777778 0.3094059405940594 0.058333333333333334 0.0891089108910891
1 0.3229166666666667 0.24257425742574257 0.04861111111111111 0.08415841584158416
1 0.3458333333333333 0.47029702970297027 0.1 0.16831683168316833
1 0.19583333333333333 0.20668316831683167 0.03888888888888889 0.07178217821782178
1 0.10625 0.28836633663366334 0.05416666666666667 0.10643564356435643
1 0.6152777777777778 0.2957920792079208 0.05555555555555555 0.10148514851485149
1 0.2326388888888889 0.21163366336633663 0.04027777777777778 0.06683168316831684
1 0.05277777777777778 0.3613861386138614 0.06666666666666667 0.1188118811881188
1 0.8 0.38242574257425743 0.05277777777777778 0.10643564356435643
1 0.6166666666666667 0.4715346534653465 0.1 0.14603960396039603
1 0.30972222222222223 0.28836633663366334 0.05555555555555555 0.10148514851485149
1 0.5923611111111111 0.25 0.04861111111111111 0.07425742574257425
1 0.3472222222222222 0.2079207920792079 0.041666666666666664 0.06930693069306931
1 0.7486111111111111 0.26485148514851486 0.03611111111111111 0.07425742574257425
1 0.40347222222222223 0.17326732673267325 0.0375 0.06930693069306931
1 0.27361111111111114 0.3688118811881188 0.07222222222222222 0.1188118811881188
1 0.04097222222222222 0.4566831683168317 0.07916666666666666 0.14108910891089108
1 0.37569444444444444 0.28094059405940597 0.0625 0.11138613861386139
1 0.5145833333333333 0.20544554455445543 0.043055555555555555 0.06930693069306931
1 0.5326388888888889 0.24257425742574257 0.04861111111111111 0.07920792079207921
1 0.23541666666666666 0.4603960396039604 0.09027777777777778 0.16831683168316833
