1 0.15069444444444444 0.2537128712871287 0.04861111111111111 0.1311881188118812
1 0.6180555555555556 0.4715346534653465 0.1 0.15099009900990099
1 0.7881944444444444 0.3155940594059406 0.0375 0.08168316831683169
1 0.275 0.36757425742574257 0.06944444444444445 0.11138613861386139
1 0.32013888888888886 0.24504950495049505 0.05138888888888889 0.08415841584158416
1 0.75 0.2685643564356436 0.03611111111111111 0.07178217821782178
1 0.2076388888888889 0.24876237623762376 0.04583333333333333 0.07673267326732673
1 0.8784722222222222 0.49257425742574257 0.07361111111111111 0.12871287128712872
1 0.3625 0.18193069306930693 0.027777777777777776 0.05693069306930693
1 0.10833333333333334 0.2908415841584158 0.05277777777777778 0.10643564356435643
1 0.5506944444444445 0.3341584158415842 0.07361111111111111 0.1485148514851485
1 0.9326388888888889 0.4777227722772277 0.06805555555555555 0.13861386138613863
1 0.043055555555555555 0.4591584158415842 0.075 0.14108910891089108
1 0.3486111111111111 0.20915841584158415 0.044444444444444446 0.06683168316831684
1 0.23402777777777778 0.21534653465346534 0.04027777777777778 0.06435643564356436
1 0.6159722222222223 0.297029702970297 0.05694444444444444 0.10396039603960396
1 0.3770833333333333 0.28589108910891087 0.059722222222222225 0.11138613861386139
1 0.7972222222222223 0.37995049504950495 0.058333333333333334 0.10643564356435643
1 0.4 0.20544554455445543 0.041666666666666664 0.06930693069306931
1 0.5173611111111112 0.2079207920792079 0.04583333333333333 0.06930693069306931
1 0.05347222222222222 0.36633663366336633 0.06527777777777778 0.12376237623762376
1 0.5347222222222222 0.24628712871287128 0.05 0.07673267326732673
1 0.34444444444444444 0.4665841584158416 0.1 0.15594059405940594
1 0.5083333333333333 0.1806930693069307 0.03333333333333333 0.06435643564356436
1 0.19791666666666666 0.2079207920792079 0.04027777777777778 0.06930693069306931
1 0.5576388888888889 0.18316831683168316 0.034722222222222224 0.0594059405940594
1 0.5979166666666667 0.2524752475247525 0.043055555555555555 0.07425742574257425
1 0.11180555555555556 0.3613861386138614 0.0625 0.12376237623762376
1 0.4041666666666667 0.1745049504950495 0.03888888888888889 0.06188118811881188
1 0.5770833333333333 0.2103960396039604 0.043055555555555555 0.07425742574257425
1 0.3923611111111111 0.24628712871287128 0.05138888888888889 0.07673267326732673
1 0.31180555555555556 0.29207920792079206 0.05694444444444444 0.09900990099009901
1 0.8555555555555555 0.38366336633663367 0.058333333333333334 0.09900990099009901
1 0.7097222222222223 0.4814356435643564 0.08611111111111111 0.14603960396039603
1 0.36527777777777776 0.35148514851485146 0.08611111111111111 0.13366336633663367
1 0.6618055555555555 0.3650990099009901 0.07361111111111111 0.12128712871287128
1 0.6701388888888888 0.22400990099009901 0.043055555555555555 0.07178217821782178
1 0.24027777777777778 0.46410891089108913 0.09444444444444444 0.17574257425742573
6 0.9069444444444444 0.4801980198019802 0.12777777777777777 0.14356435643564355
1 0.7006944444444444 0.2660891089108911 0.043055555555555555 0.07673267326732673
1 0.7430555555555556 0.3131188118811881 0.06111111111111111 0.08663366336633663
