1 0.32013888888888886 0.24504950495049505 0.05138888888888889 0.07425742574257425
1 0.23333333333333334 0.21163366336633663 0.03888888888888889 0.06683168316831684
2 0.5902777777777778 0.24257425742574257 0.04722222222222222 0.08415841584158416
1 0.5701388888888889 0.35148514851485146 0.059722222222222225 0.11386138613861387
1 0.6493055555555556 0.3626237623762376 0.06527777777777778 0.09158415841584158
1 0.27847222222222223 0.3626237623762376 0.06805555555555555 0.1311881188118812
2 0.5555555555555556 0.18316831683168316 0.03333333333333333 0.06435643564356436
1 0.6222222222222222 0.46905940594059403 0.08888888888888889 0.15099009900990099
2 0.10694444444444444 0.28589108910891087 0.058333333333333334 0.10643564356435643
1 0.31180555555555556 0.28589108910891087 0.059722222222222225 0.10643564356435643
1 0.3645833333333333 0.33910891089108913 0.08472222222222223 0.12871287128712872
1 0.050694444444444445 0.3589108910891089 0.07083333333333333 0.1188118811881188
1 0.7375 0.30816831683168316 0.05555555555555555 0.08663366336633663
1 0.15208333333333332 0.24257425742574257 0.04027777777777778 0.0891089108910891
1 0.23958333333333334 0.45544554455445546 0.09027777777777778 0.16336633663366337
1 0.3923611111111111 0.24628712871287128 0.04583333333333333 0.07673267326732673
1 0.7111111111111111 0.47896039603960394 0.08888888888888889 0.15099009900990099
1 0.37916666666666665 0.27351485148514854 0.04722222222222222 0.09653465346534654
1 0.3451388888888889 0.46782178217821785 0.09861111111111111 0.16336633663366337
2 0.7486111111111111 0.2660891089108911 0.03611111111111111 0.07178217821782178
1 0.7076388888888889 0.22400990099009901 0.0375 0.07178217821782178
1 0.3993055555555556 0.20297029702970298 0.04027777777777778 0.06930693069306931
1 0.3458333333333333 0.20544554455445543 0.044444444444444446 0.06930693069306931
1 0.7881944444444444 0.38242574257425743 0.0625 0.10148514851485149
2 0.16597222222222222 0.28465346534653463 0.05138888888888889 0.09405940594059406
1 0.5118055555555555 0.2042079207920792 0.0375 0.07673267326732673
1 0.19583333333333333 0.2042079207920792 0.03611111111111111 0.07178217821782178
1 0.5548611111111111 0.18316831683168316 0.03194444444444444 0.06435643564356436
1 0.6666666666666666 0.22153465346534654 0.03888888888888889 0.07673267326732673
1 0.4027777777777778 0.17326732673267325 0.041666666666666664 0.06930693069306931
1 0.20625 0.24504950495049505 0.04861111111111111 0.07920792079207921
1 0.6979166666666666 0.26485148514851486 0.043055555555555555 0.07920792079207921
2 0.6145833333333334 0.2908415841584158 0.04861111111111111 0.09653465346534654
2 0.049305555555555554 0.4591584158415842 0.0625 0.14108910891089108
2 0.1125 0.3613861386138614 0.06111111111111111 0.12376237623762376
1 0.3597222222222222 0.17698019801980197 0.030555555555555555 0.06683168316831684
1 0.8805555555555555 0.48886138613861385 0.07222222222222222 0.1311881188118812
1 0.5305555555555556 0.23886138613861385 0.041666666666666664 0.08663366336633663
1 0.5458333333333333 0.28465346534653463 0.058333333333333334 0.09900990099009901
1 0.7923611111111111 0.3118811881188119 0.04583333333333333 0.08415841584158416
2 0.5715277777777777 0.2079207920792079 0.034722222222222224 0.07425742574257425
1 0.8506944444444444 0.3811881188118812 0.059722222222222225 0.09900990099009901
