2 0.20833333333333334 0.24628712871287128 0.03888888888888889 0.07673267326732673
2 0.30416666666666664 0.2896039603960396 0.04722222222222222 0.09405940594059406
2 0.3715277777777778 0.28217821782178215 0.05694444444444444 0.09900990099009901
1 0.8506944444444444 0.38366336633663367 0.05416666666666667 0.09900990099009901
1 0.8673611111111111 0.47648514851485146 0.059722222222222225 0.11138613861386139
1 0.5097222222222222 0.1782178217821782 0.03333333333333333 0.0594059405940594
1 0.3993055555555556 0.20297029702970298 0.04027777777777778 0.06435643564356436
1 0.2708333333333333 0.3712871287128713 0.06666666666666667 0.10891089108910891
1 0.3923611111111111 0.2438118811881188 0.04583333333333333 0.08168316831683169
2 0.7486111111111111 0.26732673267326734 0.03611111111111111 0.06930693069306931
4 0.16597222222222222 0.26485148514851486 0.05694444444444444 0.14356435643564355
2 0.1111111111111111 0.28465346534653463 0.044444444444444446 0.09405940594059406
1 0.5763888888888888 0.2141089108910891 0.03888888888888889 0.06683168316831684
2 0.32916666666666666 0.24133663366336633 0.04722222222222222 0.08168316831683169
1 0.7423611111111111 0.30816831683168316 0.04861111111111111 0.08168316831683169
2 0.6652777777777777 0.3613861386138614 0.06111111111111111 0.10891089108910891
2 0.19444444444444445 0.2103960396039604 0.030555555555555555 0.06435643564356436
2 0.6152777777777778 0.29826732673267325 0.05277777777777778 0.08663366336633663
1 0.3472222222222222 0.4628712871287129 0.09722222222222222 0.15841584158415842
2 0.05694444444444444 0.3551980198019802 0.05277777777777778 0.1311881188118812
1 0.5909722222222222 0.24752475247524752 0.04583333333333333 0.07920792079207921
1 0.5159722222222223 0.2079207920792079 0.043055555555555555 0.06435643564356436
1 0.9298611111111111 0.474009900990099 0.059722222222222225 0.12128712871287128
1 0.7131944444444445 0.4777227722772277 0.07916666666666666 0.1485148514851485
1 0.7868055555555555 0.3873762376237624 0.07083333333333333 0.10643564356435643
2 0.6701388888888888 0.21905940594059406 0.034722222222222224 0.07178217821782178
1 0.5604166666666667 0.18811881188118812 0.0375 0.07425742574257425
1 0.7006944444444444 0.2698019801980198 0.043055555555555555 0.07920792079207921
4 0.6159722222222223 0.43316831683168316 0.10138888888888889 0.19306930693069307
2 0.11319444444444444 0.35767326732673266 0.04861111111111111 0.10148514851485149
1 0.2388888888888889 0.46163366336633666 0.08333333333333333 0.1608910891089109
2 0.36319444444444443 0.3589108910891089 0.059722222222222225 0.13861386138613863
2 0.7118055555555556 0.23143564356435645 0.0375 0.06188118811881188
1 0.5284722222222222 0.24628712871287128 0.04583333333333333 0.09158415841584158
2 0.35208333333333336 0.20173267326732675 0.04027777777777778 0.07673267326732673
2 0.03958333333333333 0.46782178217821785 0.0625 0.12871287128712872
1 0.23472222222222222 0.20915841584158415 0.044444444444444446 0.07178217821782178
4 0.56875 0.35767326732673266 0.059722222222222225 0.11633663366336634
1 0.5472222222222223 0.28836633663366334 0.06111111111111111 0.09653465346534654
