2 0.3645833333333333 0.35767326732673266 0.059722222222222225 0.1311881188118812
2 0.27361111111111114 0.3650990099009901 0.05277777777777778 0.11633663366336634
1 0.5569444444444445 0.1844059405940594 0.041666666666666664 0.06683168316831684
1 0.53125 0.2400990099009901 0.043055555555555555 0.08415841584158416
2 0.3715277777777778 0.28217821782178215 0.05416666666666667 0.09900990099009901
1 0.8520833333333333 0.38242574257425743 0.05416666666666667 0.09158415841584158
1 0.7902777777777777 0.3787128712871287 0.06944444444444445 0.11386138613861387
1 0.16666666666666666 0.28094059405940597 0.05555555555555555 0.10148514851485149
1 0.7076388888888889 0.4628712871287129 0.06805555555555555 0.12871287128712872
1 0.3993055555555556 0.19925742574257427 0.0375 0.06683168316831684
1 0.38958333333333334 0.24257425742574257 0.05138888888888889 0.07920792079207921
2 0.7416666666666667 0.30816831683168316 0.05 0.08663366336633663
1 0.3451388888888889 0.19925742574257427 0.043055555555555555 0.07673267326732673
1 0.3701388888888889 0.28094059405940597 0.05694444444444444 0.09653465346534654
1 0.5923611111111111 0.25 0.04861111111111111 0.06930693069306931
2 0.7888888888888889 0.3032178217821782 0.03888888888888889 0.09158415841584158
2 0.9284722222222223 0.4752475247524752 0.059722222222222225 0.10891089108910891
2 0.059027777777777776 0.3502475247524752 0.05138888888888889 0.1311881188118812
2 0.5715277777777777 0.3551980198019802 0.0625 0.11633663366336634
1 0.7006944444444444 0.2660891089108911 0.043055555555555555 0.08168316831683169
1 0.2361111111111111 0.4591584158415842 0.08611111111111111 0.1608910891089109
2 0.625 0.4566831683168317 0.08055555555555556 0.15099009900990099
4 0.5104166666666666 0.1782178217821782 0.03194444444444444 0.09900990099009901
2 0.3055555555555556 0.28589108910891087 0.05 0.09653465346534654
2 0.6701388888888888 0.21782178217821782 0.0375 0.06930693069306931
1 0.5423611111111111 0.28465346534653463 0.0625 0.09405940594059406
2 0.04097222222222222 0.46534653465346537 0.059722222222222225 0.13366336633663367
1 0.3597222222222222 0.1782178217821782 0.030555555555555555 0.0594059405940594
2 0.6159722222222223 0.297029702970297 0.05138888888888889 0.08415841584158416
2 0.6638888888888889 0.3564356435643564 0.06388888888888888 0.11386138613861387
1 0.20625 0.24752475247524752 0.04027777777777778 0.07920792079207921
1 0.23333333333333334 0.2079207920792079 0.044444444444444446 0.06930693069306931
2 0.7472222222222222 0.26485148514851486 0.03611111111111111 0.06930693069306931
1 0.15486111111111112 0.2438118811881188 0.04861111111111111 0.08663366336633663
1 0.5763888888888888 0.2103960396039604 0.03888888888888889 0.06930693069306931
2 0.11319444444444444 0.35767326732673266 0.04861111111111111 0.10148514851485149
2 0.8666666666666667 0.474009900990099 0.05 0.11138613861386139
2 0.33125 0.24133663366336633 0.0375 0.07673267326732673
2 0.11041666666666666 0.28217821782178215 0.043055555555555555 0.09405940594059406
1 0.18958333333333333 0.20915841584158415 0.03194444444444444 0.06188118811881188
1 0.34930555555555554 0.46410891089108913 0.09583333333333334 0.16584158415841585
