1 0.23402777777777778 0.20915841584158415 0.04583333333333333 0.06683168316831684
1 0.5604166666666667 0.18193069306930693 0.034722222222222224 0.06188118811881188
1 0.7125 0.2301980198019802 0.03888888888888889 0.06435643564356436
1 0.06527777777777778 0.35148514851485146 0.058333333333333334 0.10891089108910891
2 0.36527777777777776 0.3564356435643564 0.058333333333333334 0.13366336633663367
1 0.5159722222222223 0.2042079207920792 0.0375 0.07178217821782178
2 0.27569444444444446 0.36386138613861385 0.05138888888888889 0.11386138613861387
1 0.2375 0.45792079207920794 0.08611111111111111 0.15841584158415842
2 0.16527777777777777 0.2834158415841584 0.05 0.09653465346534654
2 0.03888888888888889 0.46534653465346537 0.06388888888888888 0.13366336633663367
1 0.5104166666666666 0.17574257425742573 0.029166666666666667 0.0594059405940594
2 0.3729166666666667 0.2834158415841584 0.05138888888888889 0.09158415841584158
1 0.34930555555555554 0.46163366336633666 0.09583333333333334 0.1608910891089109
1 0.6993055555555555 0.2698019801980198 0.043055555555555555 0.07920792079207921
1 0.7416666666666667 0.3069306930693069 0.05 0.07920792079207921
2 0.33125 0.24133663366336633 0.043055555555555555 0.08168316831683169
2 0.11319444444444444 0.3564356435643564 0.04861111111111111 0.09900990099009901
1 0.7131944444444445 0.4715346534653465 0.0875 0.1608910891089109
2 0.6256944444444444 0.46163366336633666 0.0875 0.14108910891089108
2 0.40208333333333335 0.1707920792079208 0.0375 0.06435643564356436
2 0.6625 0.3564356435643564 0.06388888888888888 0.10891089108910891
1 0.39861111111111114 0.2004950495049505 0.03888888888888889 0.06930693069306931
2 0.11041666666666666 0.28589108910891087 0.04583333333333333 0.09653465346534654
2 0.7486111111111111 0.26485148514851486 0.03611111111111111 0.06930693069306931
2 0.8520833333333333 0.3811881188118812 0.05694444444444444 0.10891089108910891
2 0.6152777777777778 0.2957920792079208 0.05277777777777778 0.08663366336633663
2 0.9298611111111111 0.47896039603960394 0.059722222222222225 0.10643564356435643
1 0.14930555555555555 0.2537128712871287 0.034722222222222224 0.06683168316831684
2 0.5722222222222222 0.35767326732673266 0.06111111111111111 0.11138613861386139
2 0.20625 0.24504950495049505 0.043055555555555555 0.07920792079207921
1 0.3902777777777778 0.24133663366336633 0.05 0.07673267326732673
2 0.575 0.2103960396039604 0.03611111111111111 0.06930693069306931
1 0.5326388888888889 0.2400990099009901 0.04583333333333333 0.0891089108910891
2 0.5902777777777778 0.24752475247524752 0.044444444444444446 0.07425742574257425
1 0.18888888888888888 0.20915841584158415 0.03611111111111111 0.06683168316831684
1 0.5451388888888888 0.2834158415841584 0.059722222222222225 0.09158415841584158
1 0.7930555555555555 0.30445544554455445 0.044444444444444446 0.09405940594059406
5 0.32916666666666666 0.17326732673267325 0.041666666666666664 0.1188118811881188
1 0.66875 0.21905940594059406 0.034722222222222224 0.06683168316831684
2 0.30625 0.28465346534653463 0.04583333333333333 0.09405940594059406
