1 0.5118055555555555 0.1806930693069307 0.0375 0.06930693069306931
1 0.39166666666666666 0.24752475247524752 0.058333333333333334 0.07425742574257425
2 0.6166666666666667 0.29455445544554454 0.05555555555555555 0.09900990099009901
1 0.3347222222222222 0.24133663366336633 0.04722222222222222 0.08663366336633663
2 0.3506944444444444 0.2042079207920792 0.0375 0.07178217821782178
1 0.9347222222222222 0.474009900990099 0.06944444444444445 0.15594059405940594
2 0.8708333333333333 0.47029702970297027 0.06111111111111111 0.13861386138613863
1 0.5465277777777777 0.28589108910891087 0.059722222222222225 0.09653465346534654
2 0.6694444444444444 0.22277227722772278 0.03333333333333333 0.06930693069306931
2 0.19791666666666666 0.2042079207920792 0.029166666666666667 0.06683168316831684
2 0.5770833333333333 0.21163366336633663 0.0375 0.06683168316831684
1 0.27708333333333335 0.35396039603960394 0.05694444444444444 0.11386138613861387
1 0.7006944444444444 0.4665841584158416 0.06805555555555555 0.11633663366336634
1 0.7958333333333333 0.3774752475247525 0.06111111111111111 0.11633663366336634
2 0.20833333333333334 0.2438118811881188 0.04722222222222222 0.08168316831683169
2 0.5888888888888889 0.24628712871287128 0.044444444444444446 0.07673267326732673
2 0.2326388888888889 0.21287128712871287 0.034722222222222224 0.0594059405940594
1 0.16319444444444445 0.24133663366336633 0.043055555555555555 0.10148514851485149
1 0.6993055555555555 0.2698019801980198 0.04027777777777778 0.0594059405940594
2 0.6604166666666667 0.3626237623762376 0.05694444444444444 0.10643564356435643
2 0.36666666666666664 0.2908415841584158 0.058333333333333334 0.10148514851485149
2 0.36319444444444443 0.35767326732673266 0.0625 0.12128712871287128
1 0.5270833333333333 0.23638613861386137 0.04583333333333333 0.09653465346534654
2 0.7506944444444444 0.26732673267326734 0.034722222222222224 0.06930693069306931
2 0.36875 0.17202970297029702 0.029166666666666667 0.06683168316831684
1 0.5722222222222222 0.3589108910891089 0.06666666666666667 0.1188118811881188
2 0.3993055555555556 0.20297029702970298 0.0375 0.06435643564356436
1 0.74375 0.3131188118811881 0.04861111111111111 0.08168316831683169
2 0.6166666666666667 0.4591584158415842 0.06944444444444445 0.15099009900990099
2 0.043055555555555555 0.46410891089108913 0.06111111111111111 0.1311881188118812
1 0.35 0.46782178217821785 0.09166666666666666 0.15841584158415842
2 0.40625 0.16831683168316833 0.0375 0.06930693069306931
1 0.31319444444444444 0.2871287128712871 0.059722222222222225 0.10396039603960396
2 0.8520833333333333 0.37995049504950495 0.059722222222222225 0.11138613861386139
2 0.1111111111111111 0.28836633663366334 0.04722222222222222 0.09653465346534654
2 0.059722222222222225 0.3626237623762376 0.05277777777777778 0.12623762376237624
2 0.11527777777777778 0.3613861386138614 0.06111111111111111 0.11386138613861387
2 0.7875 0.3069306930693069 0.03888888888888889 0.0891089108910891
1 0.5576388888888889 0.18316831683168316 0.034722222222222224 0.06435643564356436
2 0.17569444444444443 0.28589108910891087 0.0375 0.09653465346534654
