1 0.20833333333333334 0.24628712871287128 0.05 0.09158415841584158
1 0.23333333333333334 0.21163366336633663 0.041666666666666664 0.06683168316831684
2 0.2826388888888889 0.35396039603960394 0.05694444444444444 0.12376237623762376
1 0.7034722222222223 0.2636138613861386 0.043055555555555555 0.07673267326732673
1 0.16527777777777777 0.2400990099009901 0.04722222222222222 0.08415841584158416
2 0.3854166666666667 0.28465346534653463 0.05694444444444444 0.12376237623762376
2 0.4083333333333333 0.17202970297029702 0.03611111111111111 0.06188118811881188
1 0.3125 0.28836633663366334 0.058333333333333334 0.10148514851485149
4 0.6243055555555556 0.4467821782178218 0.07916666666666666 0.23514851485148514
2 0.5743055555555555 0.21163366336633663 0.034722222222222224 0.06683168316831684
1 0.7090277777777778 0.4814356435643564 0.09027777777777778 0.15594059405940594
1 0.5916666666666667 0.2438118811881188 0.04722222222222222 0.08663366336633663
1 0.6583333333333333 0.36386138613861385 0.08055555555555556 0.1188118811881188
1 0.7861111111111111 0.3774752475247525 0.06388888888888888 0.11138613861386139
2 0.3590277777777778 0.34405940594059403 0.0763888888888889 0.13366336633663367
2 0.7520833333333333 0.2660891089108911 0.034722222222222224 0.07178217821782178
4 0.1673611111111111 0.2722772277227723 0.06527777777777778 0.13366336633663367
1 0.7444444444444445 0.3131188118811881 0.06111111111111111 0.09158415841584158
1 0.8798611111111111 0.47896039603960394 0.0763888888888889 0.14108910891089108
1 0.5555555555555556 0.1844059405940594 0.03611111111111111 0.06683168316831684
2 0.11597222222222223 0.3613861386138614 0.05416666666666667 0.11386138613861387
4 0.05277777777777778 0.4121287128712871 0.09444444444444444 0.2202970297029703
1 0.9340277777777778 0.47277227722772275 0.06805555555555555 0.14356435643564355
1 0.5715277777777777 0.36386138613861385 0.0625 0.1188118811881188
1 0.1909722222222222 0.2079207920792079 0.03194444444444444 0.06435643564356436
1 0.7173611111111111 0.22772277227722773 0.034722222222222224 0.0594059405940594
2 0.1125 0.28836633663366334 0.04722222222222222 0.10148514851485149
2 0.05486111111111111 0.3613861386138614 0.06805555555555555 0.1188118811881188
2 0.35138888888888886 0.2042079207920792 0.03611111111111111 0.06683168316831684
1 0.5409722222222222 0.2896039603960396 0.0625 0.09405940594059406
1 0.6701388888888888 0.22524752475247525 0.0375 0.07425742574257425
1 0.4013888888888889 0.19801980198019803 0.04722222222222222 0.06435643564356436
1 0.5138888888888888 0.20915841584158415 0.03888888888888889 0.06683168316831684
1 0.34652777777777777 0.4628712871287129 0.09583333333333334 0.16336633663366337
1 0.5090277777777777 0.18193069306930693 0.0375 0.06683168316831684
2 0.8506944444444444 0.3725247524752475 0.059722222222222225 0.10643564356435643
4 0.2375 0.422029702970297 0.09166666666666666 0.20544554455445543
1 0.32430555555555557 0.2400990099009901 0.059722222222222225 0.09405940594059406
1 0.6180555555555556 0.2995049504950495 0.058333333333333334 0.09900990099009901
