2 0.3638888888888889 0.1670792079207921 0.030555555555555555 0.07178217821782178
2 0.34375 0.46782178217821785 0.07083333333333333 0.17326732673267325
2 0.6159722222222223 0.46905940594059403 0.10138888888888889 0.1608910891089109
2 0.5902777777777778 0.24876237623762376 0.03888888888888889 0.06683168316831684
2 0.11180555555555556 0.3626237623762376 0.0625 0.12623762376237624
2 0.24305555555555555 0.4566831683168317 0.06944444444444445 0.14108910891089108
2 0.6611111111111111 0.35767326732673266 0.06944444444444445 0.11633663366336634
1 0.6159722222222223 0.2957920792079208 0.05416666666666667 0.10148514851485149
2 0.8493055555555555 0.3849009900990099 0.05138888888888889 0.10148514851485149
1 0.2298611111111111 0.19183168316831684 0.04027777777777778 0.09158415841584158
1 0.5590277777777778 0.18193069306930693 0.0375 0.06683168316831684
2 0.32083333333333336 0.23143564356435645 0.05277777777777778 0.09653465346534654
2 0.22916666666666666 0.18688118811881188 0.041666666666666664 0.10148514851485149
2 0.3625 0.28589108910891087 0.058333333333333334 0.10643564356435643
1 0.16805555555555557 0.2896039603960396 0.05555555555555555 0.09405940594059406
2 0.06041666666666667 0.3564356435643564 0.05416666666666667 0.12871287128712872
2 0.8784722222222222 0.48514851485148514 0.05694444444444444 0.11386138613861387
2 0.03958333333333333 0.46534653465346537 0.06527777777777778 0.13366336633663367
1 0.3909722222222222 0.24257425742574257 0.04861111111111111 0.07425742574257425
2 0.5361111111111111 0.23886138613861385 0.044444444444444446 0.08168316831683169
2 0.9270833333333334 0.47277227722772275 0.05138888888888889 0.09405940594059406
2 0.7048611111111112 0.48514851485148514 0.09861111111111111 0.1485148514851485
2 0.7986111111111112 0.37995049504950495 0.058333333333333334 0.09653465346534654
2 0.5423611111111111 0.28589108910891087 0.06527777777777778 0.10148514851485149
2 0.11180555555555556 0.28589108910891087 0.05416666666666667 0.10148514851485149
2 0.5902777777777778 0.20915841584158415 0.044444444444444446 0.07673267326732673
1 0.6972222222222222 0.25742574257425743 0.044444444444444446 0.06930693069306931
2 0.5743055555555555 0.36757425742574257 0.06527777777777778 0.12128712871287128
2 0.6868055555555556 0.24876237623762376 0.03194444444444444 0.07178217821782178
1 0.20416666666666666 0.24133663366336633 0.05277777777777778 0.08663366336633663
2 0.4 0.1967821782178218 0.03888888888888889 0.07178217821782178
1 0.19166666666666668 0.20544554455445543 0.03611111111111111 0.06930693069306931
2 0.3125 0.28836633663366334 0.04722222222222222 0.09653465346534654
2 0.27847222222222223 0.3527227722772277 0.059722222222222225 0.13613861386138615
1 0.1597222222222222 0.2400990099009901 0.041666666666666664 0.08415841584158416
2 0.3486111111111111 0.1967821782178218 0.03888888888888889 0.07673267326732673
1 0.7423611111111111 0.3069306930693069 0.059722222222222225 0.09405940594059406
2 0.35833333333333334 0.3551980198019802 0.058333333333333334 0.12623762376237624
2 0.5131944444444444 0.2079207920792079 0.0375 0.07425742574257425
2 0.7909722222222222 0.3056930693069307 0.04027777777777778 0.08168316831683169
