1 0.8763888888888889 0.4801980198019802 0.07777777777777778 0.1188118811881188
1 0.23333333333333334 0.20915841584158415 0.044444444444444446 0.06683168316831684
1 0.5770833333333333 0.2103960396039604 0.0375 0.06930693069306931
1 0.7958333333333333 0.30445544554455445 0.041666666666666664 0.0891089108910891
1 0.9333333333333333 0.47648514851485146 0.06666666666666667 0.1311881188118812
1 0.5388888888888889 0.2376237623762376 0.05 0.08415841584158416
1 0.5145833333333333 0.20173267326732675 0.0375 0.07178217821782178
1 0.2722222222222222 0.37004950495049505 0.06666666666666667 0.13613861386138615
1 0.19236111111111112 0.2079207920792079 0.0375 0.06435643564356436
1 0.16111111111111112 0.2400990099009901 0.05277777777777778 0.08415841584158416
1 0.74375 0.31064356435643564 0.05416666666666667 0.09158415841584158
1 0.34375 0.2079207920792079 0.04583333333333333 0.06435643564356436
1 0.03888888888888889 0.46410891089108913 0.075 0.13613861386138615
1 0.16666666666666666 0.2908415841584158 0.058333333333333334 0.09653465346534654
1 0.37777777777777777 0.28836633663366334 0.06111111111111111 0.10643564356435643
1 0.3902777777777778 0.24876237623762376 0.04722222222222222 0.07673267326732673
1 0.7131944444444445 0.47029702970297027 0.08194444444444444 0.12871287128712872
1 0.6131944444444445 0.29207920792079206 0.059722222222222225 0.10891089108910891
1 0.6222222222222222 0.4665841584158416 0.08611111111111111 0.13613861386138615
1 0.40555555555555556 0.17326732673267325 0.03888888888888889 0.06930693069306931
1 0.3375 0.2400990099009901 0.041666666666666664 0.07920792079207921
1 0.05347222222222222 0.3613861386138614 0.06805555555555555 0.12376237623762376
1 0.5090277777777777 0.18564356435643564 0.034722222222222224 0.07425742574257425
1 0.2048611111111111 0.2438118811881188 0.05138888888888889 0.08168316831683169
1 0.1111111111111111 0.36014851485148514 0.06388888888888888 0.12128712871287128
1 0.7520833333333333 0.2636138613861386 0.043055555555555555 0.07673267326732673
1 0.4013888888888889 0.2042079207920792 0.044444444444444446 0.07178217821782178
1 0.3597222222222222 0.17945544554455445 0.030555555555555555 0.06188118811881188
1 0.31527777777777777 0.2871287128712871 0.06111111111111111 0.10396039603960396
1 0.5409722222222222 0.2834158415841584 0.059722222222222225 0.10148514851485149
1 0.34652777777777777 0.46163366336633666 0.10416666666666667 0.1608910891089109
1 0.5770833333333333 0.36386138613861385 0.06805555555555555 0.12376237623762376
1 0.36527777777777776 0.35396039603960394 0.08888888888888889 0.13861386138613863
1 0.7 0.2623762376237624 0.044444444444444446 0.07425742574257425
1 0.6576388888888889 0.36386138613861385 0.05694444444444444 0.10891089108910891
2 0.23958333333333334 0.4665841584158416 0.09305555555555556 0.16584158415841585
1 0.10902777777777778 0.2908415841584158 0.05416666666666667 0.10643564356435643
1 0.7958333333333333 0.38242574257425743 0.05555555555555555 0.10148514851485149
1 0.8513888888888889 0.38366336633663367 0.06388888888888888 0.10396039603960396
1 0.5583333333333333 0.18564356435643564 0.03611111111111111 0.0594059405940594
1 0.5930555555555556 0.25123762376237624 0.03611111111111111 0.06188118811881188
