1 0.30972222222222223 0.29455445544554454 0.05555555555555555 0.10396039603960396
1 0.4013888888888889 0.20915841584158415 0.044444444444444446 0.06188118811881188
1 0.38263888888888886 0.2908415841584158 0.05416666666666667 0.10148514851485149
1 0.7013888888888888 0.2623762376237624 0.04722222222222222 0.07920792079207921
1 0.7159722222222222 0.47277227722772275 0.07916666666666666 0.13366336633663367
1 0.6569444444444444 0.3712871287128713 0.06111111111111111 0.10891089108910891
1 0.9375 0.48267326732673266 0.06388888888888888 0.12376237623762376
1 0.23333333333333334 0.21287128712871287 0.044444444444444446 0.06435643564356436
1 0.5097222222222222 0.18564356435643564 0.03888888888888889 0.06930693069306931
1 0.27361111111111114 0.3712871287128713 0.06388888888888888 0.1188118811881188
2 0.59375 0.24628712871287128 0.05138888888888889 0.08663366336633663
1 0.8847222222222222 0.4938118811881188 0.08888888888888889 0.12128712871287128
1 0.5590277777777778 0.18688118811881188 0.034722222222222224 0.05693069306930693
2 0.5354166666666667 0.24133663366336633 0.043055555555555555 0.08663366336633663
1 0.7520833333333333 0.2636138613861386 0.04027777777777778 0.07178217821782178
1 0.36041666666666666 0.3527227722772277 0.0875 0.14108910891089108
1 0.20625 0.24752475247524752 0.04861111111111111 0.07920792079207921
1 0.03958333333333333 0.4665841584158416 0.0763888888888889 0.14108910891089108
1 0.16597222222222222 0.2933168316831683 0.05694444444444444 0.09158415841584158
1 0.5763888888888888 0.3650990099009901 0.06666666666666667 0.1311881188118812
1 0.39305555555555555 0.25 0.04722222222222222 0.08415841584158416
1 0.54375 0.2871287128712871 0.06527777777777778 0.09900990099009901
1 0.7125 0.2301980198019802 0.027777777777777776 0.0594059405940594
1 0.05763888888888889 0.36014851485148514 0.059722222222222225 0.12128712871287128
1 0.8506944444444444 0.38613861386138615 0.0625 0.10396039603960396
2 0.40694444444444444 0.17202970297029702 0.03611111111111111 0.06683168316831684
1 0.34652777777777777 0.2141089108910891 0.043055555555555555 0.05693069306930693
1 0.7951388888888888 0.30816831683168316 0.0375 0.08168316831683169
1 0.6145833333333334 0.30198019801980197 0.05694444444444444 0.0891089108910891
1 0.7451388888888889 0.31435643564356436 0.05694444444444444 0.09405940594059406
1 0.24097222222222223 0.46782178217821785 0.09305555555555556 0.17326732673267325
1 0.10833333333333334 0.2908415841584158 0.05555555555555555 0.10643564356435643
1 0.5763888888888888 0.21287128712871287 0.03333333333333333 0.06435643564356436
1 0.15833333333333333 0.2524752475247525 0.04722222222222222 0.0594059405940594
1 0.18958333333333333 0.2103960396039604 0.0375 0.06435643564356436
1 0.3472222222222222 0.46534653465346537 0.1111111111111111 0.16831683168316833
1 0.3333333333333333 0.24504950495049505 0.044444444444444446 0.07920792079207921
1 0.66875 0.22524752475247525 0.0375 0.07425742574257425
1 0.1125 0.3613861386138614 0.06388888888888888 0.11386138613861387
1 0.5138888888888888 0.2042079207920792 0.03611111111111111 0.06683168316831684
1 0.36041666666666666 0.17698019801980197 0.0375 0.06683168316831684
