1 0.23333333333333334 0.20915841584158415 0.044444444444444446 0.06683168316831684
1 0.3111111111111111 0.2908415841584158 0.06111111111111111 0.10643564356435643
1 0.34652777777777777 0.2103960396039604 0.04027777777777778 0.06435643564356436
1 0.4013888888888889 0.2042079207920792 0.044444444444444446 0.06683168316831684
1 0.7125 0.23143564356435645 0.027777777777777776 0.06188118811881188
1 0.5916666666666667 0.24257425742574257 0.044444444444444446 0.08415841584158416
1 0.16458333333333333 0.28836633663366334 0.059722222222222225 0.09653465346534654
1 0.5090277777777777 0.1844059405940594 0.0375 0.07178217821782178
1 0.1076388888888889 0.2896039603960396 0.05416666666666667 0.10396039603960396
1 0.5576388888888889 0.1844059405940594 0.034722222222222224 0.05693069306930693
1 0.6555555555555556 0.37004950495049505 0.06388888888888888 0.10643564356435643
1 0.7159722222222222 0.4715346534653465 0.08194444444444444 0.14108910891089108
1 0.3472222222222222 0.4665841584158416 0.10555555555555556 0.16584158415841585
1 0.4048611111111111 0.1707920792079208 0.0375 0.06435643564356436
1 0.03888888888888889 0.46410891089108913 0.075 0.13613861386138615
1 0.3902777777777778 0.24876237623762376 0.05 0.08168316831683169
1 0.6152777777777778 0.297029702970297 0.05277777777777778 0.0891089108910891
2 0.5909722222222222 0.24504950495049505 0.04583333333333333 0.08415841584158416
1 0.5375 0.23638613861386137 0.044444444444444446 0.08168316831683169
1 0.33402777777777776 0.24257425742574257 0.04583333333333333 0.07920792079207921
1 0.5402777777777777 0.28589108910891087 0.06666666666666667 0.10148514851485149
1 0.05555555555555555 0.3589108910891089 0.058333333333333334 0.1188118811881188
1 0.11180555555555556 0.36014851485148514 0.0625 0.11633663366336634
1 0.24097222222222223 0.4665841584158416 0.09027777777777778 0.1608910891089109
1 0.5743055555555555 0.20915841584158415 0.03194444444444444 0.06188118811881188
1 0.18819444444444444 0.20915841584158415 0.0375 0.06683168316831684
1 0.7958333333333333 0.30816831683168316 0.041666666666666664 0.08663366336633663
1 0.5131944444444444 0.2004950495049505 0.0375 0.06435643564356436
1 0.6993055555555555 0.25866336633663367 0.04583333333333333 0.07673267326732673
1 0.7506944444444444 0.2623762376237624 0.04027777777777778 0.07425742574257425
1 0.35833333333333334 0.17326732673267325 0.03888888888888889 0.06930693069306931
1 0.2048611111111111 0.24504950495049505 0.04583333333333333 0.07920792079207921
1 0.8791666666666667 0.49504950495049505 0.08611111111111111 0.10396039603960396
1 0.2722222222222222 0.3712871287128713 0.06666666666666667 0.12871287128712872
1 0.9305555555555556 0.474009900990099 0.06388888888888888 0.12128712871287128
1 0.74375 0.31064356435643564 0.05694444444444444 0.09158415841584158
1 0.38263888888888886 0.2871287128712871 0.05416666666666667 0.10396039603960396
1 0.8513888888888889 0.38242574257425743 0.058333333333333334 0.10148514851485149
1 0.36666666666666664 0.3502475247524752 0.09166666666666666 0.1311881188118812
1 0.5784722222222223 0.3613861386138614 0.07083333333333333 0.12871287128712872
