2 0.20416666666666666 0.24257425742574257 0.044444444444444446 0.07920792079207921
1 0.3486111111111111 0.3502475247524752 0.06111111111111111 0.1311881188118812
2 0.17152777777777778 0.29207920792079206 0.05416666666666667 0.09405940594059406
1 0.6680555555555555 0.22400990099009901 0.041666666666666664 0.07178217821782178
1 0.5118055555555555 0.1782178217821782 0.03194444444444444 0.06435643564356436
2 0.7479166666666667 0.26732673267326734 0.0375 0.06930693069306931
1 0.5145833333333333 0.21163366336633663 0.04027777777777778 0.06188118811881188
1 0.5590277777777778 0.18811881188118812 0.03194444444444444 0.0594059405940594
1 0.15555555555555556 0.25495049504950495 0.04722222222222222 0.06435643564356436
0 0.6229166666666667 0.4814356435643564 0.0763888888888889 0.13613861386138615
0 0.7534722222222222 0.31683168316831684 0.05416666666666667 0.07920792079207921
0 0.8680555555555556 0.3849009900990099 0.05555555555555555 0.09653465346534654
2 0.6152777777777778 0.2957920792079208 0.058333333333333334 0.09653465346534654
1 0.5770833333333333 0.21287128712871287 0.034722222222222224 0.06435643564356436
0 0.7222222222222222 0.4777227722772277 0.07222222222222222 0.13366336633663367
1 0.38958333333333334 0.3032178217821782 0.059722222222222225 0.07673267326732673
0 0.9409722222222222 0.4777227722772277 0.05138888888888889 0.1188118811881188
0 0.6673611111111111 0.3774752475247525 0.07083333333333333 0.10148514851485149
1 0.6930555555555555 0.2636138613861386 0.041666666666666664 0.06683168316831684
2 0.059027777777777776 0.35396039603960394 0.05416666666666667 0.13366336633663367
0 0.2791666666666667 0.3626237623762376 0.075 0.11138613861386139
2 0.04027777777777778 0.46534653465346537 0.06388888888888888 0.13366336633663367
1 0.34652777777777777 0.45173267326732675 0.09583333333333334 0.15099009900990099
2 0.1125 0.3589108910891089 0.05277777777777778 0.12376237623762376
2 0.11736111111111111 0.2871287128712871 0.043055555555555555 0.09900990099009901
1 0.3902777777777778 0.24628712871287128 0.05277777777777778 0.08168316831683169
0 0.8069444444444445 0.32673267326732675 0.05 0.06930693069306931
4 0.30694444444444446 0.29207920792079206 0.06388888888888888 0.09900990099009901
1 0.5958333333333333 0.2438118811881188 0.05 0.08663366336633663
0 0.5895833333333333 0.37376237623762376 0.07083333333333333 0.09900990099009901
0 0.8020833333333334 0.38985148514851486 0.06805555555555555 0.09158415841584158
0 0.2465277777777778 0.4777227722772277 0.09305555555555556 0.12871287128712872
1 0.23958333333333334 0.21287128712871287 0.04027777777777778 0.06930693069306931
0 0.34791666666666665 0.2042079207920792 0.04583333333333333 0.06188118811881188
1 0.5354166666666667 0.23886138613861385 0.04027777777777778 0.08168316831683169
0 0.3416666666666667 0.24628712871287128 0.04722222222222222 0.06683168316831684
1 0.19583333333333333 0.20668316831683167 0.041666666666666664 0.06683168316831684
