2 0.6194444444444445 0.47896039603960394 0.08055555555555556 0.14603960396039603
1 0.5090277777777777 0.17698019801980197 0.03194444444444444 0.06188118811881188
2 0.5340277777777778 0.23391089108910892 0.04027777777777778 0.07673267326732673
1 0.5597222222222222 0.18564356435643564 0.03611111111111111 0.054455445544554455
0 0.7534722222222222 0.31435643564356436 0.05694444444444444 0.07425742574257425
1 0.23680555555555555 0.21287128712871287 0.04027777777777778 0.06435643564356436
0 0.27569444444444446 0.3564356435643564 0.07361111111111111 0.12376237623762376
2 0.11458333333333333 0.28465346534653463 0.05138888888888889 0.09900990099009901
1 0.27361111111111114 0.3564356435643564 0.06944444444444445 0.1188118811881188
1 0.3875 0.23638613861386137 0.04722222222222222 0.07673267326732673
1 0.03888888888888889 0.4603960396039604 0.06388888888888888 0.13366336633663367
0 0.24583333333333332 0.47896039603960394 0.09166666666666666 0.11633663366336634
1 0.3840277777777778 0.29207920792079206 0.04861111111111111 0.09405940594059406
1 0.6180555555555556 0.4801980198019802 0.08055555555555556 0.1485148514851485
1 0.5965277777777778 0.25123762376237624 0.05138888888888889 0.07178217821782178
0 0.8048611111111111 0.38366336633663367 0.06527777777777778 0.08415841584158416
1 0.8833333333333333 0.4801980198019802 0.06111111111111111 0.10891089108910891
2 0.6194444444444445 0.2933168316831683 0.04722222222222222 0.09158415841584158
1 0.6944444444444444 0.2623762376237624 0.03888888888888889 0.0594059405940594
1 0.3416666666666667 0.3527227722772277 0.06944444444444445 0.14108910891089108
2 0.5791666666666667 0.3564356435643564 0.06666666666666667 0.10891089108910891
1 0.3194444444444444 0.28094059405940597 0.05555555555555555 0.09653465346534654
1 0.19375 0.20544554455445543 0.029166666666666667 0.06435643564356436
0 0.66875 0.37376237623762376 0.07083333333333333 0.09900990099009901
1 0.8666666666666667 0.38366336633663367 0.058333333333333334 0.09405940594059406
1 0.17152777777777778 0.2871287128712871 0.05416666666666667 0.0891089108910891
2 0.11180555555555556 0.3564356435643564 0.05694444444444444 0.1188118811881188
2 0.3506944444444444 0.4591584158415842 0.09305555555555556 0.15594059405940594
0 0.8041666666666667 0.32054455445544555 0.04722222222222222 0.07178217821782178
1 0.6673611111111111 0.21905940594059406 0.0375 0.06683168316831684
1 0.20625 0.2376237623762376 0.04027777777777778 0.07920792079207921
0 0.7534722222222222 0.26732673267326734 0.04583333333333333 0.06930693069306931
1 0.33194444444444443 0.23391089108910892 0.05 0.07673267326732673
1 0.05694444444444444 0.3527227722772277 0.05277777777777778 0.12128712871287128
1 0.5805555555555556 0.2141089108910891 0.03333333333333333 0.06188118811881188
1 0.7222222222222222 0.23514851485148514 0.030555555555555555 0.0594059405940594
1 0.15694444444444444 0.24133663366336633 0.05 0.08168316831683169
0 0.7229166666666667 0.48267326732673266 0.08194444444444444 0.11386138613861387
1 0.3506944444444444 0.19925742574257427 0.034722222222222224 0.07673267326732673
