1 0.03958333333333333 0.46410891089108913 0.0625 0.1311881188118812
1 0.11319444444444444 0.3613861386138614 0.059722222222222225 0.11386138613861387
0 0.8076388888888889 0.39603960396039606 0.07361111111111111 0.0891089108910891
0 0.5868055555555556 0.36633663366336633 0.06805555555555555 0.1188118811881188
0 0.8069444444444445 0.32673267326732675 0.058333333333333334 0.06435643564356436
1 0.05347222222222222 0.3613861386138614 0.05694444444444444 0.1188118811881188
0 0.6763888888888889 0.21905940594059406 0.041666666666666664 0.07178217821782178
0 0.6270833333333333 0.30816831683168316 0.059722222222222225 0.07673267326732673
0 0.86875 0.3873762376237624 0.059722222222222225 0.08663366336633663
0 0.5493055555555556 0.29826732673267325 0.06805555555555555 0.08168316831683169
0 0.3645833333333333 0.3725247524752475 0.08472222222222223 0.09653465346534654
0 0.6263888888888889 0.49133663366336633 0.10277777777777777 0.10643564356435643
0 0.275 0.37995049504950495 0.08333333333333333 0.10148514851485149
2 0.35138888888888886 0.46410891089108913 0.1 0.14603960396039603
0 0.5986111111111111 0.2561881188118812 0.06111111111111111 0.07178217821782178
0 0.74375 0.30816831683168316 0.05416666666666667 0.08663366336633663
0 0.1673611111111111 0.30198019801980197 0.059722222222222225 0.07425742574257425
0 0.3993055555555556 0.2042079207920792 0.043055555555555555 0.05693069306930693
0 0.3840277777777778 0.29826732673267325 0.059722222222222225 0.08663366336633663
0 0.5375 0.2438118811881188 0.058333333333333334 0.07673267326732673
0 0.6756944444444445 0.37623762376237624 0.06805555555555555 0.10891089108910891
2 0.20625 0.23886138613861385 0.04583333333333333 0.08663366336633663
1 0.10972222222222222 0.29207920792079206 0.04722222222222222 0.09900990099009901
0 0.70625 0.2698019801980198 0.04583333333333333 0.0594059405940594
1 0.33402777777777776 0.23391089108910892 0.04861111111111111 0.08663366336633663
0 0.5618055555555556 0.1943069306930693 0.04027777777777778 0.05198019801980198
0 0.1527777777777778 0.2537128712871287 0.04722222222222222 0.06683168316831684
1 0.1840277777777778 0.21287128712871287 0.034722222222222224 0.06435643564356436
0 0.5111111111111111 0.17698019801980197 0.03333333333333333 0.05693069306930693
0 0.5784722222222223 0.21534653465346534 0.034722222222222224 0.06435643564356436
0 0.8805555555555555 0.48514851485148514 0.07222222222222222 0.11386138613861387
2 0.2375 0.21287128712871287 0.041666666666666664 0.06435643564356436
1 0.3090277777777778 0.2896039603960396 0.04861111111111111 0.0891089108910891
0 0.39652777777777776 0.24876237623762376 0.04861111111111111 0.06683168316831684
0 0.25763888888888886 0.47648514851485146 0.0875 0.12623762376237624
0 0.7277777777777777 0.4876237623762376 0.08055555555555556 0.10891089108910891
