2 0.275 0.36757425742574257 0.07777777777777778 0.12128712871287128
2 0.11388888888888889 0.36386138613861385 0.058333333333333334 0.11386138613861387
0 0.5402777777777777 0.25 0.05555555555555555 0.06930693069306931
1 0.10902777777777778 0.2957920792079208 0.05416666666666667 0.09158415841584158
0 0.6340277777777777 0.4900990099009901 0.10138888888888889 0.10396039603960396
0 0.35625 0.4777227722772277 0.1125 0.12376237623762376
1 0.40347222222222223 0.24876237623762376 0.04027777777777778 0.06683168316831684
0 0.94375 0.47896039603960394 0.04861111111111111 0.12128712871287128
1 0.23819444444444443 0.21782178217821782 0.0375 0.054455445544554455
0 0.6277777777777778 0.3069306930693069 0.058333333333333334 0.07425742574257425
0 0.80625 0.39603960396039606 0.06805555555555555 0.0891089108910891
0 0.5986111111111111 0.25495049504950495 0.05555555555555555 0.06930693069306931
1 0.05625 0.3626237623762376 0.05694444444444444 0.11138613861386139
0 0.5763888888888888 0.21534653465346534 0.03333333333333333 0.06435643564356436
0 0.24791666666666667 0.4839108910891089 0.09027777777777778 0.11138613861386139
0 0.6701388888888888 0.3774752475247525 0.0763888888888889 0.10148514851485149
0 0.8041666666666667 0.32301980198019803 0.05277777777777778 0.06683168316831684
0 0.7263888888888889 0.48514851485148514 0.08055555555555556 0.11386138613861387
0 0.7548611111111111 0.2685643564356436 0.043055555555555555 0.06683168316831684
0 0.18333333333333332 0.2202970297029703 0.03333333333333333 0.06435643564356436
0 0.15416666666666667 0.2561881188118812 0.044444444444444446 0.06683168316831684
0 0.8631944444444445 0.38242574257425743 0.05694444444444444 0.10148514851485149
1 0.3076388888888889 0.2896039603960396 0.04861111111111111 0.0891089108910891
2 0.35 0.20668316831683167 0.041666666666666664 0.07673267326732673
0 0.7069444444444445 0.27103960396039606 0.041666666666666664 0.05198019801980198
0 0.16458333333333333 0.3069306930693069 0.05694444444444444 0.06435643564356436
2 0.3638888888888889 0.36633663366336633 0.08333333333333333 0.1188118811881188
0 0.5569444444444445 0.1844059405940594 0.041666666666666664 0.06188118811881188
0 0.8958333333333334 0.4975247524752475 0.075 0.09900990099009901
1 0.33402777777777776 0.24257425742574257 0.05138888888888889 0.07920792079207921
1 0.3840277777777778 0.297029702970297 0.05416666666666667 0.09900990099009901
0 0.7222222222222222 0.23638613861386137 0.03333333333333333 0.05693069306930693
0 0.7534722222222222 0.3155940594059406 0.059722222222222225 0.07673267326732673
2 0.40625 0.17574257425742573 0.0375 0.06930693069306931
0 0.5111111111111111 0.1782178217821782 0.03333333333333333 0.0594059405940594
0 0.68125 0.2301980198019802 0.043055555555555555 0.054455445544554455
0 0.5541666666666667 0.29826732673267325 0.06388888888888888 0.08168316831683169
0 0.5861111111111111 0.36757425742574257 0.06944444444444445 0.10148514851485149
1 0.03819444444444445 0.4801980198019802 0.07083333333333333 0.12376237623762376
0 0.20833333333333334 0.24133663366336633 0.03888888888888889 0.08168316831683169
