0 0.7055555555555556 0.27103960396039606 0.044444444444444446 0.05693069306930693
1 0.03611111111111111 0.4752475247524752 0.06944444444444445 0.12376237623762376
2 0.4027777777777778 0.17202970297029702 0.041666666666666664 0.06683168316831684
0 0.5416666666666666 0.24628712871287128 0.05555555555555555 0.06683168316831684
0 0.5527777777777778 0.29826732673267325 0.058333333333333334 0.07673267326732673
1 0.3486111111111111 0.2042079207920792 0.041666666666666664 0.07178217821782178
0 0.5743055555555555 0.2141089108910891 0.034722222222222224 0.06683168316831684
0 0.6694444444444444 0.37623762376237624 0.07777777777777778 0.09900990099009901
0 0.7215277777777778 0.23391089108910892 0.03194444444444444 0.05693069306930693
2 0.11319444444444444 0.3613861386138614 0.059722222222222225 0.1188118811881188
0 0.6270833333333333 0.30816831683168316 0.059722222222222225 0.07673267326732673
0 0.24791666666666667 0.48267326732673266 0.09027777777777778 0.10891089108910891
0 0.8013888888888889 0.3886138613861386 0.06388888888888888 0.08415841584158416
0 0.5979166666666667 0.25123762376237624 0.05416666666666667 0.07178217821782178
1 0.8625 0.37995049504950495 0.058333333333333334 0.09653465346534654
0 0.18194444444444444 0.2202970297029703 0.03611111111111111 0.06930693069306931
0 0.8027777777777778 0.3180693069306931 0.05 0.07178217821782178
1 0.40069444444444446 0.2079207920792079 0.043055555555555555 0.0594059405940594
0 0.16527777777777777 0.30445544554455445 0.05555555555555555 0.06435643564356436
0 0.15138888888888888 0.2561881188118812 0.04722222222222222 0.06683168316831684
1 0.10833333333333334 0.2957920792079208 0.05277777777777778 0.08663366336633663
0 0.7534722222222222 0.3118811881188119 0.05138888888888889 0.06930693069306931
0 0.20694444444444443 0.2376237623762376 0.03888888888888889 0.07920792079207921
0 0.7270833333333333 0.4814356435643564 0.08194444444444444 0.11138613861386139
0 0.8923611111111112 0.49504950495049505 0.06805555555555555 0.09405940594059406
1 0.3819444444444444 0.2957920792079208 0.058333333333333334 0.09158415841584158
1 0.4013888888888889 0.25 0.04722222222222222 0.06930693069306931
1 0.5090277777777777 0.17945544554455445 0.034722222222222224 0.06188118811881188
0 0.35694444444444445 0.47896039603960394 0.1111111111111111 0.12128712871287128
1 0.2076388888888889 0.23638613861386137 0.0375 0.08168316831683169
0 0.7541666666666667 0.26732673267326734 0.041666666666666664 0.06930693069306931
1 0.2361111111111111 0.21658415841584158 0.03888888888888889 0.05693069306930693
1 0.3090277777777778 0.2871287128712871 0.04861111111111111 0.0891089108910891
0 0.5826388888888889 0.36757425742574257 0.07083333333333333 0.11138613861386139
0 0.5548611111111111 0.18688118811881188 0.0375 0.05198019801980198
0 0.3645833333333333 0.36386138613861385 0.08194444444444444 0.11386138613861387
2 0.2708333333333333 0.36633663366336633 0.07777777777777778 0.1188118811881188
0 0.6791666666666667 0.22772277227722773 0.044444444444444446 0.054455445544554455
1 0.05486111111111111 0.3613861386138614 0.05694444444444444 0.10891089108910891
1 0.32569444444444445 0.23886138613861385 0.05138888888888889 0.07673267326732673
0 0.6326388888888889 0.49133663366336633 0.10416666666666667 0.10148514851485149
