0 0.2722222222222222 0.375 0.07777777777777778 0.11138613861386139
1 0.5166666666666667 0.20544554455445543 0.03888888888888889 0.06435643564356436
1 0.6743055555555556 0.22772277227722773 0.04027777777777778 0.0594059405940594
2 0.5791666666666667 0.20668316831683167 0.041666666666666664 0.07673267326732673
0 0.5875 0.36633663366336633 0.07222222222222222 0.10891089108910891
0 0.7541666666666667 0.2660891089108911 0.041666666666666664 0.06683168316831684
0 0.6291666666666667 0.3056930693069307 0.05555555555555555 0.07673267326732673
0 0.8659722222222223 0.38613861386138615 0.059722222222222225 0.0891089108910891
0 0.3680555555555556 0.37004950495049505 0.08055555555555556 0.11138613861386139
0 0.16527777777777777 0.3056930693069307 0.05555555555555555 0.06683168316831684
0 0.2048611111111111 0.24752475247524752 0.04861111111111111 0.07425742574257425
1 0.5298611111111111 0.23514851485148514 0.04861111111111111 0.07920792079207921
1 0.1076388888888889 0.297029702970297 0.05416666666666667 0.0891089108910891
2 0.3090277777777778 0.2871287128712871 0.04861111111111111 0.09900990099009901
0 0.18333333333333332 0.21782178217821782 0.03333333333333333 0.054455445544554455
0 0.15416666666666667 0.25123762376237624 0.044444444444444446 0.06188118811881188
0 0.7270833333333333 0.4839108910891089 0.08472222222222223 0.11138613861386139
0 0.7020833333333333 0.26732673267326734 0.04583333333333333 0.0594059405940594
0 0.3375 0.24504950495049505 0.05555555555555555 0.07425742574257425
1 0.40069444444444446 0.2042079207920792 0.043055555555555555 0.07178217821782178
0 0.23541666666666666 0.21534653465346534 0.043055555555555555 0.054455445544554455
2 0.7951388888888888 0.3118811881188119 0.04027777777777778 0.08415841584158416
1 0.7930555555555555 0.37623762376237624 0.05555555555555555 0.09405940594059406
1 0.5791666666666667 0.2042079207920792 0.03888888888888889 0.07673267326732673
0 0.24791666666666667 0.4839108910891089 0.09027777777777778 0.10643564356435643
0 0.38055555555555554 0.29826732673267325 0.06111111111111111 0.07673267326732673
1 0.3576388888888889 0.17698019801980197 0.0375 0.06683168316831684
0 0.3576388888888889 0.47896039603960394 0.10972222222222222 0.12128712871287128
1 0.40208333333333335 0.24752475247524752 0.043055555555555555 0.07425742574257425
0 0.5979166666666667 0.2524752475247525 0.05416666666666667 0.07425742574257425
1 0.05555555555555555 0.3626237623762376 0.05555555555555555 0.10643564356435643
2 0.7166666666666667 0.22772277227722773 0.03611111111111111 0.06435643564356436
0 0.7548611111111111 0.31064356435643564 0.05138888888888889 0.07178217821782178
1 0.5069444444444444 0.17698019801980197 0.030555555555555555 0.06188118811881188
1 0.035416666666666666 0.47896039603960394 0.06805555555555555 0.12128712871287128
2 0.11319444444444444 0.36757425742574257 0.059722222222222225 0.11138613861386139
0 0.675 0.3849009900990099 0.06944444444444445 0.08663366336633663
2 0.40902777777777777 0.16955445544554457 0.034722222222222224 0.06683168316831684
1 0.6319444444444444 0.47648514851485146 0.08611111111111111 0.1311881188118812
