0 0.7520833333333333 0.26485148514851486 0.043055555555555555 0.06435643564356436
0 0.27291666666666664 0.3774752475247525 0.08194444444444444 0.10148514851485149
2 0.3576388888888889 0.1745049504950495 0.0375 0.06683168316831684
0 0.3375 0.24257425742574257 0.05277777777777778 0.07425742574257425
0 0.35833333333333334 0.4777227722772277 0.10833333333333334 0.12376237623762376
1 0.4152777777777778 0.1745049504950495 0.03333333333333333 0.06188118811881188
1 0.5972222222222222 0.24752475247524752 0.05 0.07425742574257425
1 0.5395833333333333 0.23514851485148514 0.04861111111111111 0.07920792079207921
0 0.8652777777777778 0.3873762376237624 0.058333333333333334 0.08663366336633663
1 0.5770833333333333 0.20668316831683167 0.04027777777777778 0.07673267326732673
1 0.40208333333333335 0.24876237623762376 0.04861111111111111 0.07178217821782178
2 0.7930555555555555 0.3069306930693069 0.03888888888888889 0.08415841584158416
0 0.34305555555555556 0.20915841584158415 0.05 0.06188118811881188
0 0.89375 0.4938118811881188 0.0625 0.09653465346534654
0 0.675 0.38242574257425743 0.06944444444444445 0.09653465346534654
0 0.7020833333333333 0.26732673267326734 0.04583333333333333 0.0594059405940594
1 0.38055555555555554 0.29207920792079206 0.058333333333333334 0.09900990099009901
1 0.10902777777777778 0.297029702970297 0.04861111111111111 0.0891089108910891
1 0.3993055555555556 0.2079207920792079 0.04583333333333333 0.06930693069306931
1 0.05555555555555555 0.3650990099009901 0.058333333333333334 0.10643564356435643
0 0.6305555555555555 0.4777227722772277 0.08611111111111111 0.13366336633663367
0 0.75 0.31064356435643564 0.05277777777777778 0.07178217821782178
1 0.7972222222222223 0.375 0.058333333333333334 0.09653465346534654
0 0.3659722222222222 0.36757425742574257 0.08472222222222223 0.11138613861386139
0 0.15347222222222223 0.2524752475247525 0.043055555555555555 0.0594059405940594
0 0.2388888888888889 0.21534653465346534 0.041666666666666664 0.0594059405940594
0 0.20069444444444445 0.24876237623762376 0.05694444444444444 0.07178217821782178
0 0.24791666666666667 0.4839108910891089 0.09027777777777778 0.10643564356435643
1 0.3423611111111111 0.2103960396039604 0.04861111111111111 0.06435643564356436
1 0.5152777777777777 0.2079207920792079 0.041666666666666664 0.06435643564356436
2 0.3104166666666667 0.2871287128712871 0.05138888888888889 0.09900990099009901
0 0.16666666666666666 0.3056930693069307 0.05555555555555555 0.06683168316831684
1 0.1125 0.36014851485148514 0.06111111111111111 0.11633663366336634
1 0.18888888888888888 0.21287128712871287 0.03888888888888889 0.07425742574257425
1 0.034722222222222224 0.4814356435643564 0.06666666666666667 0.11633663366336634
1 0.5069444444444444 0.17698019801980197 0.030555555555555555 0.06188118811881188
0 0.5847222222222223 0.36757425742574257 0.075 0.10643564356435643
0 0.6770833333333334 0.22277227722772278 0.043055555555555555 0.06435643564356436
0 0.725 0.4814356435643564 0.08611111111111111 0.11138613861386139
0 0.6243055555555556 0.30816831683168316 0.06527777777777778 0.07178217821782178
