0 0.25 0.4814356435643564 0.08888888888888889 0.11138613861386139
1 0.4076388888888889 0.1745049504950495 0.0375 0.06683168316831684
1 0.8840277777777777 0.48886138613861385 0.059722222222222225 0.11633663366336634
1 0.7583333333333333 0.2660891089108911 0.030555555555555555 0.06683168316831684
0 0.16319444444444445 0.3056930693069307 0.05416666666666667 0.06683168316831684
1 0.05555555555555555 0.36014851485148514 0.05555555555555555 0.11633663366336634
1 0.5083333333333333 0.17698019801980197 0.030555555555555555 0.05693069306930693
1 0.6284722222222222 0.4752475247524752 0.09305555555555556 0.12376237623762376
2 0.6604166666666667 0.36386138613861385 0.05138888888888889 0.10891089108910891
2 0.7958333333333333 0.3155940594059406 0.041666666666666664 0.08168316831683169
1 0.11180555555555556 0.2933168316831683 0.05138888888888889 0.09158415841584158
0 0.15416666666666667 0.24628712871287128 0.05 0.07673267326732673
2 0.5972222222222222 0.2400990099009901 0.041666666666666664 0.0891089108910891
0 0.3958333333333333 0.24504950495049505 0.05 0.06435643564356436
0 0.8041666666666667 0.3948019801980198 0.06944444444444445 0.08168316831683169
1 0.3548611111111111 0.4542079207920792 0.09027777777777778 0.13613861386138615
0 0.5569444444444445 0.18688118811881188 0.030555555555555555 0.04702970297029703
0 0.20902777777777778 0.2438118811881188 0.04027777777777778 0.07673267326732673
0 0.3548611111111111 0.21534653465346534 0.0375 0.0594059405940594
0 0.3909722222222222 0.3056930693069307 0.05138888888888889 0.07178217821782178
0 0.2777777777777778 0.3712871287128713 0.08333333333333333 0.10396039603960396
1 0.5784722222222223 0.2042079207920792 0.034722222222222224 0.06683168316831684
2 0.35833333333333334 0.3564356435643564 0.06388888888888888 0.12871287128712872
1 0.03819444444444445 0.4628712871287129 0.06527777777777778 0.13366336633663367
0 0.6756944444444445 0.22772277227722773 0.04027777777777778 0.054455445544554455
1 0.5333333333333333 0.2376237623762376 0.05 0.07920792079207921
0 0.23402777777777778 0.2141089108910891 0.04861111111111111 0.05693069306930693
0 0.7055555555555556 0.2698019801980198 0.05277777777777778 0.06435643564356436
0 0.18472222222222223 0.21905940594059406 0.030555555555555555 0.05198019801980198
0 0.33611111111111114 0.24257425742574257 0.05 0.07425742574257425
2 0.7201388888888889 0.4752475247524752 0.07916666666666666 0.12871287128712872
0 0.8666666666666667 0.3849009900990099 0.06111111111111111 0.08663366336633663
1 0.5576388888888889 0.18811881188118812 0.03194444444444444 0.04950495049504951
2 0.1125 0.36014851485148514 0.05 0.11138613861386139
1 0.5145833333333333 0.2042079207920792 0.04027777777777778 0.07178217821782178
1 0.30972222222222223 0.28836633663366334 0.05 0.09653465346534654
2 0.5784722222222223 0.35767326732673266 0.0625 0.10643564356435643
2 0.7111111111111111 0.22153465346534654 0.03611111111111111 0.06683168316831684
2 0.6152777777777778 0.2908415841584158 0.04722222222222222 0.09158415841584158
2 0.7458333333333333 0.30198019801980197 0.04722222222222222 0.0891089108910891
