1 0.11319444444444444 0.2933168316831683 0.05138888888888889 0.09158415841584158
2 0.8770833333333333 0.47029702970297027 0.05694444444444444 0.11386138613861387
2 0.40347222222222223 0.1707920792079208 0.0375 0.06930693069306931
1 0.40069444444444446 0.25 0.04583333333333333 0.06930693069306931
0 0.25833333333333336 0.47896039603960394 0.08888888888888889 0.12128712871287128
0 0.7041666666666667 0.2698019801980198 0.05277777777777778 0.06435643564356436
0 0.18472222222222223 0.21905940594059406 0.03888888888888889 0.05693069306930693
1 0.375 0.2871287128712871 0.05277777777777778 0.08415841584158416
1 0.5319444444444444 0.2400990099009901 0.05 0.07920792079207921
2 0.03819444444444445 0.46534653465346537 0.0625 0.13366336633663367
0 0.2777777777777778 0.3725247524752475 0.07777777777777778 0.10148514851485149
1 0.36180555555555555 0.1782178217821782 0.029166666666666667 0.0594059405940594
1 0.7590277777777777 0.26485148514851486 0.029166666666666667 0.06435643564356436
1 0.3472222222222222 0.2042079207920792 0.041666666666666664 0.07178217821782178
2 0.6604166666666667 0.3650990099009901 0.05138888888888889 0.10643564356435643
0 0.36041666666666666 0.46534653465346537 0.09027777777777778 0.14356435643564355
1 0.8020833333333334 0.38242574257425743 0.059722222222222225 0.09158415841584158
1 0.05486111111111111 0.36014851485148514 0.05416666666666667 0.11138613861386139
0 0.20972222222222223 0.24876237623762376 0.044444444444444446 0.06683168316831684
2 0.6166666666666667 0.2908415841584158 0.044444444444444446 0.09158415841584158
2 0.8027777777777778 0.38242574257425743 0.058333333333333334 0.09158415841584158
1 0.6715277777777777 0.21658415841584158 0.043055555555555555 0.07178217821782178
1 0.8625 0.38366336633663367 0.058333333333333334 0.08415841584158416
2 0.9333333333333333 0.46782178217821785 0.05 0.1188118811881188
1 0.3090277777777778 0.28836633663366334 0.05138888888888889 0.09158415841584158
2 0.79375 0.3131188118811881 0.04027777777777778 0.08168316831683169
2 0.36666666666666664 0.3551980198019802 0.06388888888888888 0.12623762376237624
1 0.7048611111111112 0.2698019801980198 0.05138888888888889 0.06435643564356436
2 0.5930555555555556 0.24504950495049505 0.041666666666666664 0.08415841584158416
0 0.15902777777777777 0.2537128712871287 0.04583333333333333 0.06683168316831684
1 0.5076388888888889 0.17698019801980197 0.029166666666666667 0.05693069306930693
2 0.23541666666666666 0.2103960396039604 0.0375 0.0594059405940594
2 0.11180555555555556 0.3613861386138614 0.04861111111111111 0.10891089108910891
2 0.5770833333333333 0.3589108910891089 0.0625 0.10396039603960396
1 0.7222222222222222 0.2376237623762376 0.030555555555555555 0.0594059405940594
2 0.5743055555555555 0.20544554455445543 0.03194444444444444 0.06930693069306931
1 0.5152777777777777 0.20544554455445543 0.03888888888888889 0.06930693069306931
1 0.33541666666666664 0.24257425742574257 0.04861111111111111 0.07920792079207921
2 0.7465277777777778 0.30198019801980197 0.04583333333333333 0.0891089108910891
2 0.5458333333333333 0.2871287128712871 0.058333333333333334 0.09405940594059406
0 0.7277777777777777 0.4814356435643564 0.08055555555555556 0.11138613861386139
0 0.1625 0.3056930693069307 0.05555555555555555 0.06683168316831684
