2 0.11180555555555556 0.3613861386138614 0.05138888888888889 0.10891089108910891
2 0.5555555555555556 0.1844059405940594 0.03611111111111111 0.06188118811881188
1 0.5368055555555555 0.24133663366336633 0.04861111111111111 0.07178217821782178
1 0.18680555555555556 0.2079207920792079 0.03194444444444444 0.06435643564356436
2 0.7527777777777778 0.26113861386138615 0.03611111111111111 0.07178217821782178
2 0.5458333333333333 0.28589108910891087 0.058333333333333334 0.09653465346534654
1 0.5069444444444444 0.17574257425742573 0.030555555555555555 0.0594059405940594
2 0.3611111111111111 0.3502475247524752 0.06388888888888888 0.12623762376237624
2 0.5777777777777777 0.20915841584158415 0.030555555555555555 0.06683168316831684
1 0.3875 0.2438118811881188 0.05277777777777778 0.07673267326732673
2 0.7930555555555555 0.3774752475247525 0.05555555555555555 0.09653465346534654
2 0.2791666666666667 0.349009900990099 0.06111111111111111 0.12376237623762376
2 0.8784722222222222 0.4801980198019802 0.05138888888888889 0.10396039603960396
1 0.5166666666666667 0.2079207920792079 0.044444444444444446 0.06435643564356436
2 0.3104166666666667 0.2871287128712871 0.04861111111111111 0.09900990099009901
2 0.7111111111111111 0.22400990099009901 0.03333333333333333 0.06683168316831684
1 0.15902777777777777 0.24133663366336633 0.043055555555555555 0.07673267326732673
2 0.9263888888888889 0.4603960396039604 0.05277777777777778 0.12376237623762376
2 0.04027777777777778 0.46534653465346537 0.06666666666666667 0.12871287128712872
2 0.6694444444444444 0.21658415841584158 0.03611111111111111 0.06683168316831684
2 0.6159722222222223 0.2908415841584158 0.04583333333333333 0.09158415841584158
1 0.38263888888888886 0.28836633663366334 0.04583333333333333 0.09158415841584158
2 0.35625 0.46410891089108913 0.10138888888888889 0.1707920792079208
2 0.7472222222222222 0.3069306930693069 0.04722222222222222 0.08415841584158416
2 0.11319444444444444 0.28589108910891087 0.04861111111111111 0.09653465346534654
2 0.6618055555555555 0.3589108910891089 0.04861111111111111 0.11386138613861387
2 0.33541666666666664 0.2376237623762376 0.04861111111111111 0.07920792079207921
2 0.6229166666666667 0.4566831683168317 0.07361111111111111 0.15594059405940594
0 0.2520833333333333 0.4715346534653465 0.09583333333333334 0.1311881188118812
2 0.2048611111111111 0.2376237623762376 0.04583333333333333 0.08415841584158416
1 0.16666666666666666 0.2896039603960396 0.05555555555555555 0.0891089108910891
1 0.40069444444444446 0.19925742574257427 0.04027777777777778 0.06683168316831684
1 0.7166666666666667 0.4665841584158416 0.07777777777777778 0.12623762376237624
2 0.79375 0.3094059405940594 0.04027777777777778 0.0891089108910891
2 0.40555555555555556 0.16955445544554457 0.03611111111111111 0.06683168316831684
2 0.5888888888888889 0.24876237623762376 0.04722222222222222 0.07178217821782178
2 0.058333333333333334 0.3589108910891089 0.05277777777777778 0.1188118811881188
2 0.24166666666666667 0.19925742574257427 0.03888888888888889 0.07178217821782178
2 0.8555555555555555 0.3774752475247525 0.05555555555555555 0.10148514851485149
1 0.3486111111111111 0.2004950495049505 0.03611111111111111 0.06435643564356436
1 0.7472222222222222 0.30445544554455445 0.044444444444444446 0.08415841584158416
2 0.5756944444444444 0.3589108910891089 0.0625 0.10396039603960396
1 0.7006944444444444 0.26113861386138615 0.043055555555555555 0.07178217821782178
