1 0.7159722222222222 0.474009900990099 0.09027777777777778 0.12128712871287128
2 0.11180555555555556 0.3613861386138614 0.05138888888888889 0.10891089108910891
2 0.7 0.2599009900990099 0.041666666666666664 0.06930693069306931
2 0.35 0.20544554455445543 0.041666666666666664 0.06930693069306931
2 0.9256944444444445 0.47029702970297027 0.05416666666666667 0.10891089108910891
0 0.8777777777777778 0.4801980198019802 0.06388888888888888 0.10396039603960396
1 0.04791666666666667 0.3626237623762376 0.0625 0.11138613861386139
3 0.2826388888888889 0.35767326732673266 0.0625 0.10643564356435643
3 0.25 0.4591584158415842 0.075 0.14603960396039603
1 0.8777777777777778 0.47896039603960394 0.06388888888888888 0.10643564356435643
2 0.1909722222222222 0.20544554455445543 0.034722222222222224 0.07425742574257425
1 0.6263888888888889 0.4839108910891089 0.07777777777777778 0.11633663366336634
2 0.6604166666666667 0.36386138613861385 0.04861111111111111 0.10396039603960396
2 0.20347222222222222 0.2400990099009901 0.04583333333333333 0.07920792079207921
2 0.54375 0.28836633663366334 0.0625 0.09653465346534654
1 0.5083333333333333 0.1782178217821782 0.027777777777777776 0.0594059405940594
1 0.7513888888888889 0.26113861386138615 0.03888888888888889 0.07178217821782178
1 0.7458333333333333 0.3056930693069307 0.04722222222222222 0.08168316831683169
2 0.3104166666666667 0.2908415841584158 0.04861111111111111 0.09158415841584158
2 0.6708333333333333 0.21905940594059406 0.03333333333333333 0.06683168316831684
2 0.5895833333333333 0.24876237623762376 0.04583333333333333 0.07673267326732673
2 0.3541666666666667 0.46782178217821785 0.08888888888888889 0.15346534653465346
2 0.36527777777777776 0.3613861386138614 0.08888888888888889 0.12871287128712872
1 0.5361111111111111 0.23886138613861385 0.05277777777777778 0.07673267326732673
2 0.5770833333333333 0.35767326732673266 0.06805555555555555 0.10643564356435643
2 0.7923611111111111 0.3787128712871287 0.05138888888888889 0.09900990099009901
2 0.7145833333333333 0.2264851485148515 0.03194444444444444 0.06188118811881188
1 0.3972222222222222 0.24504950495049505 0.044444444444444446 0.06930693069306931
5 0.6395833333333333 0.2660891089108911 0.05416666666666667 0.13613861386138615
3 0.8513888888888889 0.38613861386138615 0.05277777777777778 0.08415841584158416
2 0.2388888888888889 0.20915841584158415 0.03611111111111111 0.06188118811881188
1 0.03819444444444445 0.46163366336633666 0.06805555555555555 0.1311881188118812
2 0.7923611111111111 0.30816831683168316 0.04027777777777778 0.08663366336633663
2 0.5756944444444444 0.21163366336633663 0.034722222222222224 0.06683168316831684
2 0.16319444444444445 0.28465346534653463 0.05138888888888889 0.09900990099009901
2 0.40625 0.16955445544554457 0.034722222222222224 0.06188118811881188
2 0.11388888888888889 0.2834158415841584 0.04722222222222222 0.09158415841584158
2 0.3993055555555556 0.20297029702970298 0.04027777777777778 0.06435643564356436
2 0.5229166666666667 0.2042079207920792 0.034722222222222224 0.06683168316831684
2 0.5555555555555556 0.18193069306930693 0.03333333333333333 0.06188118811881188
