2 0.3902777777777778 0.24257425742574257 0.044444444444444446 0.06930693069306931
1 0.3701388888888889 0.35767326732673266 0.0763888888888889 0.11138613861386139
1 0.5583333333333333 0.1844059405940594 0.03611111111111111 0.06188118811881188
2 0.3736111111111111 0.2896039603960396 0.04722222222222222 0.09405940594059406
2 0.5458333333333333 0.28589108910891087 0.058333333333333334 0.09653465346534654
1 0.5194444444444445 0.2103960396039604 0.041666666666666664 0.06435643564356436
1 0.7909722222222222 0.375 0.05138888888888889 0.09653465346534654
2 0.6986111111111111 0.26732673267326734 0.03888888888888889 0.07425742574257425
1 0.1638888888888889 0.2957920792079208 0.05 0.07673267326732673
2 0.2520833333333333 0.46163366336633666 0.09027777777777778 0.1311881188118812
2 0.35 0.2079207920792079 0.041666666666666664 0.06435643564356436
1 0.16875 0.23391089108910892 0.04027777777777778 0.08663366336633663
2 0.40694444444444444 0.17574257425742573 0.03611111111111111 0.06435643564356436
2 0.28541666666666665 0.36386138613861385 0.06527777777777778 0.10396039603960396
2 0.5756944444444444 0.35767326732673266 0.0625 0.10643564356435643
2 0.5791666666666667 0.2141089108910891 0.03333333333333333 0.06683168316831684
2 0.7944444444444444 0.3118811881188119 0.03888888888888889 0.08415841584158416
2 0.3104166666666667 0.2957920792079208 0.04861111111111111 0.09158415841584158
0 0.7236111111111111 0.4801980198019802 0.09444444444444444 0.10891089108910891
1 0.5090277777777777 0.1782178217821782 0.029166666666666667 0.0594059405940594
2 0.11319444444444444 0.2871287128712871 0.04583333333333333 0.09405940594059406
2 0.20694444444444443 0.24628712871287128 0.044444444444444446 0.07673267326732673
1 0.8840277777777777 0.48267326732673266 0.06805555555555555 0.10891089108910891
2 0.6708333333333333 0.22277227722772278 0.03611111111111111 0.0594059405940594
2 0.9305555555555556 0.4665841584158416 0.058333333333333334 0.12128712871287128
1 0.23472222222222222 0.21163366336633663 0.041666666666666664 0.06188118811881188
2 0.7145833333333333 0.2301980198019802 0.04027777777777778 0.06930693069306931
2 0.3597222222222222 0.1745049504950495 0.03611111111111111 0.06683168316831684
2 0.8513888888888889 0.3873762376237624 0.05277777777777778 0.08168316831683169
2 0.1111111111111111 0.3650990099009901 0.058333333333333334 0.10643564356435643
1 0.041666666666666664 0.46905940594059403 0.06666666666666667 0.1311881188118812
2 0.6138888888888889 0.29207920792079206 0.05 0.09900990099009901
2 0.7465277777777778 0.3069306930693069 0.04583333333333333 0.08415841584158416
2 0.7555555555555555 0.26485148514851486 0.03888888888888889 0.07425742574257425
2 0.059027777777777776 0.3564356435643564 0.05416666666666667 0.11386138613861387
2 0.5881944444444445 0.25123762376237624 0.043055555555555555 0.07178217821782178
2 0.35833333333333334 0.474009900990099 0.09444444444444444 0.16584158415841585
2 0.6576388888888889 0.3725247524752475 0.05138888888888889 0.10148514851485149
2 0.625 0.4752475247524752 0.08611111111111111 0.13366336633663367
