1 0.5569444444444445 0.1806930693069307 0.03333333333333333 0.0594059405940594
1 0.1597222222222222 0.2400990099009901 0.044444444444444446 0.07920792079207921
1 0.35625 0.35396039603960394 0.07361111111111111 0.1188118811881188
2 0.88125 0.47648514851485146 0.0625 0.10643564356435643
2 0.6583333333333333 0.3688118811881188 0.05 0.09900990099009901
2 0.11527777777777778 0.2834158415841584 0.04722222222222222 0.09158415841584158
1 0.6263888888888889 0.49133663366336633 0.08888888888888889 0.10643564356435643
1 0.7951388888888888 0.3094059405940594 0.043055555555555555 0.08415841584158416
1 0.5083333333333333 0.17698019801980197 0.030555555555555555 0.06188118811881188
1 0.6958333333333333 0.26113861386138615 0.03888888888888889 0.06683168316831684
1 0.2076388888888889 0.2438118811881188 0.04027777777777778 0.07178217821782178
1 0.5194444444444445 0.2103960396039604 0.044444444444444446 0.06435643564356436
2 0.6701388888888888 0.22153465346534654 0.034722222222222224 0.06683168316831684
2 0.5777777777777777 0.35767326732673266 0.06666666666666667 0.10643564356435643
3 0.9277777777777778 0.4777227722772277 0.05 0.09900990099009901
1 0.27291666666666664 0.3613861386138614 0.07083333333333333 0.11386138613861387
1 0.16319444444444445 0.28836633663366334 0.05138888888888889 0.09158415841584158
2 0.1125 0.36014851485148514 0.05555555555555555 0.10643564356435643
1 0.35347222222222224 0.47277227722772275 0.0875 0.15346534653465346
2 0.37777777777777777 0.28217821782178215 0.05 0.10396039603960396
2 0.3958333333333333 0.24628712871287128 0.03611111111111111 0.07178217821782178
3 0.8513888888888889 0.3849009900990099 0.05555555555555555 0.08663366336633663
1 0.03888888888888889 0.46163366336633666 0.06944444444444445 0.1311881188118812
1 0.4013888888888889 0.20173267326732675 0.041666666666666664 0.06683168316831684
1 0.5430555555555555 0.2871287128712871 0.06111111111111111 0.09900990099009901
2 0.7506944444444444 0.2623762376237624 0.04027777777777778 0.06930693069306931
1 0.18819444444444444 0.20915841584158415 0.034722222222222224 0.06683168316831684
2 0.7451388888888889 0.3056930693069307 0.04861111111111111 0.08168316831683169
2 0.23958333333333334 0.2103960396039604 0.0375 0.06435643564356436
2 0.7131944444444445 0.46410891089108913 0.09027777777777778 0.12623762376237624
2 0.059722222222222225 0.36014851485148514 0.05277777777777778 0.11633663366336634
1 0.5861111111111111 0.24628712871287128 0.044444444444444446 0.07673267326732673
2 0.6152777777777778 0.2896039603960396 0.05277777777777778 0.09405940594059406
1 0.2513888888888889 0.46534653465346537 0.1 0.13366336633663367
