1 0.625 0.49133663366336633 0.09166666666666666 0.10643564356435643
1 0.35555555555555557 0.3527227722772277 0.075 0.12128712871287128
2 0.2722222222222222 0.36014851485148514 0.06944444444444445 0.11138613861386139
2 0.7951388888888888 0.38366336633663367 0.04861111111111111 0.09405940594059406
1 0.54375 0.2871287128712871 0.05416666666666667 0.0891089108910891
2 0.20555555555555555 0.24504950495049505 0.044444444444444446 0.07425742574257425
2 0.2388888888888889 0.2079207920792079 0.03888888888888889 0.06435643564356436
1 0.4 0.20173267326732675 0.03888888888888889 0.06683168316831684
1 0.5770833333333333 0.3551980198019802 0.06527777777777778 0.11138613861386139
2 0.6583333333333333 0.37004950495049505 0.05 0.10148514851485149
2 0.11527777777777778 0.2834158415841584 0.04722222222222222 0.09158415841584158
1 0.5875 0.2537128712871287 0.04722222222222222 0.06683168316831684
1 0.5083333333333333 0.17574257425742573 0.030555555555555555 0.0594059405940594
1 0.3729166666666667 0.2834158415841584 0.05138888888888889 0.10148514851485149
2 0.5569444444444445 0.18193069306930693 0.030555555555555555 0.06188118811881188
2 0.7145833333333333 0.4628712871287129 0.08472222222222223 0.12376237623762376
1 0.7951388888888888 0.3118811881188119 0.043055555555555555 0.07920792079207921
5 0.3486111111111111 0.1547029702970297 0.03888888888888889 0.09158415841584158
2 0.11180555555555556 0.3613861386138614 0.05694444444444444 0.10396039603960396
1 0.7465277777777778 0.3032178217821782 0.05138888888888889 0.08168316831683169
1 0.18819444444444444 0.2079207920792079 0.034722222222222224 0.06435643564356436
1 0.4041666666666667 0.1745049504950495 0.03888888888888889 0.06188118811881188
1 0.5180555555555556 0.20915841584158415 0.044444444444444446 0.06683168316831684
2 0.059027777777777776 0.35767326732673266 0.05416666666666667 0.11138613861386139
1 0.5756944444444444 0.21163366336633663 0.034722222222222224 0.06683168316831684
3 0.8513888888888889 0.3849009900990099 0.05277777777777778 0.08663366336633663
2 0.6979166666666666 0.2599009900990099 0.04027777777777778 0.06930693069306931
0 0.88125 0.4814356435643564 0.07083333333333333 0.10148514851485149
1 0.1638888888888889 0.29207920792079206 0.05 0.08415841584158416
1 0.16041666666666668 0.23886138613861385 0.043055555555555555 0.08168316831683169
1 0.24930555555555556 0.4628712871287129 0.09861111111111111 0.12871287128712872
2 0.6701388888888888 0.22153465346534654 0.0375 0.06683168316831684
1 0.34930555555555554 0.20544554455445543 0.04027777777777778 0.06930693069306931
1 0.03819444444444445 0.46163366336633666 0.06527777777777778 0.1311881188118812
2 0.30972222222222223 0.29207920792079206 0.04722222222222222 0.0891089108910891
2 0.6152777777777778 0.2896039603960396 0.05277777777777778 0.09405940594059406
1 0.5381944444444444 0.24257425742574257 0.04583333333333333 0.07425742574257425
2 0.3527777777777778 0.474009900990099 0.08888888888888889 0.1608910891089109
