1 0.5923611111111111 0.25742574257425743 0.05138888888888889 0.06930693069306931
1 0.7916666666666666 0.38242574257425743 0.05555555555555555 0.10148514851485149
1 0.5395833333333333 0.28589108910891087 0.0625 0.10148514851485149
1 0.04861111111111111 0.3626237623762376 0.06388888888888888 0.12623762376237624
1 0.5083333333333333 0.18193069306930693 0.03333333333333333 0.06683168316831684
1 0.8534722222222222 0.3886138613861386 0.059722222222222225 0.10396039603960396
1 0.34652777777777777 0.2103960396039604 0.04583333333333333 0.08415841584158416
1 0.11527777777777778 0.29455445544554454 0.044444444444444446 0.09405940594059406
1 0.24722222222222223 0.4752475247524752 0.10555555555555556 0.16831683168316833
1 0.9333333333333333 0.4801980198019802 0.06944444444444445 0.12871287128712872
1 0.7034722222222223 0.26485148514851486 0.05138888888888889 0.07920792079207921
1 0.5347222222222222 0.23886138613861385 0.04722222222222222 0.08663366336633663
1 0.3638888888888889 0.1806930693069307 0.030555555555555555 0.0594059405940594
1 0.7534722222222222 0.2660891089108911 0.04027777777777778 0.07178217821782178
1 0.15486111111111112 0.25123762376237624 0.043055555555555555 0.06188118811881188
1 0.16666666666666666 0.2957920792079208 0.058333333333333334 0.09158415841584158
1 0.6173611111111111 0.2957920792079208 0.05694444444444444 0.10148514851485149
1 0.6604166666666667 0.3787128712871287 0.07083333333333333 0.11386138613861387
1 0.5791666666666667 0.2141089108910891 0.041666666666666664 0.07178217821782178
1 0.3645833333333333 0.35396039603960394 0.08194444444444444 0.13366336633663367
1 0.7430555555555556 0.30816831683168316 0.058333333333333334 0.08663366336633663
1 0.5145833333333333 0.2079207920792079 0.034722222222222224 0.06930693069306931
1 0.27291666666666664 0.37004950495049505 0.07361111111111111 0.12128712871287128
1 0.30972222222222223 0.2908415841584158 0.05555555555555555 0.10148514851485149
1 0.20555555555555555 0.24504950495049505 0.05 0.08415841584158416
1 0.66875 0.22153465346534654 0.0375 0.07178217821782178
1 0.4097222222222222 0.17574257425742573 0.03333333333333333 0.06930693069306931
1 0.35833333333333334 0.46534653465346537 0.1 0.15346534653465346
1 0.5777777777777777 0.36633663366336633 0.07222222222222222 0.12376237623762376
1 0.40208333333333335 0.2103960396039604 0.043055555555555555 0.0594059405940594
1 0.8736111111111111 0.4839108910891089 0.07222222222222222 0.11633663366336634
1 0.11180555555555556 0.36757425742574257 0.06805555555555555 0.10643564356435643
1 0.325 0.25 0.05 0.06930693069306931
1 0.04097222222222222 0.46163366336633666 0.07916666666666666 0.13613861386138615
1 0.6208333333333333 0.4777227722772277 0.10277777777777777 0.1485148514851485
1 0.5590277777777778 0.18564356435643564 0.034722222222222224 0.06435643564356436
1 0.3784722222222222 0.2957920792079208 0.05694444444444444 0.11633663366336634
1 0.23333333333333334 0.21782178217821782 0.04722222222222222 0.06435643564356436
1 0.7951388888888888 0.30816831683168316 0.04027777777777778 0.08168316831683169
1 0.1909722222222222 0.2103960396039604 0.0375 0.06435643564356436
1 0.7118055555555556 0.47648514851485146 0.07916666666666666 0.14603960396039603
