1 0.4 0.2079207920792079 0.044444444444444446 0.07425742574257425
1 0.5770833333333333 0.21287128712871287 0.04027777777777778 0.06930693069306931
1 0.04722222222222222 0.3613861386138614 0.06388888888888888 0.12871287128712872
1 0.2465277777777778 0.4752475247524752 0.10694444444444444 0.16831683168316833
1 0.8513888888888889 0.3886138613861386 0.058333333333333334 0.10396039603960396
1 0.16805555555555557 0.297029702970297 0.05555555555555555 0.08415841584158416
1 0.5784722222222223 0.36633663366336633 0.07361111111111111 0.12376237623762376
1 0.23333333333333334 0.21782178217821782 0.044444444444444446 0.06435643564356436
1 0.18958333333333333 0.21287128712871287 0.0375 0.06435643564356436
1 0.2722222222222222 0.36633663366336633 0.06944444444444445 0.12376237623762376
1 0.3506944444444444 0.2103960396039604 0.034722222222222224 0.07425742574257425
1 0.5555555555555556 0.18316831683168316 0.03333333333333333 0.06435643564356436
1 0.04097222222222222 0.46163366336633666 0.0763888888888889 0.13613861386138615
1 0.36527777777777776 0.3551980198019802 0.07777777777777778 0.12623762376237624
1 0.74375 0.3069306930693069 0.05694444444444444 0.08415841584158416
1 0.15555555555555556 0.2537128712871287 0.044444444444444446 0.06683168316831684
1 0.6180555555555556 0.2957920792079208 0.05 0.09653465346534654
1 0.7076388888888889 0.474009900990099 0.07916666666666666 0.13613861386138615
1 0.20347222222222222 0.24628712871287128 0.05138888888888889 0.08168316831683169
1 0.4097222222222222 0.17574257425742573 0.03333333333333333 0.06930693069306931
1 0.66875 0.22153465346534654 0.0375 0.07178217821782178
1 0.3638888888888889 0.18193069306930693 0.027777777777777776 0.06188118811881188
1 0.5326388888888889 0.2376237623762376 0.04583333333333333 0.08415841584158416
1 0.6604166666666667 0.3774752475247525 0.07361111111111111 0.11138613861386139
1 0.11597222222222223 0.29455445544554454 0.04583333333333333 0.09900990099009901
1 0.7930555555555555 0.3118811881188119 0.044444444444444446 0.08415841584158416
1 0.5076388888888889 0.1806930693069307 0.03194444444444444 0.06435643564356436
1 0.3375 0.2376237623762376 0.04722222222222222 0.07920792079207921
1 0.31180555555555556 0.2957920792079208 0.05416666666666667 0.09653465346534654
1 0.9368055555555556 0.4814356435643564 0.0625 0.12623762376237624
1 0.7923611111111111 0.38366336633663367 0.05416666666666667 0.09900990099009901
1 0.59375 0.2561881188118812 0.05416666666666667 0.07178217821782178
1 0.35625 0.46782178217821785 0.10138888888888889 0.15346534653465346
1 0.7527777777777778 0.26732673267326734 0.04722222222222222 0.06930693069306931
1 0.6208333333333333 0.47648514851485146 0.10277777777777777 0.15099009900990099
1 0.11319444444444444 0.36757425742574257 0.06805555555555555 0.11138613861386139
1 0.5444444444444444 0.28589108910891087 0.06388888888888888 0.09653465346534654
1 0.8736111111111111 0.4839108910891089 0.075 0.11633663366336634
1 0.7020833333333333 0.2623762376237624 0.04583333333333333 0.07920792079207921
1 0.5125 0.21163366336633663 0.041666666666666664 0.06683168316831684
