1 0.6576388888888889 0.375 0.07916666666666666 0.11138613861386139
1 0.6666666666666666 0.2202970297029703 0.03888888888888889 0.06930693069306931
1 0.9361111111111111 0.47896039603960394 0.06666666666666667 0.12623762376237624
1 0.8541666666666666 0.38613861386138615 0.06388888888888888 0.09900990099009901
1 0.3645833333333333 0.3527227722772277 0.07916666666666666 0.1311881188118812
1 0.5576388888888889 0.18316831683168316 0.0375 0.06435643564356436
1 0.50625 0.1782178217821782 0.034722222222222224 0.06435643564356436
1 0.11180555555555556 0.3650990099009901 0.06805555555555555 0.11138613861386139
1 0.3347222222222222 0.24257425742574257 0.05 0.07920792079207921
1 0.38472222222222224 0.2908415841584158 0.05277777777777778 0.10643564356435643
1 0.8743055555555556 0.4814356435643564 0.0763888888888889 0.11138613861386139
1 0.7118055555555556 0.4801980198019802 0.09027777777777778 0.1485148514851485
2 0.11388888888888889 0.2871287128712871 0.044444444444444446 0.09900990099009901
1 0.3611111111111111 0.17574257425742573 0.03333333333333333 0.06435643564356436
1 0.04722222222222222 0.36014851485148514 0.06666666666666667 0.12623762376237624
1 0.5333333333333333 0.23514851485148514 0.04722222222222222 0.0891089108910891
1 0.5430555555555555 0.28836633663366334 0.06111111111111111 0.10148514851485149
1 0.7972222222222223 0.32054455445544555 0.03888888888888889 0.07673267326732673
1 0.5777777777777777 0.3650990099009901 0.07222222222222222 0.12128712871287128
1 0.24583333333333332 0.47277227722772275 0.10277777777777777 0.16336633663366337
1 0.6194444444444445 0.2957920792079208 0.05277777777777778 0.09158415841584158
1 0.5791666666666667 0.21287128712871287 0.041666666666666664 0.06930693069306931
1 0.20347222222222222 0.2438118811881188 0.05138888888888889 0.08168316831683169
1 0.27152777777777776 0.37004950495049505 0.0763888888888889 0.12128712871287128
1 0.74375 0.3056930693069307 0.059722222222222225 0.08663366336633663
1 0.23333333333333334 0.21534653465346534 0.044444444444444446 0.06435643564356436
1 0.40069444444444446 0.2004950495049505 0.043055555555555555 0.06435643564356436
1 0.79375 0.38242574257425743 0.05416666666666667 0.09653465346534654
1 0.31180555555555556 0.29207920792079206 0.05694444444444444 0.09900990099009901
1 0.3597222222222222 0.4665841584158416 0.1 0.15099009900990099
1 0.1909722222222222 0.2079207920792079 0.0375 0.06435643564356436
1 0.041666666666666664 0.4628712871287129 0.075 0.13366336633663367
1 0.3451388888888889 0.20915841584158415 0.04583333333333333 0.08168316831683169
1 0.5951388888888889 0.25 0.04027777777777778 0.07920792079207921
1 0.6222222222222222 0.4715346534653465 0.1 0.15099009900990099
1 0.5138888888888888 0.20915841584158415 0.03888888888888889 0.06683168316831684
1 0.15763888888888888 0.2438118811881188 0.04861111111111111 0.08168316831683169
1 0.16597222222222222 0.28465346534653463 0.05416666666666667 0.09900990099009901
1 0.39305555555555555 0.24257425742574257 0.03888888888888889 0.07425742574257425
1 0.6986111111111111 0.2599009900990099 0.044444444444444446 0.07425742574257425
2 0.40347222222222223 0.1707920792079208 0.04027777777777778 0.06435643564356436
1 0.7493055555555556 0.26485148514851486 0.043055555555555555 0.06930693069306931
