1 0.7430555555555556 0.3069306930693069 0.058333333333333334 0.08415841584158416
1 0.11458333333333333 0.3626237623762376 0.0625 0.10643564356435643
1 0.79375 0.3193069306930693 0.043055555555555555 0.07920792079207921
1 0.9326388888888889 0.47896039603960394 0.06805555555555555 0.13613861386138615
2 0.3923611111111111 0.24504950495049505 0.0375 0.07425742574257425
1 0.6986111111111111 0.2623762376237624 0.044444444444444446 0.07425742574257425
1 0.61875 0.2957920792079208 0.05138888888888889 0.09158415841584158
1 0.16458333333333333 0.23143564356435645 0.043055555555555555 0.08663366336633663
1 0.3104166666666667 0.29207920792079206 0.05416666666666667 0.09405940594059406
1 0.27152777777777776 0.3688118811881188 0.07361111111111111 0.1188118811881188
1 0.5340277777777778 0.23638613861386137 0.04861111111111111 0.08663366336633663
1 0.8722222222222222 0.4876237623762376 0.07222222222222222 0.11386138613861387
2 0.4041666666666667 0.1707920792079208 0.03611111111111111 0.06435643564356436
1 0.3326388888888889 0.24504950495049505 0.04861111111111111 0.07425742574257425
2 0.39791666666666664 0.2004950495049505 0.043055555555555555 0.0594059405940594
1 0.3590277777777778 0.17326732673267325 0.034722222222222224 0.06930693069306931
2 0.16597222222222222 0.28836633663366334 0.05138888888888889 0.09653465346534654
1 0.59375 0.2524752475247525 0.04027777777777778 0.07425742574257425
1 0.3423611111111111 0.2042079207920792 0.04583333333333333 0.07673267326732673
1 0.05 0.3551980198019802 0.06388888888888888 0.12623762376237624
1 0.6208333333333333 0.4752475247524752 0.09722222222222222 0.1485148514851485
1 0.7909722222222222 0.38366336633663367 0.05694444444444444 0.09900990099009901
1 0.7104166666666667 0.4814356435643564 0.0875 0.15099009900990099
1 0.66875 0.22153465346534654 0.04027777777777778 0.07178217821782178
1 0.6604166666666667 0.3774752475247525 0.07916666666666666 0.11633663366336634
1 0.36319444444444443 0.35767326732673266 0.07916666666666666 0.1311881188118812
1 0.23333333333333334 0.21658415841584158 0.044444444444444446 0.06188118811881188
1 0.20416666666666666 0.24257425742574257 0.05 0.08415841584158416
1 0.5770833333333333 0.3626237623762376 0.07083333333333333 0.12128712871287128
1 0.7506944444444444 0.26485148514851486 0.04027777777777778 0.06435643564356436
1 0.3590277777777778 0.46905940594059403 0.09861111111111111 0.15099009900990099
2 0.11527777777777778 0.28465346534653463 0.041666666666666664 0.09900990099009901
1 0.19027777777777777 0.20544554455445543 0.03333333333333333 0.0594059405940594
1 0.38333333333333336 0.2896039603960396 0.05277777777777778 0.10891089108910891
1 0.8527777777777777 0.3873762376237624 0.06111111111111111 0.10148514851485149
1 0.5569444444444445 0.18316831683168316 0.03611111111111111 0.06435643564356436
1 0.5777777777777777 0.21287128712871287 0.03888888888888889 0.06930693069306931
1 0.5416666666666666 0.28589108910891087 0.058333333333333334 0.09653465346534654
1 0.5145833333333333 0.2103960396039604 0.0375 0.06435643564356436
1 0.04097222222222222 0.46410891089108913 0.07083333333333333 0.14108910891089108
1 0.5083333333333333 0.1782178217821782 0.030555555555555555 0.06435643564356436
1 0.24583333333333332 0.47277227722772275 0.1 0.17326732673267325
