1 0.18958333333333333 0.20544554455445543 0.03194444444444444 0.06435643564356436
2 0.38263888888888886 0.2896039603960396 0.05416666666666667 0.11386138613861387
1 0.5069444444444444 0.17698019801980197 0.03333333333333333 0.06188118811881188
2 0.11388888888888889 0.2834158415841584 0.05 0.09653465346534654
1 0.6972222222222222 0.2636138613861386 0.041666666666666664 0.07178217821782178
2 0.4048611111111111 0.16831683168316833 0.04027777777777778 0.06435643564356436
1 0.3076388888888889 0.2896039603960396 0.059722222222222225 0.09405940594059406
2 0.059027777777777776 0.3626237623762376 0.05138888888888889 0.11138613861386139
1 0.8652777777777778 0.4665841584158416 0.06111111111111111 0.11633663366336634
2 0.0375 0.4628712871287129 0.06111111111111111 0.12871287128712872
2 0.6152777777777778 0.2933168316831683 0.04722222222222222 0.08663366336633663
2 0.16458333333333333 0.2871287128712871 0.05138888888888889 0.09900990099009901
1 0.3590277777777778 0.46782178217821785 0.10694444444444444 0.15841584158415842
1 0.7923611111111111 0.31064356435643564 0.04583333333333333 0.08663366336633663
1 0.3277777777777778 0.23886138613861385 0.05277777777777778 0.08168316831683169
2 0.4 0.20297029702970298 0.041666666666666664 0.06930693069306931
2 0.7118055555555556 0.22772277227722773 0.034722222222222224 0.06930693069306931
2 0.1125 0.3613861386138614 0.05277777777777778 0.10891089108910891
2 0.39652777777777776 0.24876237623762376 0.0375 0.07673267326732673
1 0.7381944444444445 0.30198019801980197 0.04861111111111111 0.08415841584158416
2 0.8486111111111111 0.38366336633663367 0.05277777777777778 0.09900990099009901
1 0.7944444444444444 0.37376237623762376 0.05555555555555555 0.10891089108910891
1 0.7534722222222222 0.26113861386138615 0.034722222222222224 0.07178217821782178
2 0.6569444444444444 0.3725247524752475 0.05 0.10643564356435643
1 0.275 0.3613861386138614 0.08055555555555556 0.11386138613861387
1 0.24861111111111112 0.4603960396039604 0.10555555555555556 0.1485148514851485
2 0.24027777777777778 0.20544554455445543 0.044444444444444446 0.06435643564356436
1 0.20347222222222222 0.24504950495049505 0.04861111111111111 0.07920792079207921
2 0.575 0.36014851485148514 0.058333333333333334 0.10148514851485149
1 0.9298611111111111 0.474009900990099 0.06805555555555555 0.12128712871287128
1 0.3486111111111111 0.2042079207920792 0.03611111111111111 0.06188118811881188
2 0.36319444444444443 0.3551980198019802 0.059722222222222225 0.1311881188118812
1 0.16944444444444445 0.22524752475247525 0.041666666666666664 0.07425742574257425
2 0.5756944444444444 0.2079207920792079 0.03194444444444444 0.06435643564356436
1 0.6631944444444444 0.21782178217821782 0.04027777777777778 0.07425742574257425
2 0.5541666666666667 0.1782178217821782 0.03333333333333333 0.06435643564356436
2 0.5923611111111111 0.24752475247524752 0.043055555555555555 0.07920792079207921
1 0.7055555555555556 0.46163366336633666 0.06944444444444445 0.11633663366336634
1 0.6201388888888889 0.47029702970297027 0.10416666666666667 0.13861386138613863
1 0.5166666666666667 0.20544554455445543 0.041666666666666664 0.06930693069306931
1 0.24027777777777778 0.20544554455445543 0.044444444444444446 0.06435643564356436
