2 0.3645833333333333 0.35396039603960394 0.059722222222222225 0.13366336633663367
2 0.20625 0.24628712871287128 0.04583333333333333 0.08663366336633663
2 0.23680555555555555 0.2103960396039604 0.0375 0.0594059405940594
1 0.8645833333333334 0.46410891089108913 0.05694444444444444 0.12128712871287128
1 0.5069444444444444 0.17698019801980197 0.03333333333333333 0.06188118811881188
2 0.4048611111111111 0.16955445544554457 0.0375 0.06188118811881188
2 0.1111111111111111 0.3626237623762376 0.05277777777777778 0.10643564356435643
1 0.7048611111111112 0.4603960396039604 0.05694444444444444 0.09900990099009901
1 0.5541666666666667 0.1806930693069307 0.03611111111111111 0.06435643564356436
2 0.30972222222222223 0.28589108910891087 0.05 0.09653465346534654
2 0.6576388888888889 0.3725247524752475 0.05416666666666667 0.10148514851485149
1 0.5888888888888889 0.24876237623762376 0.05 0.07673267326732673
1 0.7958333333333333 0.3811881188118812 0.058333333333333334 0.10396039603960396
1 0.5152777777777777 0.20668316831683167 0.041666666666666664 0.06683168316831684
2 0.059027777777777776 0.3613861386138614 0.05138888888888889 0.11386138613861387
2 0.4 0.20173267326732675 0.041666666666666664 0.06683168316831684
2 0.6222222222222222 0.46410891089108913 0.10833333333333334 0.14108910891089108
2 0.1125 0.2834158415841584 0.04722222222222222 0.09653465346534654
2 0.8520833333333333 0.3873762376237624 0.05138888888888889 0.09653465346534654
1 0.2763888888888889 0.3613861386138614 0.08333333333333333 0.10891089108910891
1 0.7388888888888889 0.30074257425742573 0.04722222222222222 0.08168316831683169
1 0.6979166666666666 0.26113861386138615 0.04027777777777778 0.07178217821782178
1 0.5756944444444444 0.20915841584158415 0.03194444444444444 0.06683168316831684
1 0.34930555555555554 0.2079207920792079 0.04027777777777778 0.06930693069306931
2 0.5763888888888888 0.3613861386138614 0.06111111111111111 0.09900990099009901
1 0.5472222222222223 0.28836633663366334 0.06111111111111111 0.08663366336633663
2 0.3819444444444444 0.28589108910891087 0.05277777777777778 0.10643564356435643
1 0.3576388888888889 0.46905940594059403 0.10416666666666667 0.15594059405940594
1 0.0375 0.4591584158415842 0.06388888888888888 0.13613861386138615
1 0.3590277777777778 0.1745049504950495 0.034722222222222224 0.06188118811881188
1 0.7111111111111111 0.22772277227722773 0.03611111111111111 0.06930693069306931
2 0.3972222222222222 0.24752475247524752 0.03611111111111111 0.07425742574257425
2 0.33055555555555555 0.23391089108910892 0.044444444444444446 0.08663366336633663
1 0.9319444444444445 0.474009900990099 0.06944444444444445 0.12623762376237624
2 0.2465277777777778 0.46534653465346537 0.07361111111111111 0.14356435643564355
4 0.17291666666666666 0.25495049504950495 0.043055555555555555 0.15346534653465346
4 0.8020833333333334 0.29207920792079206 0.04861111111111111 0.12376237623762376
2 0.6638888888888889 0.21658415841584158 0.03888888888888889 0.07178217821782178
