1 0.7361111111111112 0.30074257425742573 0.04722222222222222 0.08663366336633663
2 0.6145833333333334 0.297029702970297 0.04861111111111111 0.08415841584158416
1 0.8708333333333333 0.46905940594059403 0.05555555555555555 0.11633663366336634
4 0.7986111111111112 0.28836633663366334 0.03611111111111111 0.12623762376237624
2 0.11388888888888889 0.28217821782178215 0.044444444444444446 0.09405940594059406
1 0.59375 0.25495049504950495 0.04861111111111111 0.07920792079207921
1 0.5583333333333333 0.18688118811881188 0.041666666666666664 0.06188118811881188
2 0.11180555555555556 0.3626237623762376 0.05138888888888889 0.10643564356435643
2 0.39444444444444443 0.25 0.03888888888888889 0.07425742574257425
2 0.06041666666666667 0.36386138613861385 0.04861111111111111 0.1188118811881188
2 0.36527777777777776 0.3551980198019802 0.06111111111111111 0.1311881188118812
1 0.6666666666666666 0.21905940594059406 0.041666666666666664 0.07673267326732673
1 0.5166666666666667 0.20915841584158415 0.044444444444444446 0.06683168316831684
1 0.0375 0.4628712871287129 0.06388888888888888 0.13366336633663367
2 0.23819444444444443 0.21163366336633663 0.0375 0.06683168316831684
2 0.20833333333333334 0.24628712871287128 0.041666666666666664 0.08168316831683169
2 0.7131944444444445 0.23143564356435645 0.034722222222222224 0.06683168316831684
1 0.6993055555555555 0.2636138613861386 0.04027777777777778 0.07178217821782178
1 0.27708333333333335 0.36014851485148514 0.08472222222222223 0.11138613861386139
2 0.38125 0.28465346534653463 0.05138888888888889 0.09900990099009901
1 0.5395833333333333 0.24504950495049505 0.04583333333333333 0.06435643564356436
1 0.3993055555555556 0.20544554455445543 0.043055555555555555 0.06435643564356436
2 0.30833333333333335 0.2908415841584158 0.05277777777777778 0.09653465346534654
1 0.35694444444444445 0.4628712871287129 0.09166666666666666 0.15841584158415842
2 0.24722222222222223 0.46410891089108913 0.075 0.15099009900990099
2 0.9284722222222223 0.4801980198019802 0.07083333333333333 0.11386138613861387
2 0.40694444444444444 0.1707920792079208 0.03611111111111111 0.0594059405940594
1 0.5763888888888888 0.21287128712871287 0.03333333333333333 0.06930693069306931
1 0.6215277777777778 0.46534653465346537 0.10416666666666667 0.13861386138613863
1 0.34791666666666665 0.20668316831683167 0.043055555555555555 0.06683168316831684
2 0.8534722222222222 0.39232673267326734 0.05138888888888889 0.09158415841584158
2 0.6569444444444444 0.3725247524752475 0.05555555555555555 0.10643564356435643
2 0.5763888888888888 0.3626237623762376 0.06111111111111111 0.10148514851485149
1 0.5083333333333333 0.17945544554455445 0.03333333333333333 0.06188118811881188
4 0.17152777777777778 0.2524752475247525 0.05138888888888889 0.16831683168316833
