2 0.23680555555555555 0.2103960396039604 0.0375 0.0594059405940594
2 0.4048611111111111 0.17202970297029702 0.0375 0.06188118811881188
2 0.1111111111111111 0.2834158415841584 0.044444444444444446 0.09653465346534654
1 0.15902777777777777 0.23143564356435645 0.04027777777777778 0.08168316831683169
2 0.3993055555555556 0.20173267326732675 0.04027777777777778 0.06683168316831684
2 0.1111111111111111 0.3613861386138614 0.05277777777777778 0.10891089108910891
1 0.35347222222222224 0.4628712871287129 0.09305555555555556 0.14356435643564355
1 0.36527777777777776 0.35148514851485146 0.07777777777777778 0.12871287128712872
1 0.1638888888888889 0.2871287128712871 0.05277777777777778 0.09405940594059406
2 0.2743055555555556 0.36386138613861385 0.07916666666666666 0.1188118811881188
2 0.059027777777777776 0.3613861386138614 0.05138888888888889 0.11386138613861387
1 0.8548611111111111 0.3849009900990099 0.05416666666666667 0.10643564356435643
1 0.32222222222222224 0.2376237623762376 0.05 0.0891089108910891
2 0.5756944444444444 0.2103960396039604 0.03194444444444444 0.06435643564356436
1 0.7951388888888888 0.38613861386138615 0.05694444444444444 0.08415841584158416
1 0.7465277777777778 0.2623762376237624 0.034722222222222224 0.06435643564356436
1 0.7416666666666667 0.3056930693069307 0.05277777777777778 0.08168316831683169
1 0.5902777777777778 0.24876237623762376 0.04722222222222222 0.07178217821782178
1 0.6979166666666666 0.2599009900990099 0.04027777777777778 0.06930693069306931
2 0.6284722222222222 0.45792079207920794 0.07083333333333333 0.14356435643564355
1 0.6680555555555555 0.21782178217821782 0.03611111111111111 0.06930693069306931
2 0.2048611111111111 0.24504950495049505 0.04861111111111111 0.07920792079207921
1 0.0375 0.4603960396039604 0.06388888888888888 0.13366336633663367
1 0.9305555555555556 0.46782178217821785 0.06388888888888888 0.12871287128712872
1 0.30833333333333335 0.29207920792079206 0.05 0.07920792079207921
1 0.6111111111111112 0.29826732673267325 0.05277777777777778 0.08663366336633663
1 0.5166666666666667 0.20668316831683167 0.044444444444444446 0.07178217821782178
2 0.39444444444444443 0.24752475247524752 0.041666666666666664 0.07425742574257425
1 0.55625 0.1806930693069307 0.0375 0.06435643564356436
2 0.35 0.20544554455445543 0.03888888888888889 0.06930693069306931
1 0.5069444444444444 0.17698019801980197 0.030555555555555555 0.06188118811881188
1 0.7125 0.4814356435643564 0.08055555555555556 0.1311881188118812
2 0.5756944444444444 0.3589108910891089 0.0625 0.10396039603960396
5 0.7944444444444444 0.28217821782178215 0.04722222222222222 0.13366336633663367
2 0.3597222222222222 0.17574257425742573 0.03333333333333333 0.0594059405940594
1 0.18958333333333333 0.20915841584158415 0.03194444444444444 0.06188118811881188
2 0.6576388888888889 0.3725247524752475 0.05138888888888889 0.10148514851485149
3 0.5458333333333333 0.2834158415841584 0.06111111111111111 0.09653465346534654
