0 0.6659722222222222 0.38242574257425743 0.059722222222222225 0.09158415841584158
1 0.3638888888888889 0.3589108910891089 0.08888888888888889 0.14356435643564355
1 0.5388888888888889 0.24504950495049505 0.05 0.06930693069306931
1 0.03958333333333333 0.4628712871287129 0.059722222222222225 0.14356435643564355
1 0.39861111111111114 0.24504950495049505 0.03888888888888889 0.06930693069306931
1 0.30972222222222223 0.29207920792079206 0.04722222222222222 0.08415841584158416
1 0.16458333333333333 0.2908415841584158 0.05138888888888889 0.09158415841584158
1 0.5555555555555556 0.18193069306930693 0.03611111111111111 0.06188118811881188
1 0.5166666666666667 0.2103960396039604 0.041666666666666664 0.06930693069306931
2 0.6263888888888889 0.4628712871287129 0.07222222222222222 0.14356435643564355
5 0.7979166666666667 0.2834158415841584 0.05138888888888889 0.14108910891089108
1 0.15902777777777777 0.23514851485148514 0.0375 0.08415841584158416
1 0.7416666666666667 0.3094059405940594 0.05 0.07920792079207921
1 0.5868055555555556 0.2537128712871287 0.04583333333333333 0.07178217821782178
1 0.24722222222222223 0.4715346534653465 0.06944444444444445 0.14108910891089108
1 0.3229166666666667 0.23886138613861385 0.05694444444444444 0.08663366336633663
1 0.8777777777777778 0.4814356435643564 0.058333333333333334 0.10643564356435643
2 0.23819444444444443 0.21163366336633663 0.0375 0.06188118811881188
1 0.5763888888888888 0.3613861386138614 0.058333333333333334 0.09900990099009901
2 0.27361111111111114 0.3626237623762376 0.07222222222222222 0.11138613861386139
1 0.7125 0.4814356435643564 0.07777777777777778 0.1311881188118812
1 0.6659722222222222 0.2202970297029703 0.0375 0.06930693069306931
2 0.1111111111111111 0.28589108910891087 0.044444444444444446 0.09653465346534654
1 0.8520833333333333 0.38985148514851486 0.05694444444444444 0.10148514851485149
1 0.3611111111111111 0.1782178217821782 0.03333333333333333 0.0594059405940594
1 0.7479166666666667 0.26485148514851486 0.0375 0.06930693069306931
1 0.6979166666666666 0.26113861386138615 0.04027777777777778 0.07178217821782178
1 0.3541666666666667 0.4665841584158416 0.09166666666666666 0.14603960396039603
1 0.6180555555555556 0.2933168316831683 0.05555555555555555 0.10148514851485149
1 0.5090277777777777 0.1782178217821782 0.029166666666666667 0.0594059405940594
1 0.5472222222222223 0.29207920792079206 0.06388888888888888 0.08415841584158416
1 0.9319444444444445 0.4715346534653465 0.06388888888888888 0.12623762376237624
2 0.20555555555555555 0.24752475247524752 0.05 0.07920792079207921
2 0.35208333333333336 0.20915841584158415 0.0375 0.06683168316831684
1 0.18958333333333333 0.21163366336633663 0.03194444444444444 0.06683168316831684
2 0.1111111111111111 0.3650990099009901 0.05277777777777778 0.10643564356435643
1 0.38263888888888886 0.28589108910891087 0.04583333333333333 0.10148514851485149
2 0.059722222222222225 0.36386138613861385 0.05 0.1188118811881188
1 0.3993055555555556 0.2042079207920792 0.043055555555555555 0.06188118811881188
2 0.40694444444444444 0.17202970297029702 0.03611111111111111 0.06188118811881188
1 0.7958333333333333 0.38366336633663367 0.06666666666666667 0.10396039603960396
2 0.5756944444444444 0.21163366336633663 0.03194444444444444 0.06683168316831684
