1 0.03680555555555556 0.46163366336633666 0.06527777777777778 0.1311881188118812
1 0.16597222222222222 0.29455445544554454 0.05694444444444444 0.09405940594059406
1 0.8541666666666666 0.3873762376237624 0.058333333333333334 0.09653465346534654
1 0.17083333333333334 0.23514851485148514 0.041666666666666664 0.0891089108910891
2 0.4048611111111111 0.17202970297029702 0.0375 0.06188118811881188
1 0.9402777777777778 0.4839108910891089 0.06944444444444445 0.1311881188118812
1 0.5083333333333333 0.17698019801980197 0.027777777777777776 0.06188118811881188
1 0.6645833333333333 0.3811881188118812 0.059722222222222225 0.0891089108910891
2 0.5729166666666666 0.21287128712871287 0.03194444444444444 0.06930693069306931
1 0.059722222222222225 0.35767326732673266 0.05277777777777778 0.11138613861386139
1 0.6645833333333333 0.22524752475247525 0.043055555555555555 0.07425742574257425
2 0.35138888888888886 0.20915841584158415 0.03888888888888889 0.07178217821782178
1 0.6152777777777778 0.29826732673267325 0.05555555555555555 0.09158415841584158
1 0.7416666666666667 0.30816831683168316 0.05555555555555555 0.08168316831683169
1 0.3527777777777778 0.46782178217821785 0.09444444444444444 0.13861386138613863
1 0.8798611111111111 0.4801980198019802 0.06527777777777778 0.11386138613861387
1 0.11041666666666666 0.28836633663366334 0.04861111111111111 0.09653465346534654
2 0.1111111111111111 0.3626237623762376 0.05277777777777778 0.10148514851485149
2 0.23680555555555555 0.21287128712871287 0.0375 0.0594059405940594
1 0.7493055555555556 0.2636138613861386 0.034722222222222224 0.07178217821782178
1 0.5875 0.2524752475247525 0.04722222222222222 0.07425742574257425
2 0.30972222222222223 0.2908415841584158 0.05 0.09158415841584158
1 0.5208333333333334 0.20668316831683167 0.03888888888888889 0.06188118811881188
1 0.5548611111111111 0.18193069306930693 0.034722222222222224 0.05693069306930693
1 0.6979166666666666 0.25866336633663367 0.04027777777777778 0.07178217821782178
2 0.2076388888888889 0.24504950495049505 0.043055555555555555 0.07920792079207921
1 0.5770833333333333 0.36386138613861385 0.06527777777777778 0.09900990099009901
1 0.7979166666666667 0.3811881188118812 0.04861111111111111 0.09900990099009901
1 0.5381944444444444 0.2438118811881188 0.05138888888888889 0.07673267326732673
1 0.19166666666666668 0.2079207920792079 0.03333333333333333 0.0594059405940594
1 0.35833333333333334 0.1806930693069307 0.03611111111111111 0.06435643564356436
2 0.2743055555555556 0.36014851485148514 0.05416666666666667 0.11138613861386139
5 0.7951388888888888 0.2834158415841584 0.05138888888888889 0.13613861386138615
1 0.25069444444444444 0.46163366336633666 0.06805555555555555 0.15099009900990099
1 0.39305555555555555 0.2438118811881188 0.04722222222222222 0.07178217821782178
2 0.39791666666666664 0.20173267326732675 0.04027777777777778 0.06188118811881188
1 0.5444444444444444 0.29826732673267325 0.06666666666666667 0.07673267326732673
2 0.32083333333333336 0.23886138613861385 0.05 0.08168316831683169
1 0.7131944444444445 0.4801980198019802 0.08472222222222223 0.14356435643564355
1 0.3638888888888889 0.3527227722772277 0.08611111111111111 0.13613861386138615
1 0.3902777777777778 0.2896039603960396 0.05277777777777778 0.09900990099009901
1 0.6270833333333333 0.4801980198019802 0.07361111111111111 0.11386138613861387
