1 0.6194444444444445 0.29826732673267325 0.05 0.09158415841584158
1 0.059722222222222225 0.3551980198019802 0.05277777777777778 0.11633663366336634
2 0.3506944444444444 0.2079207920792079 0.0375 0.06930693069306931
1 0.0375 0.46163366336633666 0.06666666666666667 0.1311881188118812
1 0.5361111111111111 0.24133663366336633 0.04722222222222222 0.07178217821782178
1 0.5555555555555556 0.1806930693069307 0.03611111111111111 0.0594059405940594
1 0.3236111111111111 0.23514851485148514 0.06388888888888888 0.07920792079207921
2 0.40555555555555556 0.17202970297029702 0.03611111111111111 0.06188118811881188
1 0.15208333333333332 0.2524752475247525 0.043055555555555555 0.06930693069306931
2 0.5743055555555555 0.21163366336633663 0.034722222222222224 0.06683168316831684
1 0.5083333333333333 0.17574257425742573 0.030555555555555555 0.0594059405940594
1 0.8784722222222222 0.48886138613861385 0.06527777777777778 0.09158415841584158
1 0.18611111111111112 0.20915841584158415 0.03888888888888889 0.06683168316831684
1 0.1111111111111111 0.2908415841584158 0.04722222222222222 0.09158415841584158
1 0.9361111111111111 0.474009900990099 0.07222222222222222 0.13613861386138615
1 0.3923611111111111 0.24628712871287128 0.05416666666666667 0.07178217821782178
1 0.7986111111111112 0.38613861386138615 0.05277777777777778 0.0891089108910891
2 0.3590277777777778 0.17698019801980197 0.034722222222222224 0.06188118811881188
1 0.7423611111111111 0.30816831683168316 0.05694444444444444 0.08168316831683169
1 0.7486111111111111 0.2660891089108911 0.03888888888888889 0.06683168316831684
1 0.5166666666666667 0.2079207920792079 0.03888888888888889 0.06930693069306931
1 0.5756944444444444 0.3626237623762376 0.06527777777777778 0.09653465346534654
1 0.5895833333333333 0.2599009900990099 0.05416666666666667 0.06435643564356436
1 0.3993055555555556 0.20173267326732675 0.04027777777777778 0.06683168316831684
2 0.2048611111111111 0.24504950495049505 0.05138888888888889 0.07920792079207921
1 0.8534722222222222 0.3886138613861386 0.05694444444444444 0.0891089108910891
2 0.23680555555555555 0.21163366336633663 0.0375 0.06188118811881188
0 0.5444444444444444 0.2896039603960396 0.06666666666666667 0.08415841584158416
1 0.36041666666666666 0.3527227722772277 0.06805555555555555 0.12623762376237624
1 0.3909722222222222 0.29207920792079206 0.05694444444444444 0.09405940594059406
1 0.16527777777777777 0.2908415841584158 0.05 0.08663366336633663
1 0.7145833333333333 0.4814356435643564 0.09027777777777778 0.14603960396039603
1 0.7 0.2623762376237624 0.044444444444444446 0.07425742574257425
1 0.6652777777777777 0.22277227722772278 0.044444444444444446 0.07425742574257425
2 0.30972222222222223 0.2908415841584158 0.04722222222222222 0.09158415841584158
1 0.6263888888888889 0.4814356435643564 0.07777777777777778 0.11138613861386139
1 0.6645833333333333 0.37995049504950495 0.05694444444444444 0.09158415841584158
5 0.7972222222222223 0.28465346534653463 0.05 0.13366336633663367
2 0.11180555555555556 0.3626237623762376 0.05138888888888889 0.10148514851485149
1 0.275 0.3527227722772277 0.06111111111111111 0.12128712871287128
1 0.35625 0.46163366336633666 0.09583333333333334 0.14108910891089108
