1 0.6631944444444444 0.3725247524752475 0.05416666666666667 0.09653465346534654
1 0.8527777777777777 0.3873762376237624 0.05555555555555555 0.09158415841584158
1 0.6979166666666666 0.26113861386138615 0.043055555555555555 0.07178217821782178
1 0.36180555555555555 0.3564356435643564 0.06805555555555555 0.12376237623762376
1 0.03611111111111111 0.46163366336633666 0.06388888888888888 0.1311881188118812
1 0.36041666666666666 0.1782178217821782 0.03194444444444444 0.0594059405940594
2 0.4048611111111111 0.17202970297029702 0.0375 0.06188118811881188
1 0.38819444444444445 0.2908415841584158 0.05694444444444444 0.08663366336633663
5 0.7979166666666667 0.28217821782178215 0.05138888888888889 0.13366336633663367
1 0.5861111111111111 0.25742574257425743 0.044444444444444446 0.0594059405940594
2 0.27361111111111114 0.35396039603960394 0.058333333333333334 0.12871287128712872
1 0.6138888888888889 0.30074257425742573 0.06111111111111111 0.08663366336633663
1 0.7493055555555556 0.2660891089108911 0.04027777777777778 0.07178217821782178
1 0.5090277777777777 0.17698019801980197 0.029166666666666667 0.05693069306930693
1 0.4 0.20544554455445543 0.03888888888888889 0.0594059405940594
2 0.575 0.21163366336633663 0.03611111111111111 0.06683168316831684
1 0.6659722222222222 0.21782178217821782 0.0375 0.06930693069306931
1 0.7138888888888889 0.47896039603960394 0.08888888888888889 0.14603960396039603
2 0.35694444444444445 0.18811881188118812 0.03333333333333333 0.0594059405940594
1 0.575 0.2103960396039604 0.03611111111111111 0.06435643564356436
1 0.5423611111111111 0.28465346534653463 0.05694444444444444 0.0891089108910891
1 0.7423611111111111 0.30816831683168316 0.05694444444444444 0.08168316831683169
1 0.20416666666666666 0.24628712871287128 0.05277777777777778 0.08168316831683169
2 0.3111111111111111 0.2908415841584158 0.04722222222222222 0.09158415841584158
1 0.11180555555555556 0.28836633663366334 0.04583333333333333 0.09158415841584158
1 0.6243055555555556 0.46905940594059403 0.07361111111111111 0.1311881188118812
1 0.35625 0.46534653465346537 0.09583333333333334 0.13861386138613863
2 0.35138888888888886 0.2079207920792079 0.03611111111111111 0.06435643564356436
1 0.059027777777777776 0.3564356435643564 0.05138888888888889 0.10891089108910891
2 0.2375 0.21163366336633663 0.03611111111111111 0.06188118811881188
1 0.2513888888888889 0.46163366336633666 0.07222222222222222 0.15099009900990099
1 0.39444444444444443 0.2438118811881188 0.05277777777777778 0.07673267326732673
1 0.8770833333333333 0.4839108910891089 0.0625 0.09653465346534654
1 0.16527777777777777 0.2908415841584158 0.04722222222222222 0.08663366336633663
1 0.9347222222222222 0.47648514851485146 0.05277777777777778 0.10148514851485149
1 0.7972222222222223 0.38366336633663367 0.05277777777777778 0.0891089108910891
1 0.5340277777777778 0.2400990099009901 0.043055555555555555 0.06930693069306931
1 0.5152777777777777 0.2079207920792079 0.041666666666666664 0.06435643564356436
1 0.5548611111111111 0.17945544554455445 0.034722222222222224 0.05693069306930693
1 0.575 0.3613861386138614 0.06666666666666667 0.09900990099009901
1 0.18263888888888888 0.2079207920792079 0.043055555555555555 0.06930693069306931
2 0.11180555555555556 0.3626237623762376 0.05138888888888889 0.10148514851485149
1 0.32430555555555557 0.23886138613861385 0.06527777777777778 0.07673267326732673
