0 0.8805555555555555 0.49133663366336633 0.08055555555555556 0.08663366336633663
1 0.5076388888888889 0.17574257425742573 0.02638888888888889 0.0594059405940594
1 0.4083333333333333 0.17698019801980197 0.03611111111111111 0.05693069306930693
1 0.6972222222222222 0.2623762376237624 0.041666666666666664 0.06930693069306931
4 0.79375 0.2957920792079208 0.04583333333333333 0.10148514851485149
2 0.7986111111111112 0.37995049504950495 0.05 0.10148514851485149
2 0.1125 0.28589108910891087 0.04722222222222222 0.09653465346534654
2 0.23541666666666666 0.20915841584158415 0.0375 0.06188118811881188
1 0.6666666666666666 0.21905940594059406 0.03888888888888889 0.06683168316831684
2 0.35347222222222224 0.1967821782178218 0.0375 0.08168316831683169
4 0.19236111111111112 0.1905940594059406 0.04027777777777778 0.10396039603960396
2 0.25069444444444444 0.46905940594059403 0.06805555555555555 0.13613861386138615
2 0.21041666666666667 0.24628712871287128 0.043055555555555555 0.07673267326732673
4 0.2708333333333333 0.3551980198019802 0.07222222222222222 0.13613861386138615
4 0.3590277777777778 0.42574257425742573 0.09861111111111111 0.2079207920792079
2 0.6763888888888889 0.3725247524752475 0.058333333333333334 0.10643564356435643
1 0.5777777777777777 0.2141089108910891 0.03333333333333333 0.06188118811881188
2 0.1111111111111111 0.36386138613861385 0.05277777777777778 0.10396039603960396
1 0.37777777777777777 0.28589108910891087 0.04722222222222222 0.09653465346534654
1 0.5194444444444445 0.20668316831683167 0.03888888888888889 0.06683168316831684
1 0.5354166666666667 0.24133663366336633 0.04583333333333333 0.07673267326732673
2 0.7131944444444445 0.22772277227722773 0.034722222222222224 0.06930693069306931
3 0.9347222222222222 0.46782178217821785 0.05555555555555555 0.1188118811881188
2 0.059722222222222225 0.3564356435643564 0.05277777777777778 0.10891089108910891
4 0.6173611111111111 0.2537128712871287 0.043055555555555555 0.1608910891089109
2 0.3347222222222222 0.23886138613861385 0.044444444444444446 0.08168316831683169
2 0.0375 0.4591584158415842 0.06666666666666667 0.13613861386138615
2 0.8486111111111111 0.38366336633663367 0.05277777777777778 0.09900990099009901
2 0.5736111111111111 0.3589108910891089 0.06111111111111111 0.10891089108910891
4 0.17083333333333334 0.2537128712871287 0.04722222222222222 0.15594059405940594
1 0.5409722222222222 0.2908415841584158 0.05694444444444444 0.08168316831683169
1 0.55625 0.18316831683168316 0.034722222222222224 0.0594059405940594
1 0.3951388888888889 0.2438118811881188 0.043055555555555555 0.07178217821782178
2 0.3104166666666667 0.2871287128712871 0.05416666666666667 0.10396039603960396
1 0.37916666666666665 0.3564356435643564 0.06666666666666667 0.11386138613861387
1 0.4048611111111111 0.20915841584158415 0.034722222222222224 0.05693069306930693
1 0.7493055555555556 0.26485148514851486 0.043055555555555555 0.06930693069306931
