1 0.5430555555555555 0.297029702970297 0.06388888888888888 0.08415841584158416
1 0.35625 0.17945544554455445 0.0375 0.06683168316831684
2 0.30833333333333335 0.2871287128712871 0.04722222222222222 0.09405940594059406
1 0.16458333333333333 0.28836633663366334 0.059722222222222225 0.09653465346534654
2 0.3854166666666667 0.2623762376237624 0.04583333333333333 0.08415841584158416
2 0.7131944444444445 0.22772277227722773 0.03194444444444444 0.06930693069306931
1 0.7993055555555556 0.38242574257425743 0.04861111111111111 0.10643564356435643
2 0.6694444444444444 0.36633663366336633 0.05 0.11386138613861387
1 0.5083333333333333 0.17574257425742573 0.030555555555555555 0.0594059405940594
2 0.3763888888888889 0.2834158415841584 0.044444444444444446 0.09653465346534654
2 0.11180555555555556 0.28836633663366334 0.04583333333333333 0.09653465346534654
1 0.0375 0.4603960396039604 0.06944444444444445 0.13861386138613863
1 0.7930555555555555 0.3069306930693069 0.044444444444444446 0.08415841584158416
2 0.4041666666666667 0.17202970297029702 0.041666666666666664 0.06683168316831684
1 0.3506944444444444 0.1967821782178218 0.04027777777777778 0.07178217821782178
1 0.5555555555555556 0.1782178217821782 0.03333333333333333 0.0594059405940594
2 0.059722222222222225 0.35767326732673266 0.05277777777777778 0.11138613861386139
1 0.1625 0.23391089108910892 0.044444444444444446 0.08663366336633663
1 0.5381944444444444 0.2376237623762376 0.05138888888888889 0.07920792079207921
1 0.5756944444444444 0.2103960396039604 0.0375 0.06930693069306931
1 0.5909722222222222 0.2537128712871287 0.04861111111111111 0.06683168316831684
1 0.2013888888888889 0.2438118811881188 0.05555555555555555 0.08168316831683169
1 0.6680555555555555 0.21905940594059406 0.03611111111111111 0.06683168316831684
1 0.5180555555555556 0.2079207920792079 0.03888888888888889 0.06435643564356436
1 0.6194444444444445 0.2933168316831683 0.05277777777777778 0.09158415841584158
2 0.5756944444444444 0.3564356435643564 0.0625 0.10396039603960396
2 0.11180555555555556 0.36386138613861385 0.05138888888888889 0.10396039603960396
1 0.3548611111111111 0.35396039603960394 0.09305555555555556 0.12871287128712872
2 0.7444444444444445 0.30816831683168316 0.05 0.08168316831683169
2 0.27152777777777776 0.3551980198019802 0.059722222222222225 0.1311881188118812
1 0.8534722222222222 0.37623762376237624 0.05694444444444444 0.10891089108910891
2 0.19236111111111112 0.1806930693069307 0.04027777777777778 0.0891089108910891
1 0.7493055555555556 0.2623762376237624 0.04583333333333333 0.07425742574257425
2 0.6979166666666666 0.2599009900990099 0.04027777777777778 0.07425742574257425
2 0.6173611111111111 0.46410891089108913 0.0875 0.13613861386138615
1 0.38958333333333334 0.2438118811881188 0.04583333333333333 0.07178217821782178
1 0.7118055555555556 0.46410891089108913 0.0763888888888889 0.12623762376237624
1 0.40347222222222223 0.20173267326732675 0.04027777777777778 0.06683168316831684
1 0.3659722222222222 0.45792079207920794 0.0875 0.15841584158415842
2 0.9361111111111111 0.47029702970297027 0.05555555555555555 0.10396039603960396
1 0.33541666666666664 0.23886138613861385 0.04861111111111111 0.07673267326732673
0 0.8777777777777778 0.49133663366336633 0.07777777777777778 0.08168316831683169
2 0.24027777777777778 0.20297029702970298 0.03611111111111111 0.06435643564356436
2 0.2513888888888889 0.46905940594059403 0.06666666666666667 0.1311881188118812
