1 0.5451388888888888 0.2957920792079208 0.05694444444444444 0.09158415841584158
1 0.1638888888888889 0.2908415841584158 0.05277777777777778 0.08663366336633663
3 0.7458333333333333 0.3069306930693069 0.058333333333333334 0.07425742574257425
1 0.16319444444444445 0.23886138613861385 0.0375 0.08168316831683169
1 0.20416666666666666 0.24752475247524752 0.058333333333333334 0.08415841584158416
2 0.5743055555555555 0.3589108910891089 0.059722222222222225 0.10396039603960396
3 0.6340277777777777 0.4628712871287129 0.08472222222222223 0.15841584158415842
2 0.058333333333333334 0.35396039603960394 0.05 0.11386138613861387
2 0.36319444444444443 0.46534653465346537 0.06805555555555555 0.16831683168316833
2 0.8590277777777777 0.3886138613861386 0.059722222222222225 0.10891089108910891
1 0.6680555555555555 0.2202970297029703 0.03888888888888889 0.06930693069306931
1 0.6590277777777778 0.36014851485148514 0.07916666666666666 0.10643564356435643
1 0.0375 0.46410891089108913 0.06666666666666667 0.1311881188118812
1 0.7534722222222222 0.2698019801980198 0.04583333333333333 0.07425742574257425
2 0.39375 0.24504950495049505 0.04027777777777778 0.07425742574257425
2 0.27291666666666664 0.36633663366336633 0.0625 0.12376237623762376
1 0.4048611111111111 0.2042079207920792 0.04027777777777778 0.07178217821782178
4 0.7916666666666666 0.297029702970297 0.04722222222222222 0.10396039603960396
2 0.23680555555555555 0.21287128712871287 0.0375 0.06435643564356436
3 0.6111111111111112 0.2896039603960396 0.06111111111111111 0.10396039603960396
2 0.11319444444444444 0.36386138613861385 0.05138888888888889 0.10396039603960396
2 0.9270833333333334 0.4591584158415842 0.04861111111111111 0.1311881188118812
2 0.3548611111111111 0.1967821782178218 0.0375 0.07178217821782178
2 0.3055555555555556 0.29207920792079206 0.04722222222222222 0.09405940594059406
1 0.5763888888888888 0.2103960396039604 0.03333333333333333 0.06930693069306931
1 0.51875 0.2103960396039604 0.043055555555555555 0.06930693069306931
2 0.33611111111111114 0.23638613861386137 0.044444444444444446 0.07673267326732673
2 0.88125 0.4814356435643564 0.06805555555555555 0.10643564356435643
1 0.5097222222222222 0.1782178217821782 0.027777777777777776 0.06435643564356436
2 0.37083333333333335 0.3527227722772277 0.075 0.13613861386138615
1 0.5555555555555556 0.18193069306930693 0.03333333333333333 0.06683168316831684
2 0.25069444444444444 0.46163366336633666 0.07083333333333333 0.15594059405940594
1 0.6979166666666666 0.2636138613861386 0.0375 0.06683168316831684
1 0.11319444444444444 0.28836633663366334 0.04861111111111111 0.09158415841584158
1 0.7145833333333333 0.4665841584158416 0.0875 0.13613861386138615
2 0.3770833333333333 0.2871287128712871 0.04583333333333333 0.09900990099009901
2 0.8 0.3873762376237624 0.05277777777777778 0.10643564356435643
1 0.19444444444444445 0.19306930693069307 0.03888888888888889 0.0891089108910891
1 0.5375 0.24133663366336633 0.05277777777777778 0.08168316831683169
