1 0.5361111111111111 0.24257425742574257 0.044444444444444446 0.07425742574257425
1 0.1701388888888889 0.2908415841584158 0.04861111111111111 0.09158415841584158
1 0.3625 0.1806930693069307 0.030555555555555555 0.0594059405940594
0 0.7423611111111111 0.31064356435643564 0.05138888888888889 0.07673267326732673
2 0.36944444444444446 0.3564356435643564 0.08611111111111111 0.13861386138613863
2 0.40069444444444446 0.20173267326732675 0.043055555555555555 0.06188118811881188
2 0.5423611111111111 0.2896039603960396 0.059722222222222225 0.09900990099009901
1 0.6625 0.22153465346534654 0.03611111111111111 0.07673267326732673
2 0.5729166666666666 0.21287128712871287 0.034722222222222224 0.06930693069306931
1 0.63125 0.4628712871287129 0.08472222222222223 0.12871287128712872
2 0.3055555555555556 0.2871287128712871 0.04722222222222222 0.09405940594059406
1 0.33402777777777776 0.23886138613861385 0.043055555555555555 0.07673267326732673
1 0.7506944444444444 0.26732673267326734 0.04583333333333333 0.07425742574257425
1 0.6972222222222222 0.26113861386138615 0.041666666666666664 0.07178217821782178
2 0.3958333333333333 0.24752475247524752 0.041666666666666664 0.07425742574257425
1 0.7097222222222223 0.22524752475247525 0.03611111111111111 0.07425742574257425
1 0.2076388888888889 0.24876237623762376 0.043055555555555555 0.06683168316831684
1 0.24722222222222223 0.46410891089108913 0.09444444444444444 0.14108910891089108
1 0.2 0.2079207920792079 0.03611111111111111 0.06435643564356436
2 0.5166666666666667 0.2079207920792079 0.03611111111111111 0.06930693069306931
2 0.3819444444444444 0.28589108910891087 0.05 0.09653465346534654
2 0.6465277777777778 0.36633663366336633 0.05416666666666667 0.10396039603960396
1 0.6215277777777778 0.29207920792079206 0.04861111111111111 0.0891089108910891
2 0.36041666666666666 0.4752475247524752 0.08194444444444444 0.17326732673267325
2 0.40625 0.17326732673267325 0.0375 0.0594059405940594
2 0.23819444444444443 0.21534653465346534 0.034722222222222224 0.0594059405940594
2 0.1111111111111111 0.3650990099009901 0.05277777777777778 0.10643564356435643
1 0.5555555555555556 0.18193069306930693 0.03611111111111111 0.06683168316831684
1 0.7965277777777777 0.31435643564356436 0.043055555555555555 0.08415841584158416
1 0.5916666666666667 0.2561881188118812 0.05277777777777778 0.07178217821782178
1 0.35 0.20297029702970298 0.044444444444444446 0.07425742574257425
1 0.5083333333333333 0.17945544554455445 0.030555555555555555 0.06188118811881188
2 0.1125 0.28465346534653463 0.05 0.09900990099009901
1 0.16180555555555556 0.2400990099009901 0.043055555555555555 0.08415841584158416
1 0.9291666666666667 0.4665841584158416 0.06666666666666667 0.14108910891089108
1 0.8590277777777777 0.38985148514851486 0.05416666666666667 0.10148514851485149
1 0.05694444444444444 0.35767326732673266 0.05277777777777778 0.12128712871287128
1 0.8 0.38613861386138615 0.05277777777777778 0.09900990099009901
1 0.2673611111111111 0.3712871287128713 0.06805555555555555 0.10396039603960396
1 0.04027777777777778 0.4628712871287129 0.06666666666666667 0.13366336633663367
