2 0.75 0.26485148514851486 0.041666666666666664 0.06930693069306931
2 0.5361111111111111 0.25495049504950495 0.05 0.0891089108910891
1 0.9305555555555556 0.474009900990099 0.07222222222222222 0.12128712871287128
1 0.2361111111111111 0.21287128712871287 0.044444444444444446 0.06435643564356436
1 0.15625 0.24628712871287128 0.043055555555555555 0.07673267326732673
2 0.3993055555555556 0.20173267326732675 0.04027777777777778 0.06683168316831684
1 0.6194444444444445 0.46534653465346537 0.08888888888888889 0.15346534653465346
2 0.5423611111111111 0.28465346534653463 0.059722222222222225 0.09900990099009901
2 0.11041666666666666 0.28589108910891087 0.043055555555555555 0.09653465346534654
2 0.1111111111111111 0.35767326732673266 0.06388888888888888 0.11633663366336634
2 0.5541666666666667 0.1806930693069307 0.03333333333333333 0.06435643564356436
2 0.058333333333333334 0.3502475247524752 0.05277777777777778 0.1311881188118812
2 0.8680555555555556 0.46410891089108913 0.05277777777777778 0.12128712871287128
2 0.36527777777777776 0.45792079207920794 0.08888888888888889 0.16336633663366337
1 0.6993055555555555 0.2599009900990099 0.043055555555555555 0.06930693069306931
1 0.3104166666666667 0.28589108910891087 0.05416666666666667 0.10148514851485149
2 0.5923611111111111 0.25 0.043055555555555555 0.07425742574257425
2 0.25069444444444444 0.4603960396039604 0.07083333333333333 0.14356435643564355
1 0.3284722222222222 0.24257425742574257 0.05138888888888889 0.07920792079207921
1 0.5333333333333333 0.23638613861386137 0.044444444444444446 0.08663366336633663
1 0.8 0.3873762376237624 0.06666666666666667 0.11138613861386139
2 0.3840277777777778 0.2871287128712871 0.05416666666666667 0.10891089108910891
1 0.5125 0.2103960396039604 0.041666666666666664 0.06930693069306931
2 0.03958333333333333 0.4628712871287129 0.0625 0.12871287128712872
2 0.5736111111111111 0.20915841584158415 0.03333333333333333 0.06683168316831684
2 0.2791666666666667 0.3527227722772277 0.06111111111111111 0.1311881188118812
1 0.20416666666666666 0.24628712871287128 0.04722222222222222 0.07673267326732673
1 0.3625 0.1806930693069307 0.027777777777777776 0.0594059405940594
1 0.16944444444444445 0.2896039603960396 0.05277777777777778 0.09405940594059406
2 0.7979166666666667 0.31064356435643564 0.05138888888888889 0.09158415841584158
1 0.3972222222222222 0.2438118811881188 0.03888888888888889 0.06683168316831684
2 0.5763888888888888 0.3564356435643564 0.06666666666666667 0.1188118811881188
2 0.7451388888888889 0.3056930693069307 0.04861111111111111 0.08168316831683169
1 0.34930555555555554 0.20668316831683167 0.043055555555555555 0.06683168316831684
1 0.19444444444444445 0.20544554455445543 0.03611111111111111 0.06435643564356436
2 0.6145833333333334 0.29455445544554454 0.04861111111111111 0.10396039603960396
2 0.7013888888888888 0.4566831683168317 0.06666666666666667 0.12128712871287128
2 0.36319444444444443 0.3502475247524752 0.07916666666666666 0.12128712871287128
1 0.6645833333333333 0.21782178217821782 0.034722222222222224 0.06930693069306931
1 0.5076388888888889 0.1782178217821782 0.03194444444444444 0.0594059405940594
2 0.7104166666666667 0.2202970297029703 0.0375 0.06930693069306931
1 0.6569444444444444 0.3626237623762376 0.07222222222222222 0.12128712871287128
2 0.8493055555555555 0.38366336633663367 0.04583333333333333 0.1188118811881188
