1 0.15486111111111112 0.25 0.04583333333333333 0.07425742574257425
1 0.36527777777777776 0.35767326732673266 0.08055555555555556 0.10643564356435643
1 0.8583333333333333 0.3873762376237624 0.05555555555555555 0.09158415841584158
1 0.3090277777777778 0.2908415841584158 0.04861111111111111 0.08168316831683169
1 0.1909722222222222 0.21287128712871287 0.034722222222222224 0.0594059405940594
4 0.8020833333333334 0.29455445544554454 0.04027777777777778 0.11386138613861387
2 0.5430555555555555 0.28465346534653463 0.06388888888888888 0.09900990099009901
1 0.7506944444444444 0.26485148514851486 0.0375 0.06435643564356436
4 0.6152777777777778 0.4443069306930693 0.08888888888888889 0.1707920792079208
4 0.6652777777777777 0.21658415841584158 0.03611111111111111 0.07178217821782178
1 0.39652777777777776 0.23638613861386137 0.043055555555555555 0.08663366336633663
1 0.3659722222222222 0.46782178217821785 0.09027777777777778 0.1782178217821782
4 0.6569444444444444 0.32673267326732675 0.058333333333333334 0.1782178217821782
1 0.40625 0.1707920792079208 0.0375 0.06435643564356436
2 0.5340277777777778 0.2376237623762376 0.043055555555555555 0.08415841584158416
1 0.8 0.3849009900990099 0.058333333333333334 0.10148514851485149
4 0.575 0.3527227722772277 0.06111111111111111 0.11138613861386139
1 0.7138888888888889 0.2264851485148515 0.03611111111111111 0.06683168316831684
1 0.5097222222222222 0.1782178217821782 0.03333333333333333 0.0594059405940594
1 0.2777777777777778 0.3564356435643564 0.06111111111111111 0.12376237623762376
1 0.23194444444444445 0.21163366336633663 0.05 0.07178217821782178
4 0.04652777777777778 0.4282178217821782 0.07916666666666666 0.19801980198019803
1 0.9319444444444445 0.4752475247524752 0.07222222222222222 0.12376237623762376
1 0.16875 0.2896039603960396 0.04861111111111111 0.0891089108910891
1 0.3284722222222222 0.2376237623762376 0.04861111111111111 0.07425742574257425
1 0.4048611111111111 0.20915841584158415 0.043055555555555555 0.06188118811881188
1 0.7465277777777778 0.3069306930693069 0.04861111111111111 0.07920792079207921
1 0.25 0.4591584158415842 0.07222222222222222 0.14108910891089108
1 0.7020833333333333 0.44183168316831684 0.059722222222222225 0.10643564356435643
1 0.3770833333333333 0.2834158415841584 0.06805555555555555 0.11138613861386139
1 0.5569444444444445 0.1844059405940594 0.030555555555555555 0.06683168316831684
1 0.11041666666666666 0.2896039603960396 0.04583333333333333 0.09405940594059406
1 0.2013888888888889 0.24752475247524752 0.05277777777777778 0.07425742574257425
4 0.6194444444444445 0.26732673267326734 0.044444444444444446 0.14356435643564355
1 0.5152777777777777 0.20544554455445543 0.03888888888888889 0.06930693069306931
1 0.6993055555555555 0.2599009900990099 0.043055555555555555 0.07425742574257425
4 0.3506944444444444 0.1806930693069307 0.043055555555555555 0.11386138613861387
2 0.05694444444444444 0.3589108910891089 0.05 0.14356435643564355
2 0.1111111111111111 0.35767326732673266 0.06666666666666667 0.11138613861386139
