3 0.3625 0.46163366336633666 0.08055555555555556 0.15099009900990099
1 0.40069444444444446 0.2004950495049505 0.04027777777777778 0.06930693069306931
1 0.5138888888888888 0.2079207920792079 0.03611111111111111 0.06930693069306931
1 0.8548611111111111 0.3849009900990099 0.04861111111111111 0.09158415841584158
1 0.3819444444444444 0.28589108910891087 0.058333333333333334 0.11138613861386139
1 0.34930555555555554 0.19925742574257427 0.043055555555555555 0.07178217821782178
2 0.7944444444444444 0.3069306930693069 0.03888888888888889 0.07920792079207921
1 0.6986111111111111 0.2599009900990099 0.044444444444444446 0.06930693069306931
1 0.20069444444444445 0.25123762376237624 0.05416666666666667 0.07178217821782178
1 0.6138888888888889 0.29455445544554454 0.044444444444444446 0.0891089108910891
2 0.54375 0.28589108910891087 0.05694444444444444 0.09158415841584158
1 0.19305555555555556 0.2004950495049505 0.03888888888888889 0.07425742574257425
1 0.03958333333333333 0.46534653465346537 0.06527777777777778 0.14356435643564355
1 0.5548611111111111 0.18316831683168316 0.0375 0.06930693069306931
1 0.23472222222222222 0.2103960396039604 0.04722222222222222 0.06930693069306931
1 0.16944444444444445 0.29207920792079206 0.05 0.08415841584158416
2 0.1111111111111111 0.3589108910891089 0.06666666666666667 0.1188118811881188
1 0.24583333333333332 0.46163366336633666 0.08055555555555556 0.15099009900990099
1 0.7111111111111111 0.22400990099009901 0.03333333333333333 0.06188118811881188
1 0.7465277777777778 0.3069306930693069 0.04861111111111111 0.07920792079207921
1 0.5729166666666666 0.35148514851485146 0.06527777777777778 0.10891089108910891
5 0.6388888888888888 0.34405940594059403 0.07222222222222222 0.17326732673267325
2 0.058333333333333334 0.3551980198019802 0.05277777777777778 0.13613861386138615
1 0.5361111111111111 0.23638613861386137 0.044444444444444446 0.08168316831683169
1 0.5736111111111111 0.2103960396039604 0.03333333333333333 0.06435643564356436
1 0.6652777777777777 0.21905940594059406 0.03611111111111111 0.06683168316831684
1 0.7520833333333333 0.26113861386138615 0.04583333333333333 0.07673267326732673
1 0.5895833333333333 0.25 0.04861111111111111 0.07425742574257425
1 0.32916666666666666 0.2400990099009901 0.05277777777777778 0.07425742574257425
2 0.1111111111111111 0.2871287128712871 0.044444444444444446 0.09405940594059406
1 0.8006944444444445 0.3886138613861386 0.0625 0.11386138613861387
1 0.36666666666666664 0.3527227722772277 0.07777777777777778 0.12128712871287128
1 0.5076388888888889 0.1782178217821782 0.03194444444444444 0.0594059405940594
2 0.27361111111111114 0.35396039603960394 0.06111111111111111 0.1188118811881188
1 0.3972222222222222 0.24257425742574257 0.04722222222222222 0.07920792079207921
1 0.15555555555555556 0.24876237623762376 0.041666666666666664 0.07178217821782178
1 0.3076388888888889 0.28836633663366334 0.04861111111111111 0.08168316831683169
3 0.9291666666666667 0.46905940594059403 0.07222222222222222 0.1311881188118812
