2 0.35 0.20544554455445543 0.03888888888888889 0.06435643564356436
1 0.20347222222222222 0.24752475247524752 0.05138888888888889 0.07425742574257425
1 0.5354166666666667 0.23638613861386137 0.04583333333333333 0.08663366336633663
1 0.40208333333333335 0.19801980198019803 0.043055555555555555 0.06930693069306931
2 0.8534722222222222 0.38613861386138615 0.05694444444444444 0.11386138613861387
1 0.86875 0.47029702970297027 0.07361111111111111 0.13861386138613863
1 0.7013888888888888 0.2202970297029703 0.03888888888888889 0.07425742574257425
1 0.6645833333333333 0.21905940594059406 0.04027777777777778 0.07178217821782178
2 0.058333333333333334 0.3626237623762376 0.05 0.11138613861386139
2 0.1951388888888889 0.20173267326732675 0.043055555555555555 0.07178217821782178
2 0.40555555555555556 0.16955445544554457 0.03611111111111111 0.05693069306930693
1 0.39375 0.24504950495049505 0.04861111111111111 0.07425742574257425
2 0.3659722222222222 0.35148514851485146 0.059722222222222225 0.12376237623762376
2 0.7479166666666667 0.2660891089108911 0.043055555555555555 0.07178217821782178
2 0.5361111111111111 0.2376237623762376 0.04722222222222222 0.08415841584158416
2 0.7423611111111111 0.3094059405940594 0.05138888888888889 0.07920792079207921
2 0.3541666666666667 0.4839108910891089 0.09722222222222222 0.18564356435643564
2 0.3611111111111111 0.17202970297029702 0.03333333333333333 0.06188118811881188
1 0.9361111111111111 0.4777227722772277 0.06944444444444445 0.13366336633663367
2 0.40208333333333335 0.19801980198019803 0.043055555555555555 0.06930693069306931
2 0.5409722222222222 0.28589108910891087 0.05694444444444444 0.09653465346534654
1 0.03680555555555556 0.46163366336633666 0.06805555555555555 0.1311881188118812
1 0.5138888888888888 0.20915841584158415 0.041666666666666664 0.06683168316831684
2 0.2777777777777778 0.35396039603960394 0.05277777777777778 0.12376237623762376
2 0.5951388888888889 0.24504950495049505 0.04027777777777778 0.07920792079207921
2 0.6145833333333334 0.2933168316831683 0.04861111111111111 0.08663366336633663
2 0.5743055555555555 0.2042079207920792 0.034722222222222224 0.06683168316831684
1 0.6979166666666666 0.26113861386138615 0.04027777777777778 0.07178217821782178
2 0.11041666666666666 0.3589108910891089 0.04861111111111111 0.11386138613861387
2 0.23541666666666666 0.2103960396039604 0.0375 0.06435643564356436
2 0.55625 0.17945544554455445 0.03194444444444444 0.06188118811881188
2 0.30833333333333335 0.2871287128712871 0.05 0.09900990099009901
2 0.1111111111111111 0.28589108910891087 0.04722222222222222 0.09653465346534654
1 0.61875 0.46905940594059403 0.09861111111111111 0.15594059405940594
1 0.6583333333333333 0.3650990099009901 0.07777777777777778 0.12128712871287128
2 0.3729166666666667 0.2834158415841584 0.04861111111111111 0.09158415841584158
1 0.5736111111111111 0.36386138613861385 0.06944444444444445 0.1188118811881188
1 0.7930555555555555 0.3180693069306931 0.041666666666666664 0.06683168316831684
1 0.33402777777777776 0.23514851485148514 0.04583333333333333 0.07425742574257425
1 0.5083333333333333 0.17574257425742573 0.03333333333333333 0.0594059405940594
1 0.15625 0.24876237623762376 0.0375 0.07178217821782178
1 0.16458333333333333 0.2957920792079208 0.05138888888888889 0.08168316831683169
