2 0.23541666666666666 0.2103960396039604 0.034722222222222224 0.0594059405940594
2 0.6229166666666667 0.4665841584158416 0.10138888888888889 0.17574257425742573
2 0.1638888888888889 0.29207920792079206 0.05 0.08415841584158416
1 0.7027777777777777 0.474009900990099 0.07777777777777778 0.15594059405940594
1 0.3458333333333333 0.20297029702970298 0.044444444444444446 0.0594059405940594
1 0.7048611111111112 0.22277227722772278 0.0375 0.06930693069306931
2 0.575 0.2103960396039604 0.03333333333333333 0.06435643564356436
2 0.55625 0.1806930693069307 0.03194444444444444 0.0594059405940594
2 0.37222222222222223 0.28465346534653463 0.05 0.09405940594059406
2 0.4048611111111111 0.16831683168316833 0.0375 0.0594059405940594
1 0.20277777777777778 0.24628712871287128 0.05277777777777778 0.07673267326732673
1 0.5145833333333333 0.20915841584158415 0.043055555555555555 0.06683168316831684
2 0.6152777777777778 0.2933168316831683 0.04722222222222222 0.08663366336633663
2 0.5402777777777777 0.2871287128712871 0.06111111111111111 0.09405940594059406
2 0.59375 0.25123762376237624 0.04027777777777778 0.07178217821782178
2 0.8548611111111111 0.3849009900990099 0.05694444444444444 0.11138613861386139
2 0.3104166666666667 0.28836633663366334 0.04861111111111111 0.09158415841584158
1 0.33541666666666664 0.23886138613861385 0.04583333333333333 0.07178217821782178
1 0.6548611111111111 0.3613861386138614 0.07083333333333333 0.10891089108910891
2 0.058333333333333334 0.3613861386138614 0.05 0.10891089108910891
2 0.9347222222222222 0.4814356435643564 0.06666666666666667 0.12128712871287128
1 0.5368055555555555 0.23638613861386137 0.04583333333333333 0.08168316831683169
1 0.03680555555555556 0.46163366336633666 0.06805555555555555 0.1311881188118812
2 0.19583333333333333 0.20173267326732675 0.044444444444444446 0.07178217821782178
1 0.8729166666666667 0.4752475247524752 0.06527777777777778 0.12871287128712872
1 0.5090277777777777 0.17574257425742573 0.03194444444444444 0.0594059405940594
1 0.39791666666666664 0.2004950495049505 0.043055555555555555 0.06930693069306931
2 0.7493055555555556 0.2660891089108911 0.043055555555555555 0.07178217821782178
1 0.6993055555555555 0.2599009900990099 0.04027777777777778 0.07425742574257425
2 0.11041666666666666 0.3613861386138614 0.04861111111111111 0.11386138613861387
2 0.3638888888888889 0.3564356435643564 0.06111111111111111 0.11386138613861387
2 0.2791666666666667 0.35396039603960394 0.05555555555555555 0.11386138613861387
1 0.36319444444444443 0.17574257425742573 0.03194444444444444 0.0594059405940594
2 0.1111111111111111 0.2871287128712871 0.04722222222222222 0.09405940594059406
2 0.3541666666666667 0.48267326732673266 0.09722222222222222 0.18316831683168316
1 0.5736111111111111 0.3626237623762376 0.06944444444444445 0.11633663366336634
1 0.39305555555555555 0.24628712871287128 0.04722222222222222 0.07178217821782178
2 0.7416666666666667 0.30816831683168316 0.05 0.07673267326732673
1 0.15625 0.24876237623762376 0.0375 0.07178217821782178
1 0.6652777777777777 0.21905940594059406 0.03888888888888889 0.07178217821782178
