2 0.8638888888888889 0.4306930693069307 0.07222222222222222 0.14356435643564355
2 0.35694444444444445 0.23886138613861385 0.03888888888888889 0.08663366336633663
2 0.6722222222222223 0.25123762376237624 0.03611111111111111 0.07673267326732673
2 0.0763888888888889 0.5111386138613861 0.09166666666666666 0.17574257425742573
2 0.2965277777777778 0.23638613861386137 0.04583333333333333 0.07178217821782178
2 0.5798611111111112 0.21163366336633663 0.0375 0.07178217821782178
2 0.30486111111111114 0.3465346534653465 0.05138888888888889 0.09900990099009901
2 0.7111111111111111 0.3341584158415842 0.06111111111111111 0.1188118811881188
2 0.36041666666666666 0.41955445544554454 0.0875 0.12623762376237624
2 0.6166666666666667 0.34777227722772275 0.05555555555555555 0.11633663366336634
2 0.9395833333333333 0.5297029702970297 0.09305555555555556 0.19306930693069307
2 0.6875 0.2908415841584158 0.05 0.10148514851485149
2 0.33958333333333335 0.27722772277227725 0.05416666666666667 0.09900990099009901
2 0.6131944444444445 0.28836633663366334 0.05694444444444444 0.10148514851485149
2 0.7708333333333334 0.28589108910891087 0.05555555555555555 0.10643564356435643
2 0.6020833333333333 0.24133663366336633 0.04583333333333333 0.09158415841584158
2 0.2652777777777778 0.2784653465346535 0.05 0.09653465346534654
2 0.3145833333333333 0.20173267326732675 0.04583333333333333 0.07673267326732673
2 0.7576388888888889 0.4245049504950495 0.06805555555555555 0.14603960396039603
2 0.26805555555555555 0.41089108910891087 0.04722222222222222 0.13366336633663367
2 0.1451388888888889 0.40965346534653463 0.05138888888888889 0.13613861386138615
2 0.33402777777777776 0.5321782178217822 0.08472222222222223 0.16336633663366337
2 0.6923611111111111 0.5433168316831684 0.0763888888888889 0.1608910891089109
2 0.6576388888888889 0.20668316831683167 0.04861111111111111 0.07673267326732673
2 0.42777777777777776 0.24752475247524752 0.03611111111111111 0.07920792079207921
2 0.37222222222222223 0.19801980198019803 0.041666666666666664 0.07920792079207921
2 0.3909722222222222 0.34405940594059403 0.05694444444444444 0.10396039603960396
2 0.41597222222222224 0.275990099009901 0.05416666666666667 0.10148514851485149
2 0.2326388888888889 0.3353960396039604 0.034722222222222224 0.10148514851485149
2 0.8076388888888889 0.34777227722772275 0.05694444444444444 0.11138613861386139
2 0.7090277777777778 0.20915841584158415 0.043055555555555555 0.07673267326732673
2 0.4305555555555556 0.20297029702970298 0.04722222222222222 0.07920792079207921
2 0.6506944444444445 0.4319306930693069 0.07361111111111111 0.1311881188118812
2 0.8055555555555556 0.5420792079207921 0.09166666666666666 0.18811881188118812
2 0.7375 0.23638613861386137 0.05 0.09158415841584158
5 0.20555555555555555 0.44183168316831684 0.09722222222222222 0.3094059405940594
