1 0.5090277777777777 0.17945544554455445 0.03194444444444444 0.06683168316831684
2 0.23402777777777778 0.21163366336633663 0.0375 0.06188118811881188
2 0.03888888888888889 0.46410891089108913 0.06666666666666667 0.1311881188118812
2 0.27708333333333335 0.36633663366336633 0.059722222222222225 0.10891089108910891
2 0.11319444444444444 0.3589108910891089 0.05416666666666667 0.10396039603960396
2 0.5590277777777778 0.1806930693069307 0.03194444444444444 0.06435643564356436
2 0.8763888888888889 0.4839108910891089 0.06666666666666667 0.09653465346534654
2 0.36319444444444443 0.47029702970297027 0.08472222222222223 0.14356435643564355
1 0.5895833333333333 0.2524752475247525 0.04861111111111111 0.06930693069306931
2 0.36319444444444443 0.35148514851485146 0.059722222222222225 0.12376237623762376
2 0.7486111111111111 0.26485148514851486 0.044444444444444446 0.06930693069306931
2 0.1736111111111111 0.28589108910891087 0.041666666666666664 0.09653465346534654
1 0.5131944444444444 0.20173267326732675 0.0375 0.07673267326732673
1 0.19166666666666668 0.2103960396039604 0.027777777777777776 0.0594059405940594
2 0.3576388888888889 0.17945544554455445 0.034722222222222224 0.05693069306930693
1 0.2465277777777778 0.45544554455445546 0.07361111111111111 0.15346534653465346
2 0.39791666666666664 0.19925742574257427 0.04027777777777778 0.06683168316831684
2 0.7111111111111111 0.22400990099009901 0.03611111111111111 0.06683168316831684
2 0.5340277777777778 0.23638613861386137 0.04861111111111111 0.07673267326732673
1 0.5416666666666666 0.28589108910891087 0.05555555555555555 0.08663366336633663
1 0.9270833333333334 0.4715346534653465 0.05694444444444444 0.12623762376237624
2 0.5763888888888888 0.35396039603960394 0.06666666666666667 0.10891089108910891
2 0.35138888888888886 0.2079207920792079 0.03611111111111111 0.06435643564356436
2 0.4041666666666667 0.17326732673267325 0.03888888888888889 0.06435643564356436
2 0.5138888888888888 0.20668316831683167 0.03611111111111111 0.07178217821782178
2 0.3055555555555556 0.2871287128712871 0.044444444444444446 0.09405940594059406
1 0.5756944444444444 0.20915841584158415 0.03194444444444444 0.06683168316831684
2 0.7479166666666667 0.3056930693069307 0.05138888888888889 0.07673267326732673
1 0.7972222222222223 0.3873762376237624 0.05277777777777778 0.10643564356435643
1 0.6652777777777777 0.21905940594059406 0.03611111111111111 0.06683168316831684
2 0.39166666666666666 0.24628712871287128 0.03888888888888889 0.07178217821782178
2 0.06111111111111111 0.34529702970297027 0.05277777777777778 0.12623762376237624
2 0.66875 0.3626237623762376 0.05416666666666667 0.12128712871287128
2 0.6152777777777778 0.2933168316831683 0.05 0.08663366336633663
2 0.11180555555555556 0.28836633663366334 0.043055555555555555 0.08663366336633663
2 0.3284722222222222 0.23391089108910892 0.04861111111111111 0.07673267326732673
2 0.8493055555555555 0.38613861386138615 0.05416666666666667 0.09405940594059406
2 0.7916666666666666 0.30816831683168316 0.03888888888888889 0.08168316831683169
2 0.2076388888888889 0.24628712871287128 0.04583333333333333 0.08168316831683169
5 0.6215277777777778 0.42945544554455445 0.0763888888888889 0.1905940594059406
2 0.37083333333333335 0.28217821782178215 0.05555555555555555 0.09900990099009901
2 0.6972222222222222 0.26113861386138615 0.044444444444444446 0.07178217821782178
2 0.5756944444444444 0.20915841584158415 0.03194444444444444 0.06683168316831684
