2 0.20902777777777778 0.24628712871287128 0.043055555555555555 0.07673267326732673
2 0.7118055555555556 0.22524752475247525 0.0375 0.06930693069306931
1 0.6159722222222223 0.29207920792079206 0.04861111111111111 0.08415841584158416
1 0.7965277777777777 0.3886138613861386 0.05138888888888889 0.10396039603960396
2 0.30486111111111114 0.2908415841584158 0.04583333333333333 0.09158415841584158
4 0.7951388888888888 0.29455445544554454 0.0375 0.10891089108910891
1 0.9326388888888889 0.4665841584158416 0.05694444444444444 0.12128712871287128
1 0.6645833333333333 0.21782178217821782 0.0375 0.06930693069306931
2 0.8513888888888889 0.3873762376237624 0.05277777777777778 0.08663366336633663
1 0.5916666666666667 0.2537128712871287 0.05 0.07178217821782178
2 0.36041666666666666 0.1782178217821782 0.03194444444444444 0.0594059405940594
2 0.39791666666666664 0.2004950495049505 0.04027777777777778 0.06435643564356436
2 0.11458333333333333 0.3589108910891089 0.05138888888888889 0.10396039603960396
4 0.15902777777777777 0.22896039603960397 0.05138888888888889 0.11138613861386139
2 0.3590277777777778 0.3564356435643564 0.05694444444444444 0.12376237623762376
2 0.32569444444444445 0.23391089108910892 0.04583333333333333 0.08168316831683169
2 0.4041666666666667 0.17202970297029702 0.03888888888888889 0.06188118811881188
2 0.11180555555555556 0.28589108910891087 0.04583333333333333 0.09158415841584158
2 0.5416666666666666 0.2871287128712871 0.058333333333333334 0.09405940594059406
2 0.5756944444444444 0.35396039603960394 0.0625 0.10396039603960396
2 0.8791666666666667 0.48514851485148514 0.06944444444444445 0.09900990099009901
2 0.39375 0.24628712871287128 0.04027777777777778 0.07178217821782178
1 0.19166666666666668 0.20915841584158415 0.03333333333333333 0.06188118811881188
2 0.03888888888888889 0.4628712871287129 0.06666666666666667 0.13366336633663367
2 0.5361111111111111 0.24133663366336633 0.05 0.08168316831683169
1 0.7472222222222222 0.30816831683168316 0.05555555555555555 0.07673267326732673
2 0.5736111111111111 0.21163366336633663 0.03333333333333333 0.06683168316831684
2 0.34930555555555554 0.2103960396039604 0.0375 0.06930693069306931
2 0.36319444444444443 0.46905940594059403 0.08472222222222223 0.14603960396039603
2 0.7458333333333333 0.2685643564356436 0.041666666666666664 0.07178217821782178
2 0.37083333333333335 0.28465346534653463 0.05555555555555555 0.10396039603960396
1 0.6979166666666666 0.2623762376237624 0.04027777777777778 0.06930693069306931
2 0.24791666666666667 0.4566831683168317 0.07083333333333333 0.15099009900990099
2 0.1701388888888889 0.2871287128712871 0.04861111111111111 0.09405940594059406
2 0.5569444444444445 0.1806930693069307 0.03333333333333333 0.06435643564356436
1 0.5097222222222222 0.1782178217821782 0.030555555555555555 0.0594059405940594
1 0.5131944444444444 0.2042079207920792 0.0375 0.07673267326732673
2 0.23472222222222222 0.21287128712871287 0.03888888888888889 0.0594059405940594
2 0.059722222222222225 0.3551980198019802 0.05 0.12128712871287128
2 0.27708333333333335 0.3650990099009901 0.0625 0.11633663366336634
