1 0.7472222222222222 0.3131188118811881 0.04722222222222222 0.07673267326732673
1 0.6291666666666667 0.4752475247524752 0.08333333333333333 0.1188118811881188
0 0.15694444444444444 0.22153465346534654 0.030555555555555555 0.04702970297029703
2 0.27361111111111114 0.3626237623762376 0.058333333333333334 0.11633663366336634
1 0.7513888888888889 0.26732673267326734 0.05 0.06435643564356436
1 0.6986111111111111 0.2660891089108911 0.03888888888888889 0.07178217821782178
1 0.93125 0.4715346534653465 0.0625 0.13613861386138615
1 0.5576388888888889 0.18688118811881188 0.02638888888888889 0.05198019801980198
1 0.35347222222222224 0.20668316831683167 0.0375 0.07178217821782178
1 0.3541666666666667 0.46905940594059403 0.09166666666666666 0.14603960396039603
1 0.18958333333333333 0.21658415841584158 0.034722222222222224 0.05693069306930693
1 0.5423611111111111 0.2908415841584158 0.059722222222222225 0.08168316831683169
1 0.8534722222222222 0.38985148514851486 0.04861111111111111 0.09653465346534654
1 0.23541666666666666 0.21287128712871287 0.0375 0.06435643564356436
1 0.39375 0.24504950495049505 0.0375 0.06930693069306931
1 0.32916666666666666 0.24257425742574257 0.05 0.07425742574257425
2 0.10972222222222222 0.2896039603960396 0.044444444444444446 0.09405940594059406
1 0.5770833333333333 0.20915841584158415 0.03194444444444444 0.07178217821782178
2 0.06041666666666667 0.3564356435643564 0.05138888888888889 0.13366336633663367
1 0.40208333333333335 0.1844059405940594 0.04027777777777778 0.06188118811881188
1 0.6659722222222222 0.2202970297029703 0.0375 0.06930693069306931
1 0.7173611111111111 0.4839108910891089 0.08194444444444444 0.12128712871287128
2 0.11388888888888889 0.36386138613861385 0.05277777777777778 0.09900990099009901
1 0.6534722222222222 0.37004950495049505 0.07361111111111111 0.11138613861386139
1 0.5784722222222223 0.35767326732673266 0.07083333333333333 0.10643564356435643
1 0.3715277777777778 0.3527227722772277 0.06527777777777778 0.10643564356435643
1 0.5173611111111112 0.20668316831683167 0.043055555555555555 0.07178217821782178
1 0.16875 0.2908415841584158 0.05416666666666667 0.09653465346534654
1 0.20347222222222222 0.25123762376237624 0.05416666666666667 0.07673267326732673
1 0.25069444444444444 0.46534653465346537 0.06805555555555555 0.13861386138613863
1 0.7944444444444444 0.3193069306930693 0.041666666666666664 0.07920792079207921
1 0.30625 0.2908415841584158 0.04583333333333333 0.09158415841584158
1 0.03819444444444445 0.46163366336633666 0.06805555555555555 0.1311881188118812
1 0.40069444444444446 0.20544554455445543 0.04027777777777778 0.06435643564356436
1 0.5097222222222222 0.1782178217821782 0.030555555555555555 0.0594059405940594
1 0.8048611111111111 0.3910891089108911 0.05416666666666667 0.10891089108910891
1 0.5979166666666667 0.24876237623762376 0.04861111111111111 0.07673267326732673
1 0.8722222222222222 0.4839108910891089 0.075 0.10643564356435643
1 0.37222222222222223 0.28836633663366334 0.05555555555555555 0.09653465346534654
