1 0.6493055555555556 0.3613861386138614 0.0625 0.09405940594059406
2 0.4027777777777778 0.1782178217821782 0.03888888888888889 0.06435643564356436
2 0.11319444444444444 0.36014851485148514 0.05138888888888889 0.10148514851485149
2 0.4 0.19801980198019803 0.03888888888888889 0.06930693069306931
2 0.7944444444444444 0.31683168316831684 0.044444444444444446 0.07920792079207921
2 0.10972222222222222 0.2871287128712871 0.04722222222222222 0.09405940594059406
1 0.2722222222222222 0.36633663366336633 0.06111111111111111 0.10891089108910891
1 0.23541666666666666 0.21287128712871287 0.0375 0.0594059405940594
1 0.7201388888888889 0.4814356435643564 0.07916666666666666 0.14108910891089108
1 0.6666666666666666 0.21905940594059406 0.03888888888888889 0.06683168316831684
1 0.7465277777777778 0.30816831683168316 0.05138888888888889 0.08168316831683169
1 0.19236111111111112 0.21287128712871287 0.0375 0.0594059405940594
0 0.875 0.4839108910891089 0.07777777777777778 0.10148514851485149
2 0.7479166666666667 0.26732673267326734 0.04583333333333333 0.06930693069306931
2 0.3909722222222222 0.24504950495049505 0.04027777777777778 0.06930693069306931
1 0.6027777777777777 0.24504950495049505 0.044444444444444446 0.07920792079207921
1 0.35 0.4566831683168317 0.08888888888888889 0.15099009900990099
1 0.03958333333333333 0.4603960396039604 0.06527777777777778 0.13366336633663367
1 0.9319444444444445 0.4752475247524752 0.06111111111111111 0.11386138613861387
1 0.5333333333333333 0.23886138613861385 0.04722222222222222 0.08168316831683169
1 0.575 0.20915841584158415 0.03611111111111111 0.06683168316831684
1 0.35833333333333334 0.1806930693069307 0.03611111111111111 0.054455445544554455
2 0.375 0.3527227722772277 0.06388888888888888 0.12623762376237624
2 0.37430555555555556 0.28465346534653463 0.05138888888888889 0.09405940594059406
2 0.7131944444444445 0.2301980198019802 0.0375 0.06930693069306931
2 0.5590277777777778 0.18193069306930693 0.03194444444444444 0.05693069306930693
1 0.6173611111111111 0.30198019801980197 0.05416666666666667 0.08415841584158416
1 0.5083333333333333 0.1782178217821782 0.030555555555555555 0.0594059405940594
1 0.5791666666666667 0.3551980198019802 0.06944444444444445 0.11138613861386139
1 0.5416666666666666 0.2896039603960396 0.06388888888888888 0.08415841584158416
2 0.059722222222222225 0.35396039603960394 0.05277777777777778 0.13366336633663367
1 0.2013888888888889 0.24752475247524752 0.05555555555555555 0.07425742574257425
1 0.8020833333333334 0.3910891089108911 0.059722222222222225 0.11386138613861387
1 0.35138888888888886 0.20915841584158415 0.03611111111111111 0.06188118811881188
2 0.8534722222222222 0.38613861386138615 0.04861111111111111 0.09405940594059406
1 0.16666666666666666 0.28589108910891087 0.05277777777777778 0.09653465346534654
2 0.2513888888888889 0.4628712871287129 0.06944444444444445 0.14356435643564355
2 0.30625 0.2908415841584158 0.04583333333333333 0.08663366336633663
1 0.5159722222222223 0.20544554455445543 0.0375 0.06930693069306931
1 0.6979166666666666 0.26485148514851486 0.04027777777777778 0.06930693069306931
1 0.32430555555555557 0.23886138613861385 0.05416666666666667 0.08168316831683169
