1 0.6659722222222222 0.21782178217821782 0.034722222222222224 0.06930693069306931
2 0.03958333333333333 0.4628712871287129 0.059722222222222225 0.12871287128712872
2 0.5895833333333333 0.24504950495049505 0.04583333333333333 0.07425742574257425
1 0.2048611111111111 0.25 0.04861111111111111 0.07425742574257425
1 0.6527777777777778 0.37004950495049505 0.075 0.11633663366336634
2 0.7451388888888889 0.3094059405940594 0.05416666666666667 0.08415841584158416
1 0.6166666666666667 0.2933168316831683 0.05277777777777778 0.09158415841584158
1 0.39791666666666664 0.20173267326732675 0.0375 0.06188118811881188
2 0.23541666666666666 0.21287128712871287 0.034722222222222224 0.0594059405940594
1 0.5166666666666667 0.20668316831683167 0.041666666666666664 0.07178217821782178
2 0.27152777777777776 0.36633663366336633 0.0625 0.1188118811881188
1 0.5090277777777777 0.17698019801980197 0.029166666666666667 0.06188118811881188
1 0.36180555555555555 0.17945544554455445 0.029166666666666667 0.05693069306930693
2 0.5597222222222222 0.18564356435643564 0.03333333333333333 0.054455445544554455
1 0.7951388888888888 0.32054455445544555 0.04583333333333333 0.07673267326732673
1 0.16666666666666666 0.2871287128712871 0.05 0.09900990099009901
2 0.11388888888888889 0.36014851485148514 0.05277777777777778 0.10148514851485149
1 0.5597222222222222 0.1844059405940594 0.030555555555555555 0.05693069306930693
2 0.575 0.20915841584158415 0.03333333333333333 0.06188118811881188
1 0.6972222222222222 0.2636138613861386 0.03888888888888889 0.07673267326732673
2 0.5430555555555555 0.28465346534653463 0.05277777777777778 0.09900990099009901
1 0.36944444444444446 0.2908415841584158 0.05277777777777778 0.09158415841584158
1 0.1909722222222222 0.2141089108910891 0.0375 0.06188118811881188
1 0.39166666666666666 0.24504950495049505 0.041666666666666664 0.06930693069306931
1 0.5895833333333333 0.2438118811881188 0.04583333333333333 0.07673267326732673
2 0.35555555555555557 0.4665841584158416 0.10277777777777777 0.15099009900990099
1 0.8027777777777778 0.3948019801980198 0.058333333333333334 0.10643564356435643
2 0.11041666666666666 0.28836633663366334 0.04583333333333333 0.09158415841584158
2 0.8534722222222222 0.38985148514851486 0.04861111111111111 0.08663366336633663
2 0.059722222222222225 0.35396039603960394 0.05277777777777778 0.13366336633663367
2 0.5340277777777778 0.2376237623762376 0.04861111111111111 0.07920792079207921
0 0.8791666666666667 0.4863861386138614 0.05555555555555555 0.09653465346534654
2 0.30625 0.2908415841584158 0.04583333333333333 0.08663366336633663
1 0.3486111111111111 0.20544554455445543 0.041666666666666664 0.06930693069306931
2 0.7152777777777778 0.4752475247524752 0.075 0.12871287128712872
2 0.6277777777777778 0.46410891089108913 0.08333333333333333 0.13613861386138615
2 0.7486111111111111 0.2685643564356436 0.044444444444444446 0.06683168316831684
2 0.4013888888888889 0.1745049504950495 0.03888888888888889 0.06683168316831684
1 0.5763888888888888 0.3564356435643564 0.06111111111111111 0.10396039603960396
2 0.3659722222222222 0.35396039603960394 0.059722222222222225 0.10891089108910891
2 0.2513888888888889 0.4665841584158416 0.06666666666666667 0.13613861386138615
1 0.3298611111111111 0.24257425742574257 0.05416666666666667 0.07425742574257425
