1 0.7152777777777778 0.47648514851485146 0.07777777777777778 0.12128712871287128
2 0.11458333333333333 0.3613861386138614 0.05416666666666667 0.10396039603960396
2 0.39375 0.24504950495049505 0.0375 0.07425742574257425
1 0.19236111111111112 0.21534653465346534 0.0375 0.0594059405940594
1 0.34930555555555554 0.20668316831683167 0.04027777777777778 0.07673267326732673
1 0.7125 0.23638613861386137 0.03611111111111111 0.07178217821782178
4 0.6625 0.3316831683168317 0.06944444444444445 0.16336633663366337
4 0.26666666666666666 0.3292079207920792 0.08333333333333333 0.16336633663366337
4 0.7902777777777777 0.2896039603960396 0.05277777777777778 0.12376237623762376
1 0.2076388888888889 0.25 0.043055555555555555 0.06435643564356436
2 0.5611111111111111 0.18193069306930693 0.03611111111111111 0.06188118811881188
2 0.4041666666666667 0.17202970297029702 0.03888888888888889 0.06188118811881188
4 0.6125 0.2660891089108911 0.058333333333333334 0.14603960396039603
2 0.2513888888888889 0.46782178217821785 0.06666666666666667 0.13861386138613863
2 0.8048611111111111 0.3886138613861386 0.05416666666666667 0.10891089108910891
2 0.35625 0.46905940594059403 0.10416666666666667 0.15594059405940594
1 0.7444444444444445 0.31435643564356436 0.058333333333333334 0.08415841584158416
1 0.32708333333333334 0.24504950495049505 0.04583333333333333 0.07425742574257425
2 0.06041666666666667 0.35767326732673266 0.05416666666666667 0.13613861386138615
1 0.175 0.28094059405940597 0.041666666666666664 0.09653465346534654
2 0.8541666666666666 0.38613861386138615 0.05277777777777778 0.09405940594059406
1 0.6666666666666666 0.22153465346534654 0.03888888888888889 0.07178217821782178
4 0.3701388888888889 0.2685643564356436 0.05694444444444444 0.1311881188118812
2 0.5347222222222222 0.2400990099009901 0.04722222222222222 0.07920792079207921
2 0.11180555555555556 0.2896039603960396 0.04583333333333333 0.09405940594059406
4 0.5756944444444444 0.31435643564356436 0.07361111111111111 0.1782178217821782
3 0.9333333333333333 0.4801980198019802 0.06666666666666667 0.10891089108910891
1 0.7506944444444444 0.2685643564356436 0.05138888888888889 0.07178217821782178
2 0.2361111111111111 0.21287128712871287 0.03611111111111111 0.06435643564356436
0 0.8826388888888889 0.48514851485148514 0.05416666666666667 0.09900990099009901
2 0.36527777777777776 0.3564356435643564 0.058333333333333334 0.11386138613861387
1 0.041666666666666664 0.46410891089108913 0.06666666666666667 0.1311881188118812
1 0.3055555555555556 0.28836633663366334 0.05 0.08663366336633663
1 0.5097222222222222 0.17945544554455445 0.030555555555555555 0.06188118811881188
2 0.6284722222222222 0.46534653465346537 0.07916666666666666 0.13366336633663367
2 0.3993055555555556 0.20297029702970298 0.04027777777777778 0.06435643564356436
1 0.5138888888888888 0.20668316831683167 0.03333333333333333 0.07178217821782178
1 0.6986111111111111 0.2660891089108911 0.041666666666666664 0.07178217821782178
