1 0.7013888888888888 0.2660891089108911 0.041666666666666664 0.07673267326732673
4 0.6381944444444444 0.45173267326732675 0.08194444444444444 0.16584158415841585
2 0.1673611111111111 0.28836633663366334 0.05138888888888889 0.09158415841584158
2 0.5583333333333333 0.18193069306930693 0.03333333333333333 0.05693069306930693
2 0.3729166666666667 0.2834158415841584 0.05416666666666667 0.10148514851485149
2 0.5173611111111112 0.2079207920792079 0.0375 0.07425742574257425
4 0.25416666666666665 0.4504950495049505 0.075 0.15346534653465346
2 0.2361111111111111 0.20668316831683167 0.03611111111111111 0.06683168316831684
2 0.6680555555555555 0.22277227722772278 0.03611111111111111 0.06930693069306931
1 0.30277777777777776 0.28836633663366334 0.05 0.08168316831683169
2 0.3902777777777778 0.24628712871287128 0.03888888888888889 0.07178217821782178
2 0.7097222222222223 0.22277227722772278 0.03611111111111111 0.06930693069306931
4 0.16041666666666668 0.21534653465346534 0.043055555555555555 0.0891089108910891
2 0.32569444444444445 0.23886138613861385 0.05138888888888889 0.07673267326732673
2 0.06111111111111111 0.3564356435643564 0.05277777777777778 0.10891089108910891
4 0.7951388888888888 0.29455445544554454 0.043055555555555555 0.10891089108910891
2 0.4 0.20297029702970298 0.03611111111111111 0.06435643564356436
2 0.11041666666666666 0.28465346534653463 0.04583333333333333 0.09405940594059406
2 0.5493055555555556 0.2896039603960396 0.04861111111111111 0.09900990099009901
1 0.7194444444444444 0.47648514851485146 0.08055555555555556 0.14603960396039603
2 0.3659722222222222 0.34777227722772275 0.06527777777777778 0.11633663366336634
2 0.5798611111111112 0.20668316831683167 0.034722222222222224 0.07673267326732673
2 0.05277777777777778 0.4566831683168317 0.06944444444444445 0.14603960396039603
2 0.7451388888888889 0.3056930693069307 0.05694444444444444 0.08663366336633663
1 0.5090277777777777 0.1782178217821782 0.029166666666666667 0.0594059405940594
2 0.9319444444444445 0.4801980198019802 0.06944444444444445 0.10891089108910891
1 0.7458333333333333 0.2623762376237624 0.03888888888888889 0.06930693069306931
2 0.40625 0.17202970297029702 0.0375 0.06683168316831684
2 0.19583333333333333 0.20544554455445543 0.03333333333333333 0.06435643564356436
2 0.3541666666666667 0.1943069306930693 0.03888888888888889 0.08168316831683169
2 0.2076388888888889 0.2438118811881188 0.04027777777777778 0.07673267326732673
2 0.53125 0.2376237623762376 0.04583333333333333 0.07920792079207921
2 0.11319444444444444 0.36014851485148514 0.05416666666666667 0.10643564356435643
2 0.5993055555555555 0.2400990099009901 0.04027777777777778 0.08415841584158416
4 0.3576388888888889 0.4542079207920792 0.09861111111111111 0.1806930693069307
5 0.8611111111111112 0.36014851485148514 0.05555555555555555 0.13613861386138615
2 0.5777777777777777 0.35396039603960394 0.06388888888888888 0.11386138613861387
