1 0.9159722222222222 0.4591584158415842 0.05416666666666667 0.12623762376237624
2 0.5395833333333333 0.2871287128712871 0.05694444444444444 0.09900990099009901
0 0.3284722222222222 0.24504950495049505 0.05694444444444444 0.06435643564356436
2 0.2361111111111111 0.20915841584158415 0.03888888888888889 0.06683168316831684
2 0.36736111111111114 0.28589108910891087 0.04861111111111111 0.09653465346534654
1 0.4 0.20297029702970298 0.041666666666666664 0.06435643564356436
1 0.7506944444444444 0.26732673267326734 0.04583333333333333 0.07425742574257425
1 0.5965277777777778 0.24257425742574257 0.05416666666666667 0.08415841584158416
2 0.5777777777777777 0.3589108910891089 0.06388888888888888 0.10891089108910891
2 0.7090277777777778 0.22896039603960397 0.034722222222222224 0.06188118811881188
1 0.7 0.2636138613861386 0.041666666666666664 0.07178217821782178
2 0.79375 0.3069306930693069 0.04027777777777778 0.08415841584158416
1 0.35347222222222224 0.4566831683168317 0.07916666666666666 0.15594059405940594
1 0.7111111111111111 0.46534653465346537 0.07222222222222222 0.10891089108910891
1 0.34930555555555554 0.20668316831683167 0.04027777777777778 0.07178217821782178
1 0.5395833333333333 0.2438118811881188 0.059722222222222225 0.07673267326732673
1 0.40208333333333335 0.1806930693069307 0.043055555555555555 0.06930693069306931
2 0.1111111111111111 0.28465346534653463 0.044444444444444446 0.09405940594059406
2 0.8513888888888889 0.38242574257425743 0.05277777777777778 0.10643564356435643
2 0.5604166666666667 0.1806930693069307 0.034722222222222224 0.0594059405940594
1 0.3909722222222222 0.24752475247524752 0.0375 0.07425742574257425
1 0.1951388888888889 0.2079207920792079 0.034722222222222224 0.06435643564356436
1 0.5145833333333333 0.2079207920792079 0.034722222222222224 0.06930693069306931
1 0.5090277777777777 0.17945544554455445 0.03194444444444444 0.06188118811881188
1 0.60625 0.2908415841584158 0.04583333333333333 0.08663366336633663
2 0.2534722222222222 0.45792079207920794 0.07083333333333333 0.1485148514851485
2 0.36666666666666664 0.35767326732673266 0.058333333333333334 0.1311881188118812
2 0.1673611111111111 0.22772277227722773 0.04583333333333333 0.07425742574257425
2 0.11388888888888889 0.35767326732673266 0.058333333333333334 0.11138613861386139
1 0.30416666666666664 0.2908415841584158 0.044444444444444446 0.09158415841584158
1 0.6666666666666666 0.22153465346534654 0.03611111111111111 0.06683168316831684
2 0.20833333333333334 0.24876237623762376 0.044444444444444446 0.07673267326732673
1 0.03819444444444445 0.4752475247524752 0.06805555555555555 0.12871287128712872
2 0.16944444444444445 0.28589108910891087 0.05277777777777778 0.09158415841584158
1 0.36319444444444443 0.18193069306930693 0.029166666666666667 0.05693069306930693
1 0.7444444444444445 0.3094059405940594 0.05555555555555555 0.08415841584158416
2 0.06319444444444444 0.36386138613861385 0.05138888888888889 0.1188118811881188
2 0.275 0.3551980198019802 0.058333333333333334 0.12128712871287128
2 0.86875 0.46782178217821785 0.05416666666666667 0.11386138613861387
1 0.6256944444444444 0.45792079207920794 0.06805555555555555 0.1485148514851485
