0 0.9326388888888889 0.47648514851485146 0.05694444444444444 0.10148514851485149
0 0.3645833333333333 0.474009900990099 0.09305555555555556 0.15594059405940594
0 0.1909722222222222 0.21905940594059406 0.034722222222222224 0.05198019801980198
0 0.16458333333333333 0.30074257425742573 0.05416666666666667 0.08168316831683169
1 0.6722222222222223 0.2264851485148515 0.03888888888888889 0.07178217821782178
0 0.8 0.3935643564356436 0.06388888888888888 0.08415841584158416
0 0.5423611111111111 0.30198019801980197 0.05694444444444444 0.06930693069306931
0 0.6 0.25866336633663367 0.06111111111111111 0.06683168316831684
0 0.20277777777777778 0.24752475247524752 0.04722222222222222 0.07425742574257425
0 0.15694444444444444 0.2537128712871287 0.041666666666666664 0.06683168316831684
0 0.7180555555555556 0.4801980198019802 0.08611111111111111 0.11386138613861387
1 0.36041666666666666 0.18316831683168316 0.04027777777777778 0.0594059405940594
0 0.40069444444444446 0.24628712871287128 0.05416666666666667 0.05198019801980198
0 0.8069444444444445 0.33044554455445546 0.05277777777777778 0.06683168316831684
0 0.33611111111111114 0.24628712871287128 0.05 0.07178217821782178
0 0.05555555555555555 0.36757425742574257 0.05555555555555555 0.11138613861386139
0 0.7590277777777777 0.3131188118811881 0.05138888888888889 0.08168316831683169
1 0.23333333333333334 0.2141089108910891 0.03888888888888889 0.06188118811881188
0 0.4048611111111111 0.2079207920792079 0.05138888888888889 0.0594059405940594
0 0.5166666666666667 0.2141089108910891 0.05 0.05198019801980198
0 0.75625 0.275990099009901 0.04861111111111111 0.06188118811881188
1 0.7222222222222222 0.23886138613861385 0.03333333333333333 0.06683168316831684
0 0.6583333333333333 0.3774752475247525 0.06944444444444445 0.09653465346534654
0 0.5416666666666666 0.24752475247524752 0.05555555555555555 0.07920792079207921
0 0.034722222222222224 0.4839108910891089 0.06944444444444445 0.10643564356435643
1 0.6986111111111111 0.2623762376237624 0.041666666666666664 0.06930693069306931
1 0.2722222222222222 0.3650990099009901 0.07222222222222222 0.12128712871287128
0 0.1111111111111111 0.3774752475247525 0.06388888888888888 0.09158415841584158
0 0.3763888888888889 0.3589108910891089 0.08611111111111111 0.15346534653465346
0 0.8631944444444445 0.3935643564356436 0.05416666666666667 0.07920792079207921
1 0.1125 0.29207920792079206 0.044444444444444446 0.09405940594059406
0 0.5138888888888888 0.18316831683168316 0.044444444444444446 0.054455445544554455
1 0.5944444444444444 0.46782178217821785 0.09166666666666666 0.1485148514851485
1 0.25416666666666665 0.47029702970297027 0.09444444444444444 0.15841584158415842
0 0.5798611111111112 0.3712871287128713 0.0763888888888889 0.09405940594059406
0 0.3541666666666667 0.2202970297029703 0.03888888888888889 0.054455445544554455
0 0.5784722222222223 0.2079207920792079 0.04027777777777778 0.06930693069306931
0 0.6243055555555556 0.3069306930693069 0.06527777777777778 0.07425742574257425
0 0.3090277777777778 0.297029702970297 0.0625 0.09405940594059406
