2 0.75625 0.42574257425742573 0.06805555555555555 0.13861386138613863
2 0.3333333333333333 0.530940594059406 0.08611111111111111 0.1608910891089109
2 0.35694444444444445 0.4158415841584158 0.08611111111111111 0.12376237623762376
2 0.6916666666666667 0.5420792079207921 0.08055555555555556 0.15841584158415842
2 0.42986111111111114 0.2004950495049505 0.04583333333333333 0.07920792079207921
2 0.6 0.2400990099009901 0.044444444444444446 0.0891089108910891
2 0.7104166666666667 0.33663366336633666 0.0625 0.1188118811881188
2 0.26458333333333334 0.27722772277227725 0.04861111111111111 0.09405940594059406
2 0.7375 0.23638613861386137 0.04722222222222222 0.09158415841584158
2 0.15208333333333332 0.4121287128712871 0.06527777777777778 0.14108910891089108
2 0.8631944444444445 0.42698019801980197 0.07083333333333333 0.14108910891089108
2 0.3375 0.27351485148514854 0.05555555555555555 0.11138613861386139
2 0.29444444444444445 0.2376237623762376 0.044444444444444446 0.07425742574257425
2 0.25972222222222224 0.4146039603960396 0.06666666666666667 0.1311881188118812
2 0.20902777777777778 0.525990099009901 0.09027777777777778 0.17574257425742573
2 0.8048611111111111 0.5371287128712872 0.0875 0.18316831683168316
2 0.22152777777777777 0.3341584158415842 0.0625 0.10891089108910891
2 0.41458333333333336 0.27351485148514854 0.05138888888888889 0.10148514851485149
2 0.7076388888888889 0.2079207920792079 0.04027777777777778 0.07425742574257425
2 0.42916666666666664 0.24628712871287128 0.03333333333333333 0.07673267326732673
2 0.6506944444444445 0.4306930693069307 0.06805555555555555 0.12871287128712872
2 0.30486111111111114 0.349009900990099 0.05694444444444444 0.09405940594059406
2 0.5805555555555556 0.20668316831683167 0.03888888888888889 0.07673267326732673
2 0.7708333333333334 0.28465346534653463 0.05555555555555555 0.09900990099009901
2 0.6875 0.2871287128712871 0.05 0.09900990099009901
2 0.6152777777777778 0.3465346534653465 0.05277777777777778 0.1188118811881188
2 0.6701388888888888 0.25 0.0375 0.07425742574257425
2 0.3527777777777778 0.23638613861386137 0.041666666666666664 0.08168316831683169
2 0.31319444444444444 0.19925742574257427 0.04027777777777778 0.07178217821782178
2 0.37222222222222223 0.19925742574257427 0.03888888888888889 0.07673267326732673
2 0.38958333333333334 0.34034653465346537 0.05694444444444444 0.10643564356435643
2 0.07569444444444444 0.5099009900990099 0.09027777777777778 0.1782178217821782
2 0.6104166666666667 0.28589108910891087 0.05416666666666667 0.10148514851485149
2 0.8083333333333333 0.349009900990099 0.05555555555555555 0.10396039603960396
2 0.9388888888888889 0.5297029702970297 0.09166666666666666 0.19306930693069307
2 0.65625 0.20544554455445543 0.04583333333333333 0.07425742574257425
