0 0.11180555555555556 0.3787128712871287 0.0625 0.0891089108910891
2 0.40347222222222223 0.17326732673267325 0.04027777777777778 0.06435643564356436
0 0.058333333333333334 0.3626237623762376 0.06111111111111111 0.11633663366336634
0 0.7152777777777778 0.48267326732673266 0.07777777777777778 0.10396039603960396
0 0.7534722222222222 0.2908415841584158 0.04583333333333333 0.08168316831683169
0 0.10833333333333334 0.29455445544554454 0.05 0.09405940594059406
0 0.39652777777777776 0.24876237623762376 0.05694444444444444 0.06188118811881188
0 0.24722222222222223 0.4839108910891089 0.08888888888888889 0.15099009900990099
0 0.15694444444444444 0.2524752475247525 0.044444444444444446 0.0594059405940594
0 0.5118055555555555 0.18193069306930693 0.034722222222222224 0.05198019801980198
0 0.03263888888888889 0.48267326732673266 0.06527777777777778 0.11386138613861387
0 0.31180555555555556 0.29455445544554454 0.05694444444444444 0.0891089108910891
0 0.5513888888888889 0.3032178217821782 0.06666666666666667 0.07178217821782178
0 0.6756944444444445 0.22524752475247525 0.043055555555555555 0.06930693069306931
0 0.7993055555555556 0.3948019801980198 0.06805555555555555 0.08663366336633663
0 0.7034722222222223 0.26732673267326734 0.04027777777777778 0.054455445544554455
0 0.37222222222222223 0.375 0.08055555555555556 0.11633663366336634
0 0.6013888888888889 0.25742574257425743 0.058333333333333334 0.06435643564356436
0 0.3638888888888889 0.4752475247524752 0.09722222222222222 0.14356435643564355
1 0.3236111111111111 0.2400990099009901 0.06388888888888888 0.08415841584158416
0 0.5784722222222223 0.36014851485148514 0.07083333333333333 0.11138613861386139
0 0.3854166666666667 0.3069306930693069 0.0763888888888889 0.07425742574257425
0 0.51875 0.20668316831683167 0.04861111111111111 0.07178217821782178
0 0.54375 0.2438118811881188 0.059722222222222225 0.07673267326732673
1 0.6118055555555556 0.46782178217821785 0.09861111111111111 0.1485148514851485
0 0.8868055555555555 0.49257425742574257 0.07361111111111111 0.10396039603960396
0 0.6208333333333333 0.30445544554455445 0.058333333333333334 0.06930693069306931
1 0.6576388888888889 0.3589108910891089 0.06805555555555555 0.10891089108910891
2 0.7972222222222223 0.31064356435643564 0.03888888888888889 0.08663366336633663
0 0.2708333333333333 0.3712871287128713 0.07777777777777778 0.10891089108910891
0 0.23333333333333334 0.21658415841584158 0.03888888888888889 0.05693069306930693
0 0.20277777777777778 0.25 0.05 0.06930693069306931
1 0.3597222222222222 0.17326732673267325 0.03888888888888889 0.07425742574257425
0 0.5618055555555556 0.19183168316831684 0.03194444444444444 0.05198019801980198
0 0.16111111111111112 0.30445544554455445 0.058333333333333334 0.06930693069306931
0 0.7215277777777778 0.23886138613861385 0.034722222222222224 0.05693069306930693
0 0.19166666666666668 0.2202970297029703 0.03888888888888889 0.054455445544554455
