0 0.5118055555555555 0.18316831683168316 0.043055555555555555 0.054455445544554455
1 0.3277777777777778 0.2376237623762376 0.04722222222222222 0.07920792079207921
0 0.3680555555555556 0.375 0.08333333333333333 0.12128712871287128
2 0.3611111111111111 0.45544554455445546 0.08611111111111111 0.17326732673267325
0 0.5798611111111112 0.21287128712871287 0.0375 0.06435643564356436
1 0.7194444444444444 0.4777227722772277 0.08055555555555556 0.12376237623762376
0 0.8583333333333333 0.3948019801980198 0.05277777777777778 0.08663366336633663
0 0.15416666666666667 0.30816831683168316 0.06666666666666667 0.07178217821782178
0 0.51875 0.21658415841584158 0.043055555555555555 0.05693069306930693
0 0.38263888888888886 0.30198019801980197 0.0625 0.07920792079207921
0 0.26944444444444443 0.375 0.08055555555555556 0.10643564356435643
1 0.7243055555555555 0.2438118811881188 0.029166666666666667 0.05693069306930693
1 0.7611111111111111 0.2722772277227723 0.03333333333333333 0.0594059405940594
1 0.7006944444444444 0.2623762376237624 0.04027777777777778 0.06930693069306931
0 0.6 0.25866336633663367 0.06111111111111111 0.06188118811881188
1 0.24375 0.47648514851485146 0.09027777777777778 0.16584158415841585
0 0.5506944444444445 0.30198019801980197 0.07083333333333333 0.07425742574257425
0 0.6583333333333333 0.36757425742574257 0.06111111111111111 0.10148514851485149
1 0.7527777777777778 0.30816831683168316 0.044444444444444446 0.08168316831683169
0 0.20833333333333334 0.25495049504950495 0.041666666666666664 0.06435643564356436
0 0.5430555555555555 0.24628712871287128 0.06111111111111111 0.07178217821782178
0 0.11041666666666666 0.37623762376237624 0.06527777777777778 0.0891089108910891
0 0.5576388888888889 0.19183168316831684 0.0375 0.04702970297029703
0 0.3111111111111111 0.2933168316831683 0.06111111111111111 0.08663366336633663
1 0.36041666666666666 0.17945544554455445 0.03194444444444444 0.06188118811881188
0 0.6243055555555556 0.3056930693069307 0.05416666666666667 0.06683168316831684
1 0.3458333333333333 0.20668316831683167 0.044444444444444446 0.06683168316831684
0 0.23333333333333334 0.21658415841584158 0.03888888888888889 0.05693069306930693
0 0.10694444444444444 0.29207920792079206 0.04722222222222222 0.10396039603960396
0 0.5805555555555556 0.3725247524752475 0.08055555555555556 0.09158415841584158
1 0.052083333333333336 0.36633663366336633 0.059722222222222225 0.11386138613861387
1 0.034722222222222224 0.46163366336633666 0.06666666666666667 0.1311881188118812
0 0.1909722222222222 0.21905940594059406 0.0375 0.05198019801980198
0 0.1673611111111111 0.24628712871287128 0.0375 0.07673267326732673
2 0.4013888888888889 0.1806930693069307 0.03888888888888889 0.06930693069306931
0 0.7993055555555556 0.3948019801980198 0.06527777777777778 0.08663366336633663
2 0.7944444444444444 0.3131188118811881 0.041666666666666664 0.08168316831683169
