1 0.11666666666666667 0.3613861386138614 0.058333333333333334 0.10396039603960396
1 0.19305555555555556 0.2079207920792079 0.03888888888888889 0.06930693069306931
1 0.27291666666666664 0.36386138613861385 0.07361111111111111 0.11386138613861387
2 0.36319444444444443 0.3551980198019802 0.0625 0.11633663366336634
1 0.5208333333333334 0.21782178217821782 0.03611111111111111 0.06930693069306931
1 0.3277777777777778 0.2376237623762376 0.044444444444444446 0.07920792079207921
3 0.8534722222222222 0.3886138613861386 0.04583333333333333 0.09405940594059406
1 0.8798611111111111 0.4752475247524752 0.0625 0.11386138613861387
3 0.7111111111111111 0.22524752475247525 0.03888888888888889 0.07425742574257425
1 0.6111111111111112 0.2933168316831683 0.05555555555555555 0.08663366336633663
1 0.6993055555555555 0.2636138613861386 0.04027777777777778 0.06683168316831684
2 0.3680555555555556 0.2871287128712871 0.05277777777777778 0.09900990099009901
3 0.11041666666666666 0.2871287128712871 0.04861111111111111 0.09900990099009901
1 0.06111111111111111 0.3564356435643564 0.05277777777777778 0.12871287128712872
1 0.3625 0.4591584158415842 0.09444444444444444 0.15594059405940594
1 0.6548611111111111 0.3613861386138614 0.07083333333333333 0.11386138613861387
2 0.66875 0.22400990099009901 0.034722222222222224 0.07178217821782178
1 0.5131944444444444 0.1905940594059406 0.03194444444444444 0.04950495049504951
2 0.40347222222222223 0.17945544554455445 0.0375 0.06683168316831684
1 0.39444444444444443 0.24504950495049505 0.044444444444444446 0.07425742574257425
1 0.6118055555555556 0.4752475247524752 0.0875 0.1485148514851485
3 0.5881944444444445 0.2524752475247525 0.043055555555555555 0.07425742574257425
1 0.7951388888888888 0.3131188118811881 0.043055555555555555 0.08663366336633663
3 0.7173611111111111 0.47277227722772275 0.06805555555555555 0.13861386138613863
0 0.7993055555555556 0.3886138613861386 0.0625 0.08415841584158416
3 0.7506944444444444 0.3131188118811881 0.043055555555555555 0.08168316831683169
3 0.03333333333333333 0.46782178217821785 0.06111111111111111 0.13366336633663367
1 0.7555555555555555 0.2660891089108911 0.044444444444444446 0.07673267326732673
3 0.20902777777777778 0.25 0.043055555555555555 0.07425742574257425
2 0.23402777777777778 0.21534653465346534 0.04027777777777778 0.0594059405940594
3 0.1736111111111111 0.28836633663366334 0.044444444444444446 0.09653465346534654
2 0.5770833333333333 0.2141089108910891 0.034722222222222224 0.06683168316831684
3 0.9333333333333333 0.4715346534653465 0.06388888888888888 0.1311881188118812
