1 0.6993055555555555 0.2623762376237624 0.04027777777777778 0.07425742574257425
3 0.39375 0.24504950495049505 0.04583333333333333 0.07425742574257425
3 0.5173611111111112 0.2103960396039604 0.034722222222222224 0.06435643564356436
2 0.5770833333333333 0.2141089108910891 0.03194444444444444 0.06683168316831684
1 0.5569444444444445 0.18935643564356436 0.03333333333333333 0.06188118811881188
1 0.7951388888888888 0.31064356435643564 0.0375 0.08663366336633663
1 0.8006944444444445 0.38613861386138615 0.059722222222222225 0.0891089108910891
3 0.30486111111111114 0.29207920792079206 0.05138888888888889 0.09900990099009901
1 0.3701388888888889 0.2871287128712871 0.05416666666666667 0.0891089108910891
1 0.27291666666666664 0.3650990099009901 0.07361111111111111 0.11138613861386139
0 0.5097222222222222 0.1782178217821782 0.03333333333333333 0.04950495049504951
1 0.3576388888888889 0.45792079207920794 0.09861111111111111 0.15346534653465346
1 0.7111111111111111 0.2301980198019802 0.03333333333333333 0.06930693069306931
1 0.06041666666666667 0.3564356435643564 0.05416666666666667 0.1188118811881188
3 0.8520833333333333 0.39232673267326734 0.04861111111111111 0.09653465346534654
1 0.19305555555555556 0.2103960396039604 0.03611111111111111 0.06435643564356436
3 0.875 0.474009900990099 0.058333333333333334 0.11138613861386139
5 0.32569444444444445 0.17945544554455445 0.0375 0.11633663366336634
1 0.11736111111111111 0.3613861386138614 0.05694444444444444 0.10396039603960396
1 0.16666666666666666 0.2400990099009901 0.041666666666666664 0.07425742574257425
3 0.6541666666666667 0.3613861386138614 0.06944444444444445 0.11386138613861387
3 0.25763888888888886 0.46163366336633666 0.07083333333333333 0.15099009900990099
1 0.6118055555555556 0.4715346534653465 0.0875 0.15594059405940594
3 0.20833333333333334 0.25 0.041666666666666664 0.06930693069306931
1 0.23194444444444445 0.21534653465346534 0.041666666666666664 0.0594059405940594
2 0.9381944444444444 0.48267326732673266 0.0625 0.12871287128712872
3 0.17430555555555555 0.2908415841584158 0.04027777777777778 0.08663366336633663
3 0.6118055555555556 0.2957920792079208 0.04861111111111111 0.08663366336633663
2 0.7180555555555556 0.47277227722772275 0.06944444444444445 0.13861386138613863
1 0.7541666666666667 0.2660891089108911 0.03888888888888889 0.07178217821782178
3 0.11180555555555556 0.28836633663366334 0.04861111111111111 0.10148514851485149
1 0.6694444444444444 0.22153465346534654 0.03611111111111111 0.07178217821782178
1 0.39861111111111114 0.20173267326732675 0.04722222222222222 0.06683168316831684
1 0.5930555555555556 0.24752475247524752 0.044444444444444446 0.07920792079207921
