2 0.5576388888888889 0.1806930693069307 0.034722222222222224 0.06435643564356436
2 0.5347222222222222 0.23638613861386137 0.04722222222222222 0.08168316831683169
2 0.36041666666666666 0.4665841584158416 0.09861111111111111 0.1608910891089109
1 0.8013888888888889 0.37995049504950495 0.05277777777777778 0.09158415841584158
2 0.4041666666666667 0.1782178217821782 0.03611111111111111 0.06435643564356436
2 0.8520833333333333 0.38242574257425743 0.05138888888888889 0.09158415841584158
2 0.7194444444444444 0.4839108910891089 0.06944444444444445 0.11138613861386139
2 0.10972222222222222 0.28589108910891087 0.04722222222222222 0.09653465346534654
1 0.7104166666666667 0.22772277227722773 0.0375 0.06930693069306931
1 0.2520833333333333 0.46782178217821785 0.09027777777777778 0.14356435643564355
1 0.03680555555555556 0.46782178217821785 0.07361111111111111 0.1188118811881188
2 0.3701388888888889 0.28465346534653463 0.05138888888888889 0.09405940594059406
2 0.35625 0.1745049504950495 0.034722222222222224 0.06188118811881188
1 0.5083333333333333 0.17698019801980197 0.030555555555555555 0.06188118811881188
1 0.3090277777777778 0.28589108910891087 0.05416666666666667 0.09158415841584158
2 0.2048611111111111 0.2438118811881188 0.04583333333333333 0.07673267326732673
2 0.1125 0.3613861386138614 0.05277777777777778 0.10891089108910891
1 0.35833333333333334 0.3551980198019802 0.07777777777777778 0.1311881188118812
2 0.5805555555555556 0.35767326732673266 0.058333333333333334 0.11138613861386139
2 0.5763888888888888 0.21163366336633663 0.030555555555555555 0.06188118811881188
1 0.33125 0.24504950495049505 0.05138888888888889 0.06930693069306931
2 0.39652777777777776 0.19183168316831684 0.043055555555555555 0.07673267326732673
2 0.16319444444444445 0.2871287128712871 0.05138888888888889 0.09405940594059406
1 0.6659722222222222 0.22277227722772278 0.034722222222222224 0.06930693069306931
1 0.15486111111111112 0.23886138613861385 0.04027777777777778 0.07178217821782178
1 0.5430555555555555 0.29207920792079206 0.058333333333333334 0.08415841584158416
1 0.9256944444444445 0.45544554455445546 0.059722222222222225 0.13366336633663367
1 0.6979166666666666 0.26113861386138615 0.043055555555555555 0.06188118811881188
2 0.7951388888888888 0.31064356435643564 0.04027777777777778 0.08168316831683169
2 0.2708333333333333 0.3626237623762376 0.06666666666666667 0.11138613861386139
2 0.058333333333333334 0.35767326732673266 0.058333333333333334 0.11138613861386139
2 0.39652777777777776 0.24876237623762376 0.043055555555555555 0.07178217821782178
2 0.5909722222222222 0.24628712871287128 0.04027777777777778 0.07178217821782178
2 0.3590277777777778 0.35396039603960394 0.07916666666666666 0.13861386138613863
1 0.18680555555555556 0.2141089108910891 0.03194444444444444 0.05693069306930693
2 0.23402777777777778 0.21287128712871287 0.043055555555555555 0.06435643564356436
1 0.75 0.2623762376237624 0.03888888888888889 0.06930693069306931
1 0.5152777777777777 0.20544554455445543 0.03888888888888889 0.06930693069306931
2 0.7534722222222222 0.3094059405940594 0.043055555555555555 0.07920792079207921
1 0.3402777777777778 0.2042079207920792 0.04722222222222222 0.06683168316831684
