2 0.3388888888888889 0.2747524752475248 0.05555555555555555 0.10396039603960396
2 0.29583333333333334 0.2376237623762376 0.044444444444444446 0.07425742574257425
2 0.20347222222222222 0.5272277227722773 0.09583333333333334 0.18316831683168316
2 0.7715277777777778 0.2871287128712871 0.05694444444444444 0.10396039603960396
2 0.7118055555555556 0.33292079207920794 0.06805555555555555 0.1311881188118812
2 0.5944444444444444 0.2376237623762376 0.03611111111111111 0.0891089108910891
2 0.3576388888888889 0.2400990099009901 0.04027777777777778 0.0891089108910891
2 0.6715277777777777 0.2524752475247525 0.034722222222222224 0.07425742574257425
2 0.43125 0.24752475247524752 0.04027777777777778 0.07920792079207921
2 0.6479166666666667 0.4282178217821782 0.06527777777777778 0.13861386138613863
2 0.6569444444444444 0.20668316831683167 0.044444444444444446 0.07178217821782178
2 0.1527777777777778 0.4121287128712871 0.06388888888888888 0.14108910891089108
2 0.2222222222222222 0.3353960396039604 0.06666666666666667 0.11138613861386139
2 0.3138888888888889 0.20173267326732675 0.044444444444444446 0.07178217821782178
2 0.43125 0.20173267326732675 0.04583333333333333 0.07673267326732673
2 0.5770833333333333 0.20915841584158415 0.034722222222222224 0.07673267326732673
2 0.3368055555555556 0.5272277227722773 0.07916666666666666 0.16336633663366337
2 0.36041666666666666 0.4207920792079208 0.0875 0.12871287128712872
2 0.69375 0.5420792079207921 0.08194444444444444 0.15841584158415842
2 0.7576388888888889 0.42574257425742573 0.06805555555555555 0.13861386138613863
2 0.9409722222222222 0.5297029702970297 0.09861111111111111 0.18811881188118812
5 0.6243055555555556 0.3118811881188119 0.06805555555555555 0.18811881188118812
2 0.8638888888888889 0.42945544554455445 0.07222222222222222 0.14108910891089108
2 0.2659722222222222 0.275990099009901 0.04861111111111111 0.09653465346534654
2 0.3923611111111111 0.3415841584158416 0.05694444444444444 0.10891089108910891
2 0.2604166666666667 0.41336633663366334 0.07083333333333333 0.13366336633663367
2 0.37222222222222223 0.19925742574257427 0.041666666666666664 0.07673267326732673
2 0.0763888888888889 0.5111386138613861 0.09166666666666666 0.1806930693069307
2 0.3034722222222222 0.35148514851485146 0.05138888888888889 0.09900990099009901
2 0.80625 0.5383663366336634 0.09027777777777778 0.1905940594059406
2 0.4152777777777778 0.275990099009901 0.05277777777777778 0.10643564356435643
2 0.8097222222222222 0.3502475247524752 0.058333333333333334 0.10643564356435643
2 0.7388888888888889 0.23514851485148514 0.04722222222222222 0.0891089108910891
2 0.6875 0.28836633663366334 0.05 0.10148514851485149
2 0.7090277777777778 0.20915841584158415 0.043055555555555555 0.07673267326732673
