2 0.5743055555555555 0.21163366336633663 0.03194444444444444 0.06188118811881188
1 0.3284722222222222 0.24133663366336633 0.05416666666666667 0.08168316831683169
1 0.18819444444444444 0.21287128712871287 0.0375 0.0594059405940594
3 0.3548611111111111 0.46163366336633666 0.08472222222222223 0.1608910891089109
1 0.5375 0.23886138613861385 0.05 0.07673267326732673
1 0.6972222222222222 0.26485148514851486 0.044444444444444446 0.06435643564356436
2 0.10972222222222222 0.28465346534653463 0.04722222222222222 0.09405940594059406
1 0.6694444444444444 0.22153465346534654 0.041666666666666664 0.06683168316831684
2 0.16111111111111112 0.2896039603960396 0.05277777777777778 0.08415841584158416
2 0.23541666666666666 0.21163366336633663 0.043055555555555555 0.06188118811881188
3 0.25069444444444444 0.47029702970297027 0.09583333333333334 0.12376237623762376
2 0.058333333333333334 0.36014851485148514 0.05555555555555555 0.10643564356435643
1 0.7986111111111112 0.31683168316831684 0.04722222222222222 0.07920792079207921
2 0.11458333333333333 0.3626237623762376 0.05694444444444444 0.10643564356435643
1 0.55625 0.1806930693069307 0.034722222222222224 0.06435643564356436
2 0.7520833333333333 0.26732673267326734 0.04027777777777778 0.06930693069306931
2 0.61875 0.2933168316831683 0.04583333333333333 0.08663366336633663
1 0.5090277777777777 0.17698019801980197 0.03194444444444444 0.05693069306930693
1 0.035416666666666666 0.47029702970297027 0.07083333333333333 0.10891089108910891
2 0.7972222222222223 0.3849009900990099 0.06111111111111111 0.10148514851485149
3 0.8486111111111111 0.37376237623762376 0.05277777777777778 0.10396039603960396
1 0.20208333333333334 0.24504950495049505 0.04861111111111111 0.06930693069306931
2 0.30486111111111114 0.2871287128712871 0.04583333333333333 0.0891089108910891
2 0.7506944444444444 0.3118811881188119 0.05138888888888889 0.07920792079207921
2 0.3458333333333333 0.20297029702970298 0.041666666666666664 0.06930693069306931
2 0.5916666666666667 0.24752475247524752 0.044444444444444446 0.06930693069306931
5 0.36736111111111114 0.32673267326732675 0.07083333333333333 0.17326732673267325
2 0.40625 0.17326732673267325 0.034722222222222224 0.0594059405940594
3 0.9215277777777777 0.4715346534653465 0.059722222222222225 0.12128712871287128
1 0.5145833333333333 0.21163366336633663 0.043055555555555555 0.06188118811881188
2 0.3597222222222222 0.17202970297029702 0.03611111111111111 0.06683168316831684
3 0.7166666666666667 0.4801980198019802 0.07777777777777778 0.11386138613861387
2 0.39861111111111114 0.20297029702970298 0.041666666666666664 0.06435643564356436
1 0.15694444444444444 0.2400990099009901 0.044444444444444446 0.07425742574257425
2 0.40069444444444446 0.25 0.043055555555555555 0.06930693069306931
2 0.6090277777777777 0.4628712871287129 0.09305555555555556 0.13861386138613863
2 0.5444444444444444 0.2896039603960396 0.05555555555555555 0.0891089108910891
