2 0.6576388888888889 0.2079207920792079 0.0375 0.07425742574257425
2 0.3388888888888889 0.2747524752475248 0.05555555555555555 0.10396039603960396
2 0.8645833333333334 0.42574257425742573 0.07083333333333333 0.14356435643564355
2 0.2652777777777778 0.2747524752475248 0.04722222222222222 0.09900990099009901
2 0.6868055555555556 0.28589108910891087 0.04583333333333333 0.09653465346534654
5 0.6180555555555556 0.2537128712871287 0.05555555555555555 0.17574257425742573
2 0.8076388888888889 0.5383663366336634 0.0875 0.1905940594059406
2 0.2611111111111111 0.41336633663366334 0.06666666666666667 0.12871287128712872
2 0.7576388888888889 0.4282178217821782 0.06805555555555555 0.13861386138613863
2 0.6708333333333333 0.25 0.03611111111111111 0.06930693069306931
2 0.43125 0.19801980198019803 0.043055555555555555 0.07425742574257425
2 0.7090277777777778 0.20668316831683167 0.04027777777777778 0.07673267326732673
2 0.30416666666666664 0.3502475247524752 0.05 0.09653465346534654
2 0.3576388888888889 0.23886138613861385 0.0375 0.08663366336633663
2 0.7381944444444445 0.23638613861386137 0.04583333333333333 0.09158415841584158
2 0.4305555555555556 0.2438118811881188 0.03888888888888889 0.08168316831683169
2 0.15208333333333332 0.41089108910891087 0.06527777777777778 0.13861386138613863
2 0.9388888888888889 0.530940594059406 0.09166666666666666 0.1905940594059406
2 0.8090277777777778 0.34777227722772275 0.05694444444444444 0.10643564356435643
2 0.41458333333333336 0.27351485148514854 0.04861111111111111 0.10148514851485149
2 0.2222222222222222 0.33044554455445546 0.06666666666666667 0.11138613861386139
2 0.35833333333333334 0.4158415841584158 0.08888888888888889 0.12871287128712872
2 0.29583333333333334 0.23638613861386137 0.044444444444444446 0.07673267326732673
2 0.7118055555555556 0.3341584158415842 0.0625 0.13861386138613863
2 0.31319444444444444 0.2004950495049505 0.043055555555555555 0.07425742574257425
2 0.37083333333333335 0.19925742574257427 0.041666666666666664 0.07673267326732673
2 0.38958333333333334 0.34034653465346537 0.059722222222222225 0.10643564356435643
2 0.6458333333333334 0.4282178217821782 0.06388888888888888 0.12871287128712872
2 0.7722222222222223 0.28465346534653463 0.05555555555555555 0.09900990099009901
2 0.33611111111111114 0.525990099009901 0.07777777777777778 0.16584158415841585
2 0.20416666666666666 0.5247524752475248 0.09166666666666666 0.1782178217821782
2 0.6173611111111111 0.34282178217821785 0.05138888888888889 0.12128712871287128
2 0.07569444444444444 0.5099009900990099 0.09027777777777778 0.1782178217821782
2 0.6951388888888889 0.5433168316831684 0.0763888888888889 0.1608910891089109
2 0.5763888888888888 0.2079207920792079 0.03333333333333333 0.07425742574257425
