2 0.40555555555555556 0.17574257425742573 0.03888888888888889 0.0594059405940594
1 0.3416666666666667 0.2079207920792079 0.044444444444444446 0.06435643564356436
2 0.7118055555555556 0.23391089108910892 0.034722222222222224 0.06188118811881188
5 0.5472222222222223 0.2561881188118812 0.05555555555555555 0.15594059405940594
2 0.6701388888888888 0.22400990099009901 0.0375 0.06188118811881188
2 0.8541666666666666 0.3787128712871287 0.05277777777777778 0.09900990099009901
2 0.16111111111111112 0.28836633663366334 0.04722222222222222 0.09158415841584158
2 0.1111111111111111 0.28465346534653463 0.044444444444444446 0.0891089108910891
2 0.7479166666666667 0.3131188118811881 0.05138888888888889 0.08168316831683169
1 0.6972222222222222 0.2660891089108911 0.041666666666666664 0.07178217821782178
2 0.7513888888888889 0.26732673267326734 0.041666666666666664 0.06930693069306931
2 0.1125 0.36633663366336633 0.05277777777777778 0.10891089108910891
2 0.3625 0.18193069306930693 0.03611111111111111 0.06188118811881188
1 0.5777777777777777 0.36386138613861385 0.06666666666666667 0.10396039603960396
2 0.39861111111111114 0.24752475247524752 0.044444444444444446 0.07425742574257425
2 0.20555555555555555 0.24876237623762376 0.04722222222222222 0.07178217821782178
2 0.36319444444444443 0.46163366336633666 0.09027777777777778 0.15594059405940594
2 0.6166666666666667 0.2908415841584158 0.044444444444444446 0.09158415841584158
1 0.058333333333333334 0.36014851485148514 0.05555555555555555 0.11138613861386139
2 0.5756944444444444 0.2141089108910891 0.029166666666666667 0.06188118811881188
1 0.3680555555555556 0.36386138613861385 0.07777777777777778 0.13366336633663367
3 0.03958333333333333 0.4715346534653465 0.06527777777777778 0.10643564356435643
3 0.27708333333333335 0.36757425742574257 0.0625 0.11633663366336634
3 0.3701388888888889 0.28836633663366334 0.05694444444444444 0.09653465346534654
1 0.5951388888888889 0.24628712871287128 0.04027777777777778 0.07178217821782178
2 0.7965277777777777 0.39232673267326734 0.05694444444444444 0.11138613861386139
2 0.23819444444444443 0.20544554455445543 0.0375 0.06435643564356436
2 0.7930555555555555 0.31435643564356436 0.044444444444444446 0.10396039603960396
0 0.6173611111111111 0.47648514851485146 0.0875 0.14108910891089108
1 0.3333333333333333 0.24257425742574257 0.05 0.07425742574257425
3 0.30416666666666664 0.2933168316831683 0.044444444444444446 0.08168316831683169
3 0.7131944444444445 0.47648514851485146 0.08194444444444444 0.12128712871287128
3 0.24375 0.46163366336633666 0.09027777777777778 0.1311881188118812
2 0.39791666666666664 0.2042079207920792 0.043055555555555555 0.06188118811881188
2 0.5104166666666666 0.1745049504950495 0.034722222222222224 0.05198019801980198
1 0.19444444444444445 0.2079207920792079 0.03611111111111111 0.06435643564356436
