1 0.35625 0.1782178217821782 0.034722222222222224 0.0594059405940594
1 0.5555555555555556 0.1806930693069307 0.03611111111111111 0.06435643564356436
2 0.7472222222222222 0.3094059405940594 0.04722222222222222 0.07920792079207921
2 0.5458333333333333 0.28589108910891087 0.058333333333333334 0.09653465346534654
1 0.33402777777777776 0.2400990099009901 0.05416666666666667 0.07425742574257425
2 0.10972222222222222 0.28465346534653463 0.044444444444444446 0.0891089108910891
1 0.5333333333333333 0.23886138613861385 0.04722222222222222 0.07673267326732673
2 0.3993055555555556 0.24876237623762376 0.043055555555555555 0.07178217821782178
2 0.30486111111111114 0.2896039603960396 0.04583333333333333 0.08415841584158416
2 0.7520833333333333 0.2685643564356436 0.043055555555555555 0.07178217821782178
3 0.7097222222222223 0.4715346534653465 0.08333333333333333 0.11633663366336634
2 0.3597222222222222 0.4715346534653465 0.09444444444444444 0.15594059405940594
1 0.5923611111111111 0.24504950495049505 0.04583333333333333 0.07425742574257425
3 0.8534722222222222 0.375 0.05138888888888889 0.10148514851485149
1 0.6972222222222222 0.2660891089108911 0.03888888888888889 0.07178217821782178
1 0.05763888888888889 0.3589108910891089 0.05694444444444444 0.10891089108910891
3 0.9305555555555556 0.4752475247524752 0.07222222222222222 0.10891089108910891
1 0.19375 0.2079207920792079 0.034722222222222224 0.06435643564356436
3 0.27291666666666664 0.36386138613861385 0.0625 0.11386138613861387
2 0.66875 0.2202970297029703 0.0375 0.06930693069306931
2 0.575 0.21163366336633663 0.030555555555555555 0.06188118811881188
2 0.6145833333333334 0.28836633663366334 0.04583333333333333 0.09158415841584158
2 0.36875 0.28465346534653463 0.05138888888888889 0.09405940594059406
2 0.7111111111111111 0.23267326732673269 0.03333333333333333 0.06435643564356436
2 0.40555555555555556 0.1745049504950495 0.03611111111111111 0.06188118811881188
3 0.03680555555555556 0.46782178217821785 0.06805555555555555 0.10891089108910891
1 0.20347222222222222 0.24752475247524752 0.04861111111111111 0.06930693069306931
2 0.39861111111111114 0.20173267326732675 0.03888888888888889 0.06683168316831684
1 0.5076388888888889 0.17698019801980197 0.029166666666666667 0.05693069306930693
2 0.2375 0.20544554455445543 0.03888888888888889 0.06930693069306931
2 0.7923611111111111 0.31064356435643564 0.04027777777777778 0.08663366336633663
2 0.3645833333333333 0.36014851485148514 0.08194444444444444 0.13613861386138615
2 0.11388888888888889 0.36633663366336633 0.05277777777777778 0.10891089108910891
1 0.5180555555555556 0.2079207920792079 0.041666666666666664 0.06930693069306931
3 0.8631944444444445 0.47648514851485146 0.05694444444444444 0.10148514851485149
1 0.6194444444444445 0.47277227722772275 0.09722222222222222 0.12871287128712872
1 0.3638888888888889 0.36014851485148514 0.08055555555555556 0.13613861386138615
1 0.1597222222222222 0.28589108910891087 0.05 0.09653465346534654
1 0.2513888888888889 0.45173267326732675 0.06388888888888888 0.14603960396039603
