2 0.20555555555555555 0.24628712871287128 0.04722222222222222 0.07178217821782178
2 0.23402777777777778 0.21163366336633663 0.0375 0.06188118811881188
2 0.10972222222222222 0.28465346534653463 0.044444444444444446 0.0891089108910891
1 0.3590277777777778 0.1806930693069307 0.034722222222222224 0.0594059405940594
1 0.5541666666666667 0.1806930693069307 0.03611111111111111 0.06435643564356436
2 0.3993055555555556 0.20173267326732675 0.04027777777777778 0.06683168316831684
2 0.7472222222222222 0.30445544554455445 0.04722222222222222 0.08415841584158416
2 0.058333333333333334 0.36014851485148514 0.05555555555555555 0.10643564356435643
2 0.6555555555555556 0.37004950495049505 0.05277777777777778 0.10643564356435643
2 0.2548611111111111 0.45173267326732675 0.06805555555555555 0.14603960396039603
5 0.6027777777777777 0.4306930693069307 0.08888888888888889 0.19801980198019803
2 0.9104166666666667 0.4603960396039604 0.05694444444444444 0.12376237623762376
2 0.7493055555555556 0.2660891089108911 0.0375 0.06683168316831684
2 0.1597222222222222 0.28589108910891087 0.05277777777777778 0.09653465346534654
2 0.37222222222222223 0.3613861386138614 0.075 0.13366336633663367
1 0.5173611111111112 0.2079207920792079 0.04027777777777778 0.06435643564356436
2 0.11319444444444444 0.36633663366336633 0.05416666666666667 0.10891089108910891
3 0.8513888888888889 0.3811881188118812 0.05 0.09405940594059406
2 0.6680555555555555 0.22153465346534654 0.03888888888888889 0.07178217821782178
2 0.19305555555555556 0.2079207920792079 0.03333333333333333 0.06435643564356436
2 0.30486111111111114 0.28836633663366334 0.04583333333333333 0.09158415841584158
2 0.3701388888888889 0.2871287128712871 0.05138888888888889 0.09405940594059406
2 0.7118055555555556 0.47029702970297027 0.07916666666666666 0.1188118811881188
1 0.5076388888888889 0.17574257425742573 0.029166666666666667 0.0594059405940594
2 0.5743055555555555 0.21287128712871287 0.034722222222222224 0.06435643564356436
3 0.3576388888888889 0.474009900990099 0.09583333333333334 0.14108910891089108
1 0.7972222222222223 0.31435643564356436 0.04722222222222222 0.07920792079207921
1 0.33958333333333335 0.20668316831683167 0.04583333333333333 0.06683168316831684
2 0.40625 0.17326732673267325 0.034722222222222224 0.0594059405940594
2 0.5444444444444444 0.28589108910891087 0.058333333333333334 0.09653465346534654
1 0.275 0.36386138613861385 0.06111111111111111 0.10891089108910891
2 0.7076388888888889 0.22772277227722773 0.034722222222222224 0.06435643564356436
1 0.3368055555555556 0.24133663366336633 0.05138888888888889 0.07178217821782178
2 0.5895833333333333 0.24257425742574257 0.043055555555555555 0.07920792079207921
2 0.39861111111111114 0.24876237623762376 0.044444444444444446 0.07178217821782178
2 0.035416666666666666 0.47029702970297027 0.06805555555555555 0.1188118811881188
1 0.5347222222222222 0.23886138613861385 0.05 0.07673267326732673
1 0.6972222222222222 0.26485148514851486 0.041666666666666664 0.06930693069306931
2 0.6152777777777778 0.2896039603960396 0.04722222222222222 0.09405940594059406
