1 0.34097222222222223 0.20544554455445543 0.04861111111111111 0.06435643564356436
2 0.3701388888888889 0.3650990099009901 0.0763888888888889 0.1311881188118812
2 0.7083333333333334 0.22772277227722773 0.03333333333333333 0.06435643564356436
2 0.5548611111111111 0.18193069306930693 0.0375 0.06683168316831684
1 0.5173611111111112 0.20915841584158415 0.04027777777777778 0.06683168316831684
2 0.3993055555555556 0.20173267326732675 0.04027777777777778 0.06683168316831684
2 0.3972222222222222 0.24876237623762376 0.044444444444444446 0.07178217821782178
2 0.30486111111111114 0.28836633663366334 0.04583333333333333 0.08663366336633663
2 0.16041666666666668 0.28836633663366334 0.04861111111111111 0.09653465346534654
2 0.75 0.2660891089108911 0.041666666666666664 0.06683168316831684
2 0.5736111111111111 0.21163366336633663 0.03333333333333333 0.06188118811881188
2 0.11388888888888889 0.3650990099009901 0.05277777777777778 0.11138613861386139
1 0.7965277777777777 0.31435643564356436 0.04583333333333333 0.07425742574257425
2 0.5888888888888889 0.24257425742574257 0.044444444444444446 0.07920792079207921
1 0.27569444444444446 0.36757425742574257 0.059722222222222225 0.10643564356435643
1 0.3375 0.24133663366336633 0.05 0.07178217821782178
2 0.3423611111111111 0.2042079207920792 0.04861111111111111 0.06683168316831684
2 0.5444444444444444 0.28589108910891087 0.06111111111111111 0.10148514851485149
2 0.9104166666666667 0.46163366336633666 0.05694444444444444 0.11633663366336634
2 0.6590277777777778 0.3688118811881188 0.04861111111111111 0.10396039603960396
2 0.058333333333333334 0.3626237623762376 0.05555555555555555 0.11138613861386139
2 0.03611111111111111 0.46782178217821785 0.06944444444444445 0.11386138613861387
2 0.19305555555555556 0.2079207920792079 0.03333333333333333 0.06435643564356436
2 0.11041666666666666 0.28465346534653463 0.043055555555555555 0.0891089108910891
2 0.7479166666666667 0.3069306930693069 0.04861111111111111 0.08415841584158416
2 0.7111111111111111 0.47029702970297027 0.08055555555555556 0.1188118811881188
1 0.2534722222222222 0.4467821782178218 0.07083333333333333 0.15099009900990099
2 0.23333333333333334 0.21163366336633663 0.03611111111111111 0.06188118811881188
2 0.6694444444444444 0.22277227722772278 0.03888888888888889 0.06930693069306931
2 0.40625 0.17326732673267325 0.034722222222222224 0.0594059405940594
1 0.5340277777777778 0.24133663366336633 0.04861111111111111 0.07673267326732673
1 0.5069444444444444 0.17698019801980197 0.027777777777777776 0.05693069306930693
5 0.6125 0.42698019801980197 0.08333333333333333 0.1905940594059406
2 0.6152777777777778 0.28836633663366334 0.044444444444444446 0.09158415841584158
2 0.7944444444444444 0.38242574257425743 0.058333333333333334 0.09653465346534654
1 0.3590277777777778 0.18193069306930693 0.034722222222222224 0.05693069306930693
3 0.8534722222222222 0.3787128712871287 0.05138888888888889 0.09900990099009901
2 0.27569444444444446 0.36633663366336633 0.059722222222222225 0.10891089108910891
2 0.3701388888888889 0.28836633663366334 0.05138888888888889 0.09653465346534654
1 0.6972222222222222 0.26485148514851486 0.041666666666666664 0.06930693069306931
2 0.3590277777777778 0.46782178217821785 0.09027777777777778 0.13861386138613863
2 0.20625 0.24752475247524752 0.04583333333333333 0.06930693069306931
