2 0.058333333333333334 0.3551980198019802 0.05555555555555555 0.11633663366336634
2 0.6006944444444444 0.47277227722772275 0.09861111111111111 0.14356435643564355
2 0.7125 0.47029702970297027 0.08055555555555556 0.11386138613861387
2 0.7979166666666667 0.3094059405940594 0.04583333333333333 0.08415841584158416
0 0.5923611111111111 0.25 0.04861111111111111 0.06435643564356436
2 0.20625 0.24628712871287128 0.04861111111111111 0.07178217821782178
1 0.66875 0.2202970297029703 0.0375 0.06930693069306931
1 0.6986111111111111 0.26113861386138615 0.041666666666666664 0.06683168316831684
1 0.5784722222222223 0.2141089108910891 0.034722222222222224 0.05693069306930693
0 0.8777777777777778 0.47648514851485146 0.06111111111111111 0.10148514851485149
2 0.23402777777777778 0.2103960396039604 0.0375 0.06435643564356436
2 0.7090277777777778 0.2301980198019802 0.034722222222222224 0.06435643564356436
2 0.40625 0.1745049504950495 0.034722222222222224 0.06188118811881188
2 0.7472222222222222 0.3069306930693069 0.05 0.08415841584158416
1 0.3611111111111111 0.1806930693069307 0.030555555555555555 0.0594059405940594
2 0.1111111111111111 0.2834158415841584 0.044444444444444446 0.09158415841584158
1 0.5576388888888889 0.18193069306930693 0.0375 0.06188118811881188
2 0.7979166666666667 0.38242574257425743 0.059722222222222225 0.09653465346534654
2 0.65625 0.3688118811881188 0.05416666666666667 0.10396039603960396
2 0.19305555555555556 0.20668316831683167 0.03333333333333333 0.06188118811881188
1 0.3333333333333333 0.2400990099009901 0.04722222222222222 0.06930693069306931
2 0.3638888888888889 0.2908415841584158 0.05 0.10148514851485149
1 0.5076388888888889 0.17574257425742573 0.029166666666666667 0.0594059405940594
2 0.7506944444444444 0.2685643564356436 0.04027777777777778 0.06683168316831684
2 0.11458333333333333 0.36633663366336633 0.05138888888888889 0.11386138613861387
2 0.1625 0.2896039603960396 0.04722222222222222 0.0891089108910891
2 0.34791666666666665 0.45792079207920794 0.08472222222222223 0.16831683168316833
2 0.27569444444444446 0.36633663366336633 0.059722222222222225 0.1188118811881188
2 0.39791666666666664 0.20297029702970298 0.04027777777777778 0.06435643564356436
2 0.39652777777777776 0.24752475247524752 0.04861111111111111 0.06930693069306931
2 0.8555555555555555 0.3886138613861386 0.05 0.08415841584158416
1 0.34375 0.20544554455445543 0.04583333333333333 0.06930693069306931
1 0.51875 0.2103960396039604 0.043055555555555555 0.06435643564356436
2 0.25625 0.4591584158415842 0.06527777777777778 0.14603960396039603
2 0.5756944444444444 0.36014851485148514 0.06805555555555555 0.11138613861386139
2 0.30486111111111114 0.28836633663366334 0.043055555555555555 0.08663366336633663
2 0.035416666666666666 0.47277227722772275 0.06805555555555555 0.1188118811881188
2 0.6138888888888889 0.28836633663366334 0.04722222222222222 0.09158415841584158
