2 0.6138888888888889 0.297029702970297 0.04722222222222222 0.08415841584158416
2 0.5347222222222222 0.23638613861386137 0.04722222222222222 0.07673267326732673
2 0.7465277777777778 0.2660891089108911 0.0375 0.06683168316831684
2 0.5555555555555556 0.18316831683168316 0.03333333333333333 0.06930693069306931
2 0.7472222222222222 0.30445544554455445 0.05 0.08415841584158416
2 0.275 0.35767326732673266 0.058333333333333334 0.12623762376237624
2 0.7979166666666667 0.38242574257425743 0.05416666666666667 0.09158415841584158
1 0.6986111111111111 0.2636138613861386 0.03888888888888889 0.07178217821782178
2 0.39791666666666664 0.25123762376237624 0.04583333333333333 0.07178217821782178
2 0.36180555555555555 0.2871287128712871 0.04861111111111111 0.09405940594059406
1 0.16319444444444445 0.29207920792079206 0.04861111111111111 0.07920792079207921
2 0.18819444444444444 0.20668316831683167 0.04027777777777778 0.06683168316831684
2 0.5916666666666667 0.2400990099009901 0.04722222222222222 0.08415841584158416
2 0.8548611111111111 0.38985148514851486 0.05138888888888889 0.08663366336633663
1 0.5083333333333333 0.17574257425742573 0.030555555555555555 0.0594059405940594
2 0.23333333333333334 0.20915841584158415 0.03888888888888889 0.06188118811881188
2 0.35833333333333334 0.1782178217821782 0.03611111111111111 0.0594059405940594
2 0.6131944444444445 0.46782178217821785 0.08194444444444444 0.1485148514851485
2 0.65625 0.3712871287128713 0.05694444444444444 0.10396039603960396
1 0.5152777777777777 0.2079207920792079 0.041666666666666664 0.06930693069306931
2 0.4 0.19925742574257427 0.041666666666666664 0.07178217821782178
2 0.9236111111111112 0.46410891089108913 0.058333333333333334 0.12128712871287128
1 0.3402777777777778 0.2079207920792079 0.04722222222222222 0.0594059405940594
2 0.1125 0.3688118811881188 0.05277777777777778 0.10891089108910891
2 0.5756944444444444 0.36014851485148514 0.0625 0.11138613861386139
2 0.3527777777777778 0.46410891089108913 0.10277777777777777 0.1608910891089109
3 0.7125 0.879950495049505 0.15 0.2400990099009901
1 0.66875 0.22277227722772278 0.0375 0.0594059405940594
2 0.3055555555555556 0.28836633663366334 0.041666666666666664 0.08663366336633663
2 0.5451388888888888 0.28836633663366334 0.05694444444444444 0.09158415841584158
1 0.7131944444444445 0.2301980198019802 0.0375 0.06930693069306931
2 0.059722222222222225 0.3502475247524752 0.05 0.12623762376237624
2 0.20208333333333334 0.24133663366336633 0.04861111111111111 0.07673267326732673
1 0.15347222222222223 0.2524752475247525 0.0375 0.0594059405940594
2 0.8743055555555556 0.46905940594059403 0.059722222222222225 0.11138613861386139
1 0.3375 0.2400990099009901 0.04722222222222222 0.07425742574257425
2 0.25763888888888886 0.4542079207920792 0.06527777777777778 0.14603960396039603
2 0.10972222222222222 0.28465346534653463 0.044444444444444446 0.09405940594059406
2 0.5736111111111111 0.21163366336633663 0.030555555555555555 0.06683168316831684
2 0.3611111111111111 0.3626237623762376 0.075 0.1311881188118812
2 0.7118055555555556 0.4752475247524752 0.07361111111111111 0.11386138613861387
2 0.034722222222222224 0.47029702970297027 0.06944444444444445 0.1188118811881188
2 0.7951388888888888 0.3131188118811881 0.04027777777777778 0.08168316831683169
