2 0.29583333333333334 0.2376237623762376 0.044444444444444446 0.07425742574257425
2 0.6152777777777778 0.28589108910891087 0.05277777777777778 0.10148514851485149
2 0.3368055555555556 0.5222772277227723 0.08194444444444444 0.16336633663366337
2 0.6020833333333333 0.23638613861386137 0.04027777777777778 0.08663366336633663
2 0.2604166666666667 0.41336633663366334 0.06805555555555555 0.12871287128712872
2 0.6708333333333333 0.25 0.03611111111111111 0.07425742574257425
2 0.35694444444444445 0.23638613861386137 0.03611111111111111 0.08663366336633663
2 0.30277777777777776 0.3502475247524752 0.05 0.09653465346534654
2 0.7375 0.23638613861386137 0.04722222222222222 0.09158415841584158
2 0.43125 0.24504950495049505 0.0375 0.07920792079207921
2 0.8631944444444445 0.42698019801980197 0.07083333333333333 0.14108910891089108
2 0.3375 0.27722772277227725 0.058333333333333334 0.10891089108910891
2 0.20625 0.5272277227722773 0.09027777777777778 0.1782178217821782
2 0.7090277777777778 0.20668316831683167 0.04027777777777778 0.07673267326732673
2 0.43125 0.19925742574257427 0.04583333333333333 0.07673267326732673
2 0.41458333333333336 0.27351485148514854 0.04861111111111111 0.10148514851485149
2 0.7576388888888889 0.42698019801980197 0.06805555555555555 0.13613861386138615
2 0.6569444444444444 0.2042079207920792 0.041666666666666664 0.07178217821782178
2 0.22361111111111112 0.33044554455445546 0.06666666666666667 0.11138613861386139
2 0.9395833333333333 0.5321782178217822 0.09027777777777778 0.18316831683168316
2 0.3125 0.2004950495049505 0.044444444444444446 0.07425742574257425
2 0.8083333333333333 0.34777227722772275 0.05555555555555555 0.10643564356435643
2 0.6166666666666667 0.34777227722772275 0.05277777777777778 0.11633663366336634
5 0.5854166666666667 0.1745049504950495 0.043055555555555555 0.12623762376237624
2 0.37083333333333335 0.19925742574257427 0.041666666666666664 0.07673267326732673
2 0.7111111111111111 0.33663366336633666 0.06111111111111111 0.12376237623762376
2 0.1527777777777778 0.40965346534653463 0.06666666666666667 0.14108910891089108
2 0.7722222222222223 0.28465346534653463 0.05555555555555555 0.09900990099009901
2 0.07569444444444444 0.5099009900990099 0.09027777777777778 0.1782178217821782
2 0.39166666666666666 0.34034653465346537 0.05555555555555555 0.10643564356435643
2 0.6479166666666667 0.4282178217821782 0.0625 0.12871287128712872
2 0.6868055555555556 0.28836633663366334 0.04861111111111111 0.10148514851485149
2 0.6944444444444444 0.5445544554455446 0.075 0.15841584158415842
2 0.2659722222222222 0.27722772277227725 0.04861111111111111 0.09405940594059406
2 0.8069444444444445 0.5396039603960396 0.08611111111111111 0.18811881188118812
2 0.35833333333333334 0.4158415841584158 0.08888888888888889 0.12376237623762376
