4 0.7097222222222223 0.20915841584158415 0.044444444444444446 0.11138613861386139
2 0.3993055555555556 0.24876237623762376 0.0375 0.07178217821782178
4 0.79375 0.38366336633663367 0.04861111111111111 0.09405940594059406
2 0.3590277777777778 0.46782178217821785 0.08194444444444444 0.1485148514851485
2 0.8513888888888889 0.38985148514851486 0.05 0.08663366336633663
2 0.36180555555555555 0.3626237623762376 0.08472222222222223 0.14603960396039603
2 0.8020833333333334 0.31064356435643564 0.05138888888888889 0.09158415841584158
4 0.5944444444444444 0.4121287128712871 0.06944444444444445 0.25
2 0.5777777777777777 0.20915841584158415 0.03333333333333333 0.06683168316831684
1 0.7444444444444445 0.3056930693069307 0.05277777777777778 0.08168316831683169
1 0.7527777777777778 0.2660891089108911 0.04722222222222222 0.07178217821782178
2 0.11180555555555556 0.2871287128712871 0.043055555555555555 0.0891089108910891
1 0.6979166666666666 0.2660891089108911 0.04027777777777778 0.06188118811881188
4 0.25 0.42698019801980197 0.08888888888888889 0.19554455445544555
2 0.3034722222222222 0.28589108910891087 0.04583333333333333 0.09158415841584158
2 0.5902777777777778 0.25123762376237624 0.041666666666666664 0.06683168316831684
4 0.5222222222222223 0.17698019801980197 0.041666666666666664 0.12623762376237624
2 0.8770833333333333 0.474009900990099 0.05416666666666667 0.10643564356435643
2 0.2375 0.20668316831683167 0.03611111111111111 0.07178217821782178
2 0.2076388888888889 0.24876237623762376 0.04583333333333333 0.06683168316831684
2 0.9236111111111112 0.46905940594059403 0.06111111111111111 0.11633663366336634
4 0.06111111111111111 0.31683168316831684 0.05277777777777778 0.17326732673267325
2 0.6152777777777778 0.28836633663366334 0.044444444444444446 0.09158415841584158
2 0.3638888888888889 0.16955445544554457 0.03333333333333333 0.06683168316831684
2 0.40069444444444446 0.19925742574257427 0.04027777777777778 0.07178217821782178
2 0.19305555555555556 0.2079207920792079 0.03611111111111111 0.06435643564356436
2 0.28194444444444444 0.3527227722772277 0.06388888888888888 0.12128712871287128
2 0.11736111111111111 0.35767326732673266 0.05138888888888889 0.11138613861386139
2 0.65625 0.3626237623762376 0.059722222222222225 0.11633663366336634
