1 0.6993055555555555 0.2636138613861386 0.043055555555555555 0.07178217821782178
2 0.16458333333333333 0.28589108910891087 0.05138888888888889 0.09653465346534654
2 0.3625 0.17326732673267325 0.03333333333333333 0.06435643564356436
2 0.06041666666666667 0.3613861386138614 0.05416666666666667 0.11386138613861387
2 0.35555555555555557 0.46782178217821785 0.09166666666666666 0.1485148514851485
2 0.7041666666666667 0.46905940594059403 0.058333333333333334 0.11138613861386139
2 0.7097222222222223 0.22153465346534654 0.03611111111111111 0.07673267326732673
2 0.5770833333333333 0.2103960396039604 0.03194444444444444 0.06435643564356436
2 0.8506944444444444 0.3886138613861386 0.04861111111111111 0.0891089108910891
2 0.7506944444444444 0.26485148514851486 0.04027777777777778 0.06930693069306931
1 0.19305555555555556 0.2079207920792079 0.03333333333333333 0.0594059405940594
2 0.27708333333333335 0.35767326732673266 0.059722222222222225 0.11138613861386139
3 0.8756944444444444 0.47029702970297027 0.05138888888888889 0.10396039603960396
2 0.6159722222222223 0.28836633663366334 0.043055555555555555 0.09158415841584158
2 0.6520833333333333 0.3613861386138614 0.05138888888888889 0.10891089108910891
2 0.2361111111111111 0.21163366336633663 0.03611111111111111 0.06188118811881188
2 0.20555555555555555 0.2400990099009901 0.04722222222222222 0.08415841584158416
0 0.06041666666666667 0.47277227722772275 0.10694444444444444 0.13366336633663367
1 0.5576388888888889 0.1844059405940594 0.034722222222222224 0.06188118811881188
2 0.5916666666666667 0.2438118811881188 0.044444444444444446 0.08168316831683169
2 0.36041666666666666 0.3626237623762376 0.08472222222222223 0.14108910891089108
1 0.39652777777777776 0.20297029702970298 0.043055555555555555 0.06435643564356436
1 0.3111111111111111 0.28465346534653463 0.044444444444444446 0.0891089108910891
2 0.11458333333333333 0.28589108910891087 0.04861111111111111 0.09158415841584158
2 0.39444444444444443 0.24628712871287128 0.044444444444444446 0.07178217821782178
1 0.5166666666666667 0.21534653465346534 0.041666666666666664 0.07425742574257425
2 0.7486111111111111 0.3069306930693069 0.05277777777777778 0.07920792079207921
2 0.11666666666666667 0.3527227722772277 0.058333333333333334 0.11633663366336634
2 0.9243055555555556 0.4715346534653465 0.05694444444444444 0.1311881188118812
2 0.6090277777777777 0.4542079207920792 0.09583333333333334 0.15099009900990099
2 0.37083333333333335 0.28465346534653463 0.058333333333333334 0.09900990099009901
1 0.5118055555555555 0.1782178217821782 0.034722222222222224 0.0594059405940594
2 0.6694444444444444 0.22400990099009901 0.03888888888888889 0.06683168316831684
1 0.5277777777777778 0.23267326732673269 0.05277777777777778 0.09900990099009901
