2 0.34305555555555556 0.20544554455445543 0.05 0.06930693069306931
1 0.6159722222222223 0.4715346534653465 0.08194444444444444 0.14108910891089108
2 0.16875 0.2896039603960396 0.04861111111111111 0.0891089108910891
2 0.40208333333333335 0.2524752475247525 0.043055555555555555 0.06930693069306931
2 0.5784722222222223 0.36014851485148514 0.06527777777777778 0.11633663366336634
2 0.034722222222222224 0.46534653465346537 0.06388888888888888 0.12871287128712872
2 0.5430555555555555 0.2896039603960396 0.05555555555555555 0.0891089108910891
2 0.6979166666666666 0.26485148514851486 0.043055555555555555 0.06930693069306931
2 0.3576388888888889 0.46782178217821785 0.09305555555555556 0.16336633663366337
2 0.6694444444444444 0.22153465346534654 0.03888888888888889 0.06683168316831684
2 0.11597222222222223 0.3551980198019802 0.05416666666666667 0.11633663366336634
5 0.8680555555555556 0.3564356435643564 0.05555555555555555 0.14356435643564355
1 0.15763888888888888 0.24257425742574257 0.04027777777777778 0.07425742574257425
2 0.7083333333333334 0.474009900990099 0.06388888888888888 0.11138613861386139
2 0.3972222222222222 0.19925742574257427 0.041666666666666664 0.07178217821782178
2 0.20416666666666666 0.2438118811881188 0.05 0.08663366336633663
2 0.7958333333333333 0.3886138613861386 0.05277777777777778 0.08415841584158416
2 0.74375 0.3118811881188119 0.05138888888888889 0.08415841584158416
2 0.30625 0.2871287128712871 0.04583333333333333 0.08415841584158416
2 0.3506944444444444 0.3564356435643564 0.06527777777777778 0.13366336633663367
2 0.25555555555555554 0.4566831683168317 0.06666666666666667 0.15099009900990099
2 0.5402777777777777 0.2376237623762376 0.044444444444444446 0.0891089108910891
1 0.5180555555555556 0.2103960396039604 0.03888888888888889 0.06930693069306931
2 0.06111111111111111 0.3613861386138614 0.05 0.10891089108910891
2 0.7979166666666667 0.3180693069306931 0.043055555555555555 0.08168316831683169
2 0.5986111111111111 0.2438118811881188 0.04722222222222222 0.08663366336633663
2 0.19236111111111112 0.2103960396039604 0.034722222222222224 0.06435643564356436
2 0.37222222222222223 0.2834158415841584 0.05555555555555555 0.11138613861386139
2 0.5736111111111111 0.2141089108910891 0.030555555555555555 0.06683168316831684
2 0.7131944444444445 0.22896039603960397 0.0375 0.06683168316831684
2 0.1111111111111111 0.28465346534653463 0.04722222222222222 0.09405940594059406
2 0.6152777777777778 0.28836633663366334 0.044444444444444446 0.09653465346534654
2 0.36319444444444443 0.1782178217821782 0.029166666666666667 0.0594059405940594
2 0.7486111111111111 0.26732673267326734 0.03888888888888889 0.06930693069306931
2 0.28055555555555556 0.3626237623762376 0.06111111111111111 0.11633663366336634
1 0.5097222222222222 0.1782178217821782 0.030555555555555555 0.0594059405940594
2 0.8666666666666667 0.47277227722772275 0.06388888888888888 0.10396039603960396
2 0.3333333333333333 0.2438118811881188 0.04722222222222222 0.07178217821782178
2 0.2361111111111111 0.21287128712871287 0.03611111111111111 0.0594059405940594
2 0.6576388888888889 0.3613861386138614 0.05416666666666667 0.11386138613861387
2 0.9229166666666667 0.46782178217821785 0.05694444444444444 0.11386138613861387
