2 0.5895833333333333 0.24504950495049505 0.043055555555555555 0.07920792079207921
2 0.5444444444444444 0.28836633663366334 0.058333333333333334 0.10148514851485149
2 0.5722222222222222 0.35767326732673266 0.058333333333333334 0.11138613861386139
2 0.36944444444444446 0.28465346534653463 0.05555555555555555 0.10396039603960396
2 0.034722222222222224 0.46534653465346537 0.05555555555555555 0.13366336633663367
2 0.11666666666666667 0.3626237623762376 0.05555555555555555 0.11138613861386139
2 0.7048611111111112 0.2698019801980198 0.04583333333333333 0.06930693069306931
2 0.86875 0.47277227722772275 0.05416666666666667 0.12376237623762376
2 0.25416666666666665 0.4603960396039604 0.075 0.1485148514851485
2 0.3993055555555556 0.19925742574257427 0.043055555555555555 0.06683168316831684
2 0.7125 0.2264851485148515 0.03888888888888889 0.07178217821782178
2 0.9298611111111111 0.48267326732673266 0.05694444444444444 0.1188118811881188
2 0.3972222222222222 0.24504950495049505 0.044444444444444446 0.07920792079207921
4 0.7881944444444444 0.297029702970297 0.05416666666666667 0.10396039603960396
2 0.5159722222222223 0.20915841584158415 0.04027777777777778 0.07178217821782178
2 0.7104166666666667 0.4752475247524752 0.06527777777777778 0.1188118811881188
2 0.6493055555555556 0.36386138613861385 0.05416666666666667 0.10891089108910891
4 0.3597222222222222 0.4282178217821782 0.10833333333333334 0.22277227722772278
4 0.6236111111111111 0.42326732673267325 0.08055555555555556 0.26732673267326734
2 0.66875 0.2202970297029703 0.034722222222222224 0.06435643564356436
2 0.6152777777777778 0.28836633663366334 0.044444444444444446 0.09653465346534654
2 0.1076388888888889 0.28589108910891087 0.04583333333333333 0.09653465346534654
1 0.30694444444444446 0.29207920792079206 0.04722222222222222 0.0891089108910891
2 0.2048611111111111 0.2400990099009901 0.04861111111111111 0.07920792079207921
4 0.7986111111111112 0.3849009900990099 0.05277777777777778 0.09653465346534654
2 0.5590277777777778 0.1806930693069307 0.034722222222222224 0.06435643564356436
2 0.5680555555555555 0.2141089108910891 0.027777777777777776 0.06188118811881188
1 0.275 0.3688118811881188 0.06111111111111111 0.1188118811881188
2 0.06180555555555556 0.36386138613861385 0.05138888888888889 0.12376237623762376
2 0.19305555555555556 0.2079207920792079 0.03611111111111111 0.06435643564356436
2 0.7451388888888889 0.3069306930693069 0.05138888888888889 0.08415841584158416
2 0.23333333333333334 0.2141089108910891 0.03611111111111111 0.06188118811881188
2 0.5381944444444444 0.24257425742574257 0.04861111111111111 0.08415841584158416
2 0.3347222222222222 0.2376237623762376 0.044444444444444446 0.07425742574257425
2 0.8506944444444444 0.3849009900990099 0.04861111111111111 0.08168316831683169
