2 0.3958333333333333 0.24504950495049505 0.044444444444444446 0.07920792079207921
2 0.85 0.3849009900990099 0.05277777777777778 0.08663366336633663
2 0.33611111111111114 0.23886138613861385 0.041666666666666664 0.07673267326732673
2 0.7951388888888888 0.38366336633663367 0.04583333333333333 0.09900990099009901
2 0.5888888888888889 0.24504950495049505 0.041666666666666664 0.07425742574257425
2 0.6166666666666667 0.28836633663366334 0.044444444444444446 0.09158415841584158
2 0.41041666666666665 0.16955445544554457 0.03194444444444444 0.06683168316831684
2 0.03125 0.4665841584158416 0.059722222222222225 0.1311881188118812
2 0.2326388888888889 0.21163366336633663 0.0375 0.06188118811881188
2 0.25416666666666665 0.4591584158415842 0.07222222222222222 0.14603960396039603
2 0.7513888888888889 0.2623762376237624 0.03888888888888889 0.06435643564356436
2 0.1909722222222222 0.20668316831683167 0.0375 0.06683168316831684
1 0.5347222222222222 0.2400990099009901 0.044444444444444446 0.07920792079207921
2 0.3055555555555556 0.2896039603960396 0.05 0.09405940594059406
2 0.6180555555555556 0.4665841584158416 0.09444444444444444 0.16584158415841585
5 0.35694444444444445 0.4282178217821782 0.08611111111111111 0.2079207920792079
1 0.15833333333333333 0.2438118811881188 0.03888888888888889 0.06683168316831684
2 0.3680555555555556 0.2784653465346535 0.05277777777777778 0.09653465346534654
2 0.5555555555555556 0.1844059405940594 0.03611111111111111 0.07178217821782178
2 0.7118055555555556 0.22896039603960397 0.04027777777777778 0.07178217821782178
2 0.7930555555555555 0.3069306930693069 0.041666666666666664 0.08415841584158416
2 0.16597222222222222 0.28836633663366334 0.04861111111111111 0.09158415841584158
2 0.06111111111111111 0.3613861386138614 0.05 0.1188118811881188
2 0.8666666666666667 0.46410891089108913 0.06666666666666667 0.12128712871287128
2 0.11666666666666667 0.3589108910891089 0.05555555555555555 0.10396039603960396
2 0.575 0.35767326732673266 0.058333333333333334 0.11138613861386139
2 0.10833333333333334 0.2871287128712871 0.04722222222222222 0.09405940594059406
1 0.5111111111111111 0.18193069306930693 0.03333333333333333 0.06683168316831684
2 0.6694444444444444 0.22277227722772278 0.03611111111111111 0.06930693069306931
2 0.65 0.36386138613861385 0.05277777777777778 0.10891089108910891
2 0.5701388888888889 0.21163366336633663 0.029166666666666667 0.06683168316831684
2 0.27361111111111114 0.37004950495049505 0.06388888888888888 0.12128712871287128
2 0.93125 0.48514851485148514 0.05694444444444444 0.11386138613861387
1 0.5125 0.20544554455445543 0.03611111111111111 0.06930693069306931
2 0.7034722222222223 0.27103960396039606 0.043055555555555555 0.07178217821782178
2 0.5444444444444444 0.28589108910891087 0.058333333333333334 0.09653465346534654
2 0.20347222222222222 0.23886138613861385 0.04583333333333333 0.08168316831683169
2 0.4 0.19801980198019803 0.03888888888888889 0.07425742574257425
1 0.7444444444444445 0.30074257425742573 0.05 0.08168316831683169
