2 0.7118055555555556 0.4752475247524752 0.07083333333333333 0.1188118811881188
2 0.66875 0.22400990099009901 0.034722222222222224 0.06188118811881188
2 0.39861111111111114 0.24752475247524752 0.04722222222222222 0.07425742574257425
2 0.5652777777777778 0.2103960396039604 0.027777777777777776 0.0594059405940594
2 0.7965277777777777 0.38242574257425743 0.04583333333333333 0.09653465346534654
2 0.8770833333333333 0.4752475247524752 0.059722222222222225 0.10396039603960396
2 0.06041666666666667 0.3613861386138614 0.05138888888888889 0.1188118811881188
1 0.5083333333333333 0.17698019801980197 0.030555555555555555 0.05693069306930693
2 0.2048611111111111 0.24133663366336633 0.04583333333333333 0.07673267326732673
2 0.9243055555555556 0.474009900990099 0.05694444444444444 0.12128712871287128
2 0.36666666666666664 0.28465346534653463 0.05 0.09900990099009901
2 0.2569444444444444 0.45792079207920794 0.075 0.1485148514851485
2 0.6263888888888889 0.4628712871287129 0.08333333333333333 0.15346534653465346
2 0.5902777777777778 0.2400990099009901 0.044444444444444446 0.08415841584158416
2 0.3527777777777778 0.46905940594059403 0.1 0.1806930693069307
2 0.10833333333333334 0.2871287128712871 0.04722222222222222 0.09405940594059406
1 0.7034722222222223 0.27103960396039606 0.04583333333333333 0.06683168316831684
2 0.23194444444444445 0.21287128712871287 0.03611111111111111 0.0594059405940594
2 0.36527777777777776 0.1707920792079208 0.030555555555555555 0.06435643564356436
1 0.03194444444444444 0.4665841584158416 0.06111111111111111 0.1311881188118812
2 0.35 0.2004950495049505 0.03888888888888889 0.07425742574257425
2 0.7125 0.23267326732673269 0.03611111111111111 0.06435643564356436
2 0.3638888888888889 0.36014851485148514 0.075 0.13613861386138615
2 0.7513888888888889 0.2660891089108911 0.03888888888888889 0.07178217821782178
4 0.16875 0.2685643564356436 0.04861111111111111 0.12128712871287128
2 0.275 0.36633663366336633 0.06388888888888888 0.11386138613861387
2 0.7458333333333333 0.3056930693069307 0.04722222222222222 0.08168316831683169
2 0.11805555555555555 0.3589108910891089 0.05 0.10396039603960396
2 0.5569444444444445 0.1844059405940594 0.030555555555555555 0.06188118811881188
2 0.8506944444444444 0.38366336633663367 0.05138888888888889 0.08415841584158416
2 0.1909722222222222 0.20668316831683167 0.034722222222222224 0.06683168316831684
2 0.3215277777777778 0.23143564356435645 0.05138888888888889 0.08168316831683169
2 0.39861111111111114 0.1967821782178218 0.03888888888888889 0.07178217821782178
2 0.3076388888888889 0.2871287128712871 0.05138888888888889 0.09405940594059406
2 0.40208333333333335 0.17202970297029702 0.0375 0.06188118811881188
1 0.5166666666666667 0.20297029702970298 0.041666666666666664 0.06930693069306931
2 0.5458333333333333 0.2871287128712871 0.058333333333333334 0.09405940594059406
2 0.6152777777777778 0.29207920792079206 0.04722222222222222 0.09405940594059406
2 0.5743055555555555 0.3613861386138614 0.059722222222222225 0.10891089108910891
2 0.7916666666666666 0.3056930693069307 0.041666666666666664 0.08168316831683169
1 0.5368055555555555 0.23886138613861385 0.043055555555555555 0.07673267326732673
2 0.6486111111111111 0.3589108910891089 0.05277777777777778 0.10891089108910891
