2 0.16805555555555557 0.2908415841584158 0.04722222222222222 0.09653465346534654
2 0.5923611111111111 0.24133663366336633 0.04583333333333333 0.08663366336633663
1 0.15902777777777777 0.24133663366336633 0.0375 0.07673267326732673
2 0.23194444444444445 0.2141089108910891 0.03611111111111111 0.06188118811881188
2 0.5458333333333333 0.28836633663366334 0.06111111111111111 0.10148514851485149
2 0.3215277777777778 0.23391089108910892 0.05416666666666667 0.08168316831683169
2 0.30833333333333335 0.2896039603960396 0.05277777777777778 0.0891089108910891
2 0.7513888888888889 0.26732673267326734 0.041666666666666664 0.06930693069306931
1 0.5083333333333333 0.1782178217821782 0.027777777777777776 0.0594059405940594
1 0.7111111111111111 0.474009900990099 0.07222222222222222 0.12128712871287128
1 0.51875 0.2079207920792079 0.04027777777777778 0.06930693069306931
2 0.39861111111111114 0.24876237623762376 0.04722222222222222 0.07673267326732673
2 0.35138888888888886 0.20173267326732675 0.03888888888888889 0.07673267326732673
2 0.11875 0.3613861386138614 0.05138888888888889 0.10396039603960396
2 0.9243055555555556 0.47648514851485146 0.05694444444444444 0.12128712871287128
2 0.27569444444444446 0.36633663366336633 0.05694444444444444 0.11386138613861387
2 0.55625 0.18316831683168316 0.029166666666666667 0.0594059405940594
2 0.25972222222222224 0.45544554455445546 0.07222222222222222 0.14356435643564355
2 0.6694444444444444 0.22524752475247525 0.03611111111111111 0.06435643564356436
2 0.7930555555555555 0.38985148514851486 0.05555555555555555 0.09158415841584158
2 0.3548611111111111 0.47277227722772275 0.10138888888888889 0.18316831683168316
3 0.6215277777777778 0.474009900990099 0.10694444444444444 0.15594059405940594
2 0.3993055555555556 0.19925742574257427 0.0375 0.07178217821782178
2 0.7125 0.2301980198019802 0.03888888888888889 0.06435643564356436
2 0.7444444444444445 0.3069306930693069 0.04722222222222222 0.07920792079207921
2 0.5701388888888889 0.21287128712871287 0.03194444444444444 0.06435643564356436
2 0.6493055555555556 0.3626237623762376 0.05138888888888889 0.11138613861386139
2 0.7895833333333333 0.30816831683168316 0.04027777777777778 0.08168316831683169
2 0.3625 0.36014851485148514 0.07777777777777778 0.13613861386138615
2 0.36527777777777776 0.28465346534653463 0.04722222222222222 0.09900990099009901
2 0.8506944444444444 0.3849009900990099 0.05138888888888889 0.08168316831683169
2 0.8798611111111111 0.4752475247524752 0.04861111111111111 0.10396039603960396
2 0.10902777777777778 0.28465346534653463 0.04861111111111111 0.09900990099009901
2 0.1909722222222222 0.20668316831683167 0.034722222222222224 0.06683168316831684
2 0.5743055555555555 0.3650990099009901 0.059722222222222225 0.10148514851485149
2 0.06111111111111111 0.36386138613861385 0.05277777777777778 0.12376237623762376
2 0.20416666666666666 0.24504950495049505 0.05 0.07920792079207921
1 0.5361111111111111 0.2400990099009901 0.05 0.07920792079207921
2 0.37083333333333335 0.1745049504950495 0.03333333333333333 0.06188118811881188
2 0.03194444444444444 0.4628712871287129 0.06111111111111111 0.13861386138613863
2 0.6152777777777778 0.29455445544554454 0.04722222222222222 0.09405940594059406
1 0.7041666666666667 0.27103960396039606 0.044444444444444446 0.07178217821782178
