2 0.2361111111111111 0.20297029702970298 0.03611111111111111 0.06930693069306931
2 0.3736111111111111 0.2834158415841584 0.058333333333333334 0.09653465346534654
2 0.2791666666666667 0.35148514851485146 0.05555555555555555 0.1188118811881188
1 0.1638888888888889 0.28836633663366334 0.04722222222222222 0.08663366336633663
1 0.5097222222222222 0.1806930693069307 0.03333333333333333 0.06435643564356436
2 0.40069444444444446 0.24133663366336633 0.04027777777777778 0.08168316831683169
2 0.7125 0.22524752475247525 0.03888888888888889 0.06930693069306931
2 0.7027777777777777 0.2685643564356436 0.044444444444444446 0.07178217821782178
2 0.40069444444444446 0.19554455445544555 0.04027777777777778 0.07425742574257425
4 0.10972222222222222 0.3415841584158416 0.06666666666666667 0.14356435643564355
2 0.36041666666666666 0.45544554455445546 0.09027777777777778 0.15346534653465346
5 0.059027777777777776 0.34777227722772275 0.04861111111111111 0.1311881188118812
2 0.7923611111111111 0.3811881188118812 0.04583333333333333 0.09900990099009901
4 0.8493055555555555 0.349009900990099 0.05416666666666667 0.13861386138613863
2 0.38263888888888886 0.34777227722772275 0.08194444444444444 0.12623762376237624
2 0.19722222222222222 0.1967821782178218 0.03611111111111111 0.07178217821782178
2 0.6208333333333333 0.46163366336633666 0.08611111111111111 0.14108910891089108
2 0.11527777777777778 0.27970297029702973 0.03888888888888889 0.10396039603960396
2 0.5770833333333333 0.35396039603960394 0.059722222222222225 0.1188118811881188
5 0.7145833333333333 0.4467821782178218 0.07916666666666666 0.1707920792079208
2 0.5715277777777777 0.2103960396039604 0.034722222222222224 0.08415841584158416
2 0.7916666666666666 0.30445544554455445 0.044444444444444446 0.0891089108910891
2 0.2611111111111111 0.452970297029703 0.07222222222222222 0.1485148514851485
2 0.32430555555555557 0.22896039603960397 0.04861111111111111 0.08663366336633663
2 0.21388888888888888 0.23886138613861385 0.03611111111111111 0.08168316831683169
2 0.6034722222222222 0.23886138613861385 0.05416666666666667 0.08663366336633663
2 0.6673611111111111 0.22277227722772278 0.0375 0.06930693069306931
2 0.6159722222222223 0.28836633663366334 0.04861111111111111 0.09653465346534654
2 0.35208333333333336 0.19801980198019803 0.04027777777777778 0.07425742574257425
4 0.30486111111111114 0.2784653465346535 0.0625 0.10643564356435643
2 0.7409722222222223 0.30198019801980197 0.0625 0.08415841584158416
2 0.7458333333333333 0.26113861386138615 0.03611111111111111 0.06683168316831684
2 0.9208333333333333 0.46782178217821785 0.05555555555555555 0.12871287128712872
2 0.6625 0.3650990099009901 0.05277777777777778 0.10643564356435643
