1 0.5104166666666666 0.1782178217821782 0.03194444444444444 0.0594059405940594
2 0.11666666666666667 0.3551980198019802 0.05555555555555555 0.12128712871287128
2 0.7430555555555556 0.2636138613861386 0.041666666666666664 0.07178217821782178
2 0.7944444444444444 0.38242574257425743 0.04722222222222222 0.10148514851485149
1 0.05694444444444444 0.36633663366336633 0.058333333333333334 0.12376237623762376
2 0.56875 0.20544554455445543 0.034722222222222224 0.07425742574257425
2 0.8513888888888889 0.3774752475247525 0.04722222222222222 0.09653465346534654
2 0.5472222222222223 0.28094059405940597 0.058333333333333334 0.10148514851485149
2 0.3576388888888889 0.19925742574257427 0.03194444444444444 0.06683168316831684
2 0.40347222222222223 0.1967821782178218 0.0375 0.07178217821782178
1 0.6694444444444444 0.22277227722772278 0.03888888888888889 0.06930693069306931
1 0.70625 0.275990099009901 0.043055555555555555 0.05693069306930693
2 0.7090277777777778 0.22524752475247525 0.04027777777777778 0.0594059405940594
2 0.36875 0.27970297029702973 0.04861111111111111 0.09405940594059406
1 0.25833333333333336 0.45792079207920794 0.06944444444444445 0.1485148514851485
2 0.3090277777777778 0.28589108910891087 0.04861111111111111 0.10148514851485149
4 0.7875 0.2933168316831683 0.04722222222222222 0.12128712871287128
2 0.11319444444444444 0.27970297029702973 0.04583333333333333 0.09900990099009901
2 0.7444444444444445 0.30198019801980197 0.04722222222222222 0.0891089108910891
2 0.5375 0.23886138613861385 0.044444444444444446 0.07673267326732673
1 0.3597222222222222 0.4566831683168317 0.09166666666666666 0.16584158415841585
2 0.21041666666666667 0.2400990099009901 0.043055555555555555 0.08415841584158416
2 0.5166666666666667 0.20668316831683167 0.03611111111111111 0.07178217821782178
2 0.6618055555555555 0.3650990099009901 0.05416666666666667 0.11633663366336634
2 0.33125 0.23267326732673269 0.04861111111111111 0.08415841584158416
2 0.19791666666666666 0.19801980198019803 0.02638888888888889 0.06930693069306931
2 0.8597222222222223 0.4752475247524752 0.06666666666666667 0.12871287128712872
1 0.16527777777777777 0.29207920792079206 0.05 0.08415841584158416
2 0.3951388888888889 0.2400990099009901 0.043055555555555555 0.08415841584158416
2 0.61875 0.2908415841584158 0.043055555555555555 0.09653465346534654
2 0.2777777777777778 0.3551980198019802 0.058333333333333334 0.13613861386138615
2 0.5763888888888888 0.35767326732673266 0.058333333333333334 0.11138613861386139
2 0.175 0.23391089108910892 0.041666666666666664 0.08663366336633663
2 0.5534722222222223 0.17945544554455445 0.029166666666666667 0.06188118811881188
2 0.6208333333333333 0.4665841584158416 0.08611111111111111 0.13613861386138615
2 0.375 0.34777227722772275 0.06944444444444445 0.1311881188118812
2 0.9097222222222222 0.46410891089108913 0.05 0.13613861386138615
1 0.034027777777777775 0.46163366336633666 0.0625 0.1311881188118812
2 0.7125 0.44925742574257427 0.07777777777777778 0.17574257425742573
2 0.5986111111111111 0.2438118811881188 0.044444444444444446 0.08663366336633663
2 0.2361111111111111 0.2042079207920792 0.03888888888888889 0.06683168316831684
