2 0.6159722222222223 0.2908415841584158 0.04583333333333333 0.10643564356435643
2 0.7104166666666667 0.47648514851485146 0.09027777777777778 0.13613861386138615
2 0.35625 0.20173267326732675 0.034722222222222224 0.07178217821782178
2 0.11736111111111111 0.3564356435643564 0.05416666666666667 0.1188118811881188
2 0.85 0.34777227722772275 0.05555555555555555 0.15594059405940594
1 0.16597222222222222 0.29207920792079206 0.04861111111111111 0.08415841584158416
1 0.16805555555555557 0.23514851485148514 0.04722222222222222 0.08415841584158416
2 0.33125 0.24133663366336633 0.04583333333333333 0.07673267326732673
2 0.6326388888888889 0.4628712871287129 0.059722222222222225 0.14356435643564355
2 0.3590277777777778 0.4591584158415842 0.09027777777777778 0.1608910891089109
2 0.4 0.23638613861386137 0.044444444444444446 0.08663366336633663
2 0.2375 0.20544554455445543 0.03333333333333333 0.06930693069306931
2 0.2569444444444444 0.46163366336633666 0.07222222222222222 0.14603960396039603
2 0.5729166666666666 0.20915841584158415 0.029166666666666667 0.08168316831683169
4 0.03680555555555556 0.4121287128712871 0.07083333333333333 0.25
2 0.21388888888888888 0.2400990099009901 0.03333333333333333 0.07920792079207921
2 0.7486111111111111 0.2623762376237624 0.044444444444444446 0.06435643564356436
2 0.19583333333333333 0.20297029702970298 0.030555555555555555 0.07425742574257425
2 0.5986111111111111 0.2400990099009901 0.044444444444444446 0.08415841584158416
2 0.30833333333333335 0.2871287128712871 0.05 0.09900990099009901
2 0.5486111111111112 0.18564356435643564 0.025 0.07425742574257425
1 0.7034722222222223 0.2685643564356436 0.04027777777777778 0.07178217821782178
4 0.1111111111111111 0.2636138613861386 0.05 0.13613861386138615
4 0.3763888888888889 0.34405940594059403 0.07222222222222222 0.15346534653465346
2 0.5763888888888888 0.35767326732673266 0.06111111111111111 0.11138613861386139
