1 0.5881944444444445 0.24876237623762376 0.05138888888888889 0.07178217821782178
1 0.16597222222222222 0.2896039603960396 0.04583333333333333 0.08415841584158416
4 0.39166666666666666 0.2722772277227723 0.05555555555555555 0.12871287128712872
2 0.6694444444444444 0.22400990099009901 0.03611111111111111 0.06683168316831684
2 0.9194444444444444 0.46905940594059403 0.06388888888888888 0.1311881188118812
4 0.5680555555555555 0.18811881188118812 0.044444444444444446 0.10891089108910891
4 0.7979166666666667 0.37995049504950495 0.04583333333333333 0.10148514851485149
2 0.8611111111111112 0.4715346534653465 0.05555555555555555 0.12128712871287128
4 0.6381944444444444 0.422029702970297 0.07083333333333333 0.21534653465346534
4 0.06041666666666667 0.3292079207920792 0.06805555555555555 0.16831683168316833
4 0.12013888888888889 0.32054455445544555 0.05416666666666667 0.17574257425742573
2 0.6979166666666666 0.25866336633663367 0.043055555555555555 0.07673267326732673
2 0.7118055555555556 0.2202970297029703 0.034722222222222224 0.06930693069306931
4 0.5743055555555555 0.34529702970297027 0.07361111111111111 0.1311881188118812
2 0.8458333333333333 0.3787128712871287 0.05 0.09900990099009901
4 0.66875 0.32054455445544555 0.05416666666666667 0.1806930693069307
4 0.36180555555555555 0.44183168316831684 0.10138888888888889 0.1806930693069307
4 0.24583333333333332 0.46410891089108913 0.08333333333333333 0.14603960396039603
2 0.6173611111111111 0.2896039603960396 0.04583333333333333 0.09405940594059406
2 0.23402777777777778 0.20915841584158415 0.0375 0.06188118811881188
2 0.7159722222222222 0.4752475247524752 0.07361111111111111 0.12376237623762376
2 0.27708333333333335 0.36014851485148514 0.059722222222222225 0.12128712871287128
2 0.74375 0.2623762376237624 0.04583333333333333 0.07920792079207921
4 0.40555555555555556 0.15222772277227722 0.05 0.09653465346534654
2 0.30972222222222223 0.2871287128712871 0.044444444444444446 0.09900990099009901
2 0.1638888888888889 0.23143564356435645 0.03333333333333333 0.07673267326732673
2 0.19444444444444445 0.19925742574257427 0.03611111111111111 0.06683168316831684
2 0.1986111111111111 0.24133663366336633 0.04722222222222222 0.07673267326732673
2 0.40208333333333335 0.1943069306930693 0.0375 0.07178217821782178
2 0.5375 0.24257425742574257 0.044444444444444446 0.06930693069306931
4 0.5118055555555555 0.17326732673267325 0.0375 0.1188118811881188
