2 0.40347222222222223 0.19306930693069307 0.0375 0.07920792079207921
4 0.56875 0.34529702970297027 0.08472222222222223 0.14108910891089108
4 0.6569444444444444 0.3316831683168317 0.07222222222222222 0.17326732673267325
4 0.25 0.4665841584158416 0.08888888888888889 0.14603960396039603
2 0.6243055555555556 0.297029702970297 0.04861111111111111 0.08415841584158416
4 0.6388888888888888 0.44554455445544555 0.07777777777777778 0.1782178217821782
2 0.7465277777777778 0.2636138613861386 0.05138888888888889 0.08168316831683169
2 0.19444444444444445 0.20297029702970298 0.03333333333333333 0.06435643564356436
2 0.5368055555555555 0.2400990099009901 0.043055555555555555 0.07425742574257425
2 0.7972222222222223 0.3787128712871287 0.05 0.09900990099009901
4 0.3645833333333333 0.4306930693069307 0.09583333333333334 0.22277227722772278
2 0.8506944444444444 0.3650990099009901 0.04861111111111111 0.10643564356435643
2 0.16319444444444445 0.23267326732673269 0.03194444444444444 0.07920792079207921
4 0.3590277777777778 0.3292079207920792 0.07916666666666666 0.1782178217821782
4 0.40347222222222223 0.16336633663366337 0.04861111111111111 0.1188118811881188
2 0.19930555555555557 0.24133663366336633 0.04583333333333333 0.07673267326732673
2 0.6972222222222222 0.2599009900990099 0.044444444444444446 0.07425742574257425
2 0.6673611111111111 0.22400990099009901 0.0375 0.06683168316831684
2 0.3958333333333333 0.24257425742574257 0.044444444444444446 0.08415841584158416
2 0.9208333333333333 0.47029702970297027 0.06388888888888888 0.13366336633663367
2 0.5722222222222222 0.20297029702970298 0.03333333333333333 0.07425742574257425
2 0.3736111111111111 0.2871287128712871 0.058333333333333334 0.10891089108910891
2 0.16527777777777777 0.2908415841584158 0.05 0.08663366336633663
2 0.54375 0.28589108910891087 0.0625 0.09158415841584158
4 0.06388888888888888 0.32301980198019803 0.05277777777777778 0.1905940594059406
2 0.27152777777777776 0.3564356435643564 0.059722222222222225 0.12376237623762376
2 0.23472222222222222 0.2103960396039604 0.03611111111111111 0.0594059405940594
1 0.5895833333333333 0.24876237623762376 0.05138888888888889 0.07673267326732673
2 0.7111111111111111 0.22153465346534654 0.030555555555555555 0.07178217821782178
