2 0.19375 0.20544554455445543 0.0375 0.06435643564356436
2 0.5125 0.1806930693069307 0.030555555555555555 0.0594059405940594
2 0.66875 0.22400990099009901 0.0375 0.07178217821782178
2 0.6951388888888889 0.25866336633663367 0.0375 0.07178217821782178
2 0.8 0.3811881188118812 0.04722222222222222 0.09900990099009901
2 0.11597222222222223 0.3564356435643564 0.05694444444444444 0.11386138613861387
2 0.5722222222222222 0.20668316831683167 0.03333333333333333 0.07178217821782178
2 0.1638888888888889 0.23267326732673269 0.030555555555555555 0.08415841584158416
5 0.3527777777777778 0.4319306930693069 0.08611111111111111 0.2103960396039604
2 0.575 0.36014851485148514 0.06388888888888888 0.11138613861386139
2 0.40208333333333335 0.24257425742574257 0.043055555555555555 0.07920792079207921
2 0.23472222222222222 0.2103960396039604 0.03888888888888889 0.0594059405940594
2 0.7423611111111111 0.31064356435643564 0.04583333333333333 0.07673267326732673
2 0.9215277777777777 0.47277227722772275 0.0625 0.13366336633663367
4 0.06111111111111111 0.33292079207920794 0.058333333333333334 0.1905940594059406
2 0.37083333333333335 0.28465346534653463 0.05 0.10396039603960396
2 0.16875 0.29455445544554454 0.04583333333333333 0.08415841584158416
2 0.2 0.24257425742574257 0.04722222222222222 0.07425742574257425
2 0.7972222222222223 0.3056930693069307 0.041666666666666664 0.08663366336633663
2 0.7125 0.22400990099009901 0.03611111111111111 0.07673267326732673
2 0.54375 0.2908415841584158 0.059722222222222225 0.09653465346534654
2 0.2763888888888889 0.3589108910891089 0.06111111111111111 0.12376237623762376
2 0.7152777777777778 0.46782178217821785 0.06944444444444445 0.12871287128712872
2 0.3506944444444444 0.17326732673267325 0.04027777777777778 0.06435643564356436
2 0.6576388888888889 0.36014851485148514 0.05694444444444444 0.11138613861386139
2 0.7409722222222223 0.2623762376237624 0.04861111111111111 0.07425742574257425
2 0.5534722222222223 0.18316831683168316 0.029166666666666667 0.06435643564356436
2 0.10972222222222222 0.28589108910891087 0.041666666666666664 0.09158415841584158
2 0.5930555555555556 0.25123762376237624 0.05 0.07673267326732673
2 0.30833333333333335 0.29207920792079206 0.044444444444444446 0.09900990099009901
2 0.2534722222222222 0.4665841584158416 0.06805555555555555 0.14108910891089108
2 0.6277777777777778 0.46534653465346537 0.08333333333333333 0.1485148514851485
2 0.5180555555555556 0.2079207920792079 0.03333333333333333 0.06930693069306931
2 0.3993055555555556 0.19554455445544555 0.043055555555555555 0.07920792079207921
2 0.8493055555555555 0.3811881188118812 0.04583333333333333 0.0891089108910891
2 0.35208333333333336 0.2042079207920792 0.04861111111111111 0.07178217821782178
1 0.3375 0.2400990099009901 0.04722222222222222 0.06930693069306931
2 0.6243055555555556 0.297029702970297 0.05138888888888889 0.08415841584158416
2 0.034722222222222224 0.46534653465346537 0.06944444444444445 0.13366336633663367
2 0.5361111111111111 0.2438118811881188 0.044444444444444446 0.07673267326732673
