2 0.1125 0.28217821782178215 0.044444444444444446 0.09405940594059406
2 0.35555555555555557 0.4715346534653465 0.1 0.17574257425742573
2 0.3090277777777778 0.2871287128712871 0.05138888888888889 0.09900990099009901
2 0.9229166666666667 0.47277227722772275 0.05694444444444444 0.13366336633663367
1 0.5090277777777777 0.17698019801980197 0.029166666666666667 0.05693069306930693
2 0.39861111111111114 0.19554455445544555 0.041666666666666664 0.06930693069306931
2 0.19583333333333333 0.19925742574257427 0.03611111111111111 0.07178217821782178
1 0.5569444444444445 0.17945544554455445 0.03333333333333333 0.06188118811881188
2 0.8756944444444444 0.4839108910891089 0.0625 0.11633663366336634
2 0.11458333333333333 0.3527227722772277 0.05694444444444444 0.12623762376237624
2 0.25555555555555554 0.46163366336633666 0.07222222222222222 0.14108910891089108
4 0.7916666666666666 0.29207920792079206 0.05 0.11386138613861387
4 0.6486111111111111 0.3180693069306931 0.06111111111111111 0.1806930693069307
2 0.7993055555555556 0.3811881188118812 0.04583333333333333 0.09405940594059406
2 0.6194444444444445 0.2957920792079208 0.04722222222222222 0.09653465346534654
2 0.2701388888888889 0.3551980198019802 0.05694444444444444 0.12623762376237624
2 0.6680555555555555 0.22524752475247525 0.03888888888888889 0.06435643564356436
2 0.7111111111111111 0.22277227722772278 0.03611111111111111 0.06930693069306931
2 0.8451388888888889 0.3811881188118812 0.04583333333333333 0.0891089108910891
2 0.6270833333333333 0.46905940594059403 0.09305555555555556 0.14603960396039603
2 0.39444444444444443 0.23514851485148514 0.04722222222222222 0.07920792079207921
2 0.5430555555555555 0.28217821782178215 0.05555555555555555 0.10396039603960396
2 0.7076388888888889 0.47277227722772275 0.07083333333333333 0.10891089108910891
2 0.1638888888888889 0.23391089108910892 0.044444444444444446 0.08168316831683169
2 0.7020833333333333 0.2599009900990099 0.043055555555555555 0.06930693069306931
1 0.5993055555555555 0.25123762376237624 0.04027777777777778 0.07178217821782178
2 0.3590277777777778 0.3589108910891089 0.07916666666666666 0.12376237623762376
2 0.33194444444444443 0.23514851485148514 0.044444444444444446 0.07920792079207921
2 0.5854166666666667 0.20668316831683167 0.043055555555555555 0.07178217821782178
1 0.5131944444444444 0.19306930693069307 0.034722222222222224 0.06930693069306931
2 0.2326388888888889 0.21163366336633663 0.034722222222222224 0.06188118811881188
2 0.7409722222222223 0.26485148514851486 0.043055555555555555 0.06930693069306931
2 0.2013888888888889 0.24752475247524752 0.041666666666666664 0.06435643564356436
2 0.5770833333333333 0.3626237623762376 0.059722222222222225 0.10148514851485149
2 0.35555555555555557 0.2042079207920792 0.03611111111111111 0.06683168316831684
2 0.058333333333333334 0.3626237623762376 0.05277777777777778 0.12623762376237624
2 0.0375 0.46410891089108913 0.06944444444444445 0.1311881188118812
