2 0.7104166666666667 0.22524752475247525 0.029166666666666667 0.06930693069306931
3 0.24583333333333332 0.4504950495049505 0.07777777777777778 0.15841584158415842
2 0.4083333333333333 0.16584158415841585 0.03333333333333333 0.054455445544554455
2 0.35625 0.35767326732673266 0.08194444444444444 0.12623762376237624
2 0.27291666666666664 0.3589108910891089 0.059722222222222225 0.10891089108910891
2 0.23472222222222222 0.2042079207920792 0.03611111111111111 0.06683168316831684
1 0.3055555555555556 0.29207920792079206 0.04722222222222222 0.09405940594059406
1 0.5090277777777777 0.1782178217821782 0.02638888888888889 0.0594059405940594
2 0.19444444444444445 0.20297029702970298 0.030555555555555555 0.06930693069306931
1 0.3451388888888889 0.19925742574257427 0.04861111111111111 0.07673267326732673
2 0.7333333333333333 0.25866336633663367 0.03888888888888889 0.07178217821782178
2 0.9201388888888888 0.47277227722772275 0.05694444444444444 0.11386138613861387
2 0.20833333333333334 0.24133663366336633 0.041666666666666664 0.08168316831683169
2 0.8 0.37995049504950495 0.04722222222222222 0.09158415841584158
1 0.31527777777777777 0.24628712871287128 0.04722222222222222 0.07178217821782178
1 0.55625 0.18316831683168316 0.0375 0.06930693069306931
2 0.36944444444444446 0.16955445544554457 0.03333333333333333 0.06683168316831684
2 0.11041666666666666 0.28465346534653463 0.043055555555555555 0.09405940594059406
2 0.11597222222222223 0.35767326732673266 0.05416666666666667 0.12128712871287128
2 0.4 0.1967821782178218 0.044444444444444446 0.07178217821782178
2 0.36527777777777776 0.28465346534653463 0.06111111111111111 0.09900990099009901
2 0.6215277777777778 0.30074257425742573 0.043055555555555555 0.07673267326732673
4 0.8513888888888889 0.3712871287128713 0.05 0.10396039603960396
2 0.3958333333333333 0.24257425742574257 0.044444444444444446 0.07920792079207921
2 0.5298611111111111 0.23514851485148514 0.043055555555555555 0.07425742574257425
5 0.1673611111111111 0.25742574257425743 0.05416666666666667 0.14356435643564355
2 0.36527777777777776 0.46905940594059403 0.09166666666666666 0.19554455445544555
2 0.6680555555555555 0.21905940594059406 0.041666666666666664 0.07178217821782178
1 0.7944444444444444 0.31435643564356436 0.041666666666666664 0.07920792079207921
2 0.7097222222222223 0.47029702970297027 0.06111111111111111 0.12376237623762376
2 0.6972222222222222 0.25866336633663367 0.03888888888888889 0.07178217821782178
2 0.5743055555555555 0.35767326732673266 0.0625 0.10643564356435643
2 0.5993055555555555 0.24628712871287128 0.04583333333333333 0.08168316831683169
2 0.034027777777777775 0.46782178217821785 0.06527777777777778 0.13366336633663367
2 0.5840277777777778 0.20544554455445543 0.04027777777777778 0.07425742574257425
2 0.05416666666666667 0.36386138613861385 0.05555555555555555 0.12376237623762376
2 0.5381944444444444 0.2834158415841584 0.05694444444444444 0.09653465346534654
1 0.5159722222222223 0.20544554455445543 0.034722222222222224 0.06435643564356436
