4 0.5763888888888888 0.3341584158415842 0.06666666666666667 0.15346534653465346
4 0.4013888888888889 0.15346534653465346 0.04722222222222222 0.09900990099009901
2 0.8472222222222222 0.37623762376237624 0.05 0.09900990099009901
2 0.7979166666666667 0.3811881188118812 0.04583333333333333 0.09900990099009901
2 0.3784722222222222 0.2834158415841584 0.04861111111111111 0.10148514851485149
4 0.6319444444444444 0.2747524752475248 0.05 0.19306930693069307
4 0.7034722222222223 0.19306930693069307 0.03194444444444444 0.1188118811881188
4 0.05625 0.4282178217821782 0.05694444444444444 0.18316831683168316
4 0.16458333333333333 0.2537128712871287 0.04861111111111111 0.15594059405940594
2 0.19791666666666666 0.2042079207920792 0.03194444444444444 0.06188118811881188
2 0.2611111111111111 0.3551980198019802 0.06666666666666667 0.11633663366336634
4 0.35833333333333334 0.32301980198019803 0.075 0.16584158415841585
4 0.5076388888888889 0.1707920792079208 0.0375 0.11386138613861387
2 0.8715277777777778 0.474009900990099 0.059722222222222225 0.12128712871287128
4 0.3506944444444444 0.4628712871287129 0.09027777777777778 0.17326732673267325
2 0.2076388888888889 0.24752475247524752 0.043055555555555555 0.07425742574257425
2 0.11875 0.35396039603960394 0.05138888888888889 0.1188118811881188
2 0.23472222222222222 0.20544554455445543 0.03888888888888889 0.06930693069306931
4 0.7159722222222222 0.42574257425742573 0.0625 0.21782178217821782
4 0.11597222222222223 0.24752475247524752 0.0375 0.15346534653465346
2 0.3972222222222222 0.19801980198019803 0.041666666666666664 0.07920792079207921
4 0.7381944444444445 0.2722772277227723 0.043055555555555555 0.14356435643564355
4 0.7763888888888889 0.2933168316831683 0.04722222222222222 0.10643564356435643
2 0.05416666666666667 0.3589108910891089 0.05277777777777778 0.10396039603960396
2 0.9243055555555556 0.4715346534653465 0.05416666666666667 0.12128712871287128
2 0.3972222222222222 0.23886138613861385 0.03888888888888889 0.07673267326732673
4 0.6465277777777778 0.41336633663366334 0.06527777777777778 0.22772277227722773
4 0.5409722222222222 0.24876237623762376 0.05416666666666667 0.16584158415841585
2 0.6680555555555555 0.21782178217821782 0.03333333333333333 0.06930693069306931
4 0.2375 0.4628712871287129 0.07777777777777778 0.1485148514851485
