2 0.6131944444444445 0.28589108910891087 0.05138888888888889 0.10148514851485149
2 0.3034722222222222 0.34777227722772275 0.05138888888888889 0.09653465346534654
2 0.3375 0.525990099009901 0.075 0.16584158415841585
2 0.8083333333333333 0.3465346534653465 0.05277777777777778 0.09900990099009901
2 0.42777777777777776 0.24504950495049505 0.03611111111111111 0.07920792079207921
2 0.7381944444444445 0.23514851485148514 0.04583333333333333 0.0891089108910891
2 0.22013888888888888 0.3316831683168317 0.059722222222222225 0.11386138613861387
2 0.5993055555555555 0.2400990099009901 0.04027777777777778 0.0891089108910891
2 0.15347222222222223 0.4158415841584158 0.06805555555555555 0.13366336633663367
2 0.8652777777777778 0.4319306930693069 0.06666666666666667 0.13613861386138615
2 0.5777777777777777 0.20544554455445543 0.03611111111111111 0.07425742574257425
2 0.6451388888888889 0.4282178217821782 0.06527777777777778 0.12871287128712872
2 0.6555555555555556 0.2079207920792079 0.041666666666666664 0.06930693069306931
2 0.3902777777777778 0.33910891089108913 0.05555555555555555 0.10396039603960396
2 0.6881944444444444 0.29207920792079206 0.04583333333333333 0.09405940594059406
5 0.9576388888888889 0.4665841584158416 0.07916666666666666 0.29455445544554454
2 0.07708333333333334 0.5111386138613861 0.09027777777777778 0.17574257425742573
2 0.6909722222222222 0.5383663366336634 0.0763888888888889 0.16584158415841585
2 0.3368055555555556 0.275990099009901 0.05416666666666667 0.10148514851485149
2 0.29375 0.2400990099009901 0.043055555555555555 0.07920792079207921
2 0.6701388888888888 0.25123762376237624 0.0375 0.07178217821782178
2 0.36180555555555555 0.4146039603960396 0.07083333333333333 0.12128712871287128
2 0.2638888888888889 0.275990099009901 0.04722222222222222 0.09158415841584158
2 0.7715277777777778 0.28589108910891087 0.05138888888888889 0.10148514851485149
2 0.43194444444444446 0.19801980198019803 0.044444444444444446 0.07425742574257425
2 0.20416666666666666 0.5136138613861386 0.09444444444444444 0.1905940594059406
2 0.8055555555555556 0.5396039603960396 0.08611111111111111 0.18811881188118812
2 0.3701388888888889 0.19801980198019803 0.043055555555555555 0.07920792079207921
2 0.7083333333333334 0.21163366336633663 0.03888888888888889 0.07178217821782178
2 0.41597222222222224 0.275990099009901 0.04861111111111111 0.09158415841584158
2 0.2625 0.4121287128712871 0.06388888888888888 0.1311881188118812
2 0.3145833333333333 0.2004950495049505 0.04027777777777778 0.06930693069306931
2 0.3590277777777778 0.2376237623762376 0.0375 0.08415841584158416
2 0.75625 0.42945544554455445 0.06805555555555555 0.13613861386138615
2 0.7138888888888889 0.33292079207920794 0.06111111111111111 0.1311881188118812
2 0.6145833333333334 0.3465346534653465 0.04861111111111111 0.11386138613861387
