1 0.5111111111111111 0.17945544554455445 0.030555555555555555 0.05693069306930693
2 0.1125 0.28217821782178215 0.044444444444444446 0.09405940594059406
2 0.37430555555555556 0.28836633663366334 0.05138888888888889 0.10643564356435643
4 0.30486111111111114 0.2933168316831683 0.05416666666666667 0.09653465346534654
1 0.26666666666666666 0.36386138613861385 0.06666666666666667 0.10396039603960396
2 0.7819444444444444 0.30198019801980197 0.03888888888888889 0.0891089108910891
4 0.7034722222222223 0.20297029702970298 0.043055555555555555 0.1188118811881188
2 0.40555555555555556 0.16955445544554457 0.03888888888888889 0.06188118811881188
2 0.6986111111111111 0.2623762376237624 0.03888888888888889 0.06435643564356436
2 0.7472222222222222 0.27103960396039606 0.03611111111111111 0.07673267326732673
2 0.5576388888888889 0.18316831683168316 0.03194444444444444 0.07425742574257425
2 0.5895833333333333 0.25 0.04583333333333333 0.07425742574257425
2 0.5763888888888888 0.2103960396039604 0.03611111111111111 0.06435643564356436
2 0.1951388888888889 0.2042079207920792 0.0375 0.06683168316831684
4 0.6368055555555555 0.4146039603960396 0.09027777777777778 0.24504950495049505
2 0.39652777777777776 0.24876237623762376 0.0375 0.07673267326732673
2 0.0625 0.3589108910891089 0.05 0.13861386138613863
2 0.40069444444444446 0.20297029702970298 0.043055555555555555 0.06930693069306931
2 0.3645833333333333 0.17698019801980197 0.02638888888888889 0.05693069306930693
2 0.8486111111111111 0.38242574257425743 0.04722222222222222 0.08663366336633663
2 0.7993055555555556 0.38242574257425743 0.04861111111111111 0.09653465346534654
4 0.03888888888888889 0.4344059405940594 0.07222222222222222 0.17574257425742573
2 0.16527777777777777 0.23143564356435645 0.03333333333333333 0.08168316831683169
2 0.20347222222222222 0.24752475247524752 0.043055555555555555 0.07425742574257425
1 0.16597222222222222 0.29207920792079206 0.05416666666666667 0.0891089108910891
2 0.32708333333333334 0.24257425742574257 0.04861111111111111 0.08415841584158416
2 0.2423611111111111 0.4665841584158416 0.06527777777777778 0.13613861386138615
2 0.6659722222222222 0.21658415841584158 0.04027777777777778 0.07178217821782178
2 0.5736111111111111 0.3589108910891089 0.058333333333333334 0.10891089108910891
2 0.23472222222222222 0.2103960396039604 0.03611111111111111 0.0594059405940594
4 0.3638888888888889 0.4306930693069307 0.08888888888888889 0.22772277227722773
2 0.11805555555555555 0.3613861386138614 0.05277777777777778 0.10891089108910891
2 0.35138888888888886 0.20297029702970298 0.03888888888888889 0.07425742574257425
2 0.5201388888888889 0.21163366336633663 0.043055555555555555 0.06683168316831684
2 0.7145833333333333 0.47896039603960394 0.0625 0.12623762376237624
2 0.5388888888888889 0.28465346534653463 0.06388888888888888 0.10891089108910891
