1 0.5090277777777777 0.1782178217821782 0.03194444444444444 0.0594059405940594
2 0.04027777777777778 0.4591584158415842 0.06666666666666667 0.14603960396039603
1 0.3263888888888889 0.2400990099009901 0.05277777777777778 0.08415841584158416
2 0.5902777777777778 0.2438118811881188 0.044444444444444446 0.08168316831683169
2 0.20208333333333334 0.24876237623762376 0.043055555555555555 0.07178217821782178
2 0.23402777777777778 0.2103960396039604 0.0375 0.0594059405940594
2 0.39791666666666664 0.24628712871287128 0.0375 0.07178217821782178
2 0.11736111111111111 0.3589108910891089 0.05138888888888889 0.10891089108910891
2 0.5166666666666667 0.21287128712871287 0.03888888888888889 0.06930693069306931
2 0.5569444444444445 0.1806930693069307 0.027777777777777776 0.06435643564356436
1 0.24375 0.46905940594059403 0.06527777777777778 0.13613861386138615
2 0.40625 0.1707920792079208 0.0375 0.06435643564356436
2 0.5375 0.2871287128712871 0.058333333333333334 0.09900990099009901
2 0.5743055555555555 0.3589108910891089 0.059722222222222225 0.11386138613861387
2 0.575 0.2079207920792079 0.030555555555555555 0.06930693069306931
1 0.16597222222222222 0.29207920792079206 0.05138888888888889 0.0891089108910891
1 0.16666666666666666 0.23143564356435645 0.03888888888888889 0.08168316831683169
2 0.7993055555555556 0.38242574257425743 0.04861111111111111 0.09653465346534654
2 0.7111111111111111 0.22400990099009901 0.03333333333333333 0.07673267326732673
2 0.8479166666666667 0.38242574257425743 0.04861111111111111 0.08663366336633663
2 0.6986111111111111 0.26113861386138615 0.03888888888888889 0.06683168316831684
2 0.7736111111111111 0.30074257425742573 0.041666666666666664 0.09158415841584158
2 0.11319444444444444 0.2834158415841584 0.043055555555555555 0.09158415841584158
2 0.19444444444444445 0.20544554455445543 0.03611111111111111 0.06930693069306931
2 0.3770833333333333 0.28217821782178215 0.04861111111111111 0.09900990099009901
0 0.2652777777777778 0.37376237623762376 0.06666666666666667 0.0891089108910891
2 0.0625 0.35767326732673266 0.05 0.13613861386138615
2 0.35138888888888886 0.20173267326732675 0.041666666666666664 0.07178217821782178
4 0.6701388888888888 0.21658415841584158 0.04027777777777778 0.07673267326732673
2 0.39861111111111114 0.2042079207920792 0.03888888888888889 0.06188118811881188
