2 0.03611111111111111 0.46782178217821785 0.06944444444444445 0.14356435643564355
2 0.30833333333333335 0.2933168316831683 0.04722222222222222 0.09158415841584158
2 0.3527777777777778 0.19925742574257427 0.04722222222222222 0.07178217821782178
3 0.35625 0.36014851485148514 0.07361111111111111 0.12128712871287128
2 0.6979166666666666 0.26113861386138615 0.043055555555555555 0.07178217821782178
2 0.575 0.2103960396039604 0.03333333333333333 0.06435643564356436
5 0.6284722222222222 0.32425742574257427 0.06805555555555555 0.16831683168316833
2 0.40208333333333335 0.1745049504950495 0.0375 0.06188118811881188
2 0.6680555555555555 0.21782178217821782 0.03611111111111111 0.06930693069306931
3 0.9131944444444444 0.4566831683168317 0.05416666666666667 0.12128712871287128
2 0.575 0.3613861386138614 0.05277777777777778 0.10891089108910891
2 0.7493055555555556 0.2660891089108911 0.0375 0.06683168316831684
1 0.5145833333333333 0.20668316831683167 0.04027777777777778 0.07178217821782178
1 0.5083333333333333 0.17574257425742573 0.030555555555555555 0.0594059405940594
2 0.7409722222222223 0.3056930693069307 0.04861111111111111 0.08168316831683169
2 0.8534722222222222 0.3873762376237624 0.05138888888888889 0.07673267326732673
3 0.26666666666666666 0.3613861386138614 0.06666666666666667 0.09900990099009901
2 0.37083333333333335 0.28836633663366334 0.04722222222222222 0.09653465346534654
2 0.19027777777777777 0.20915841584158415 0.03888888888888889 0.06188118811881188
2 0.16597222222222222 0.2896039603960396 0.04861111111111111 0.08415841584158416
2 0.5423611111111111 0.2871287128712871 0.05416666666666667 0.09405940594059406
2 0.1125 0.28589108910891087 0.044444444444444446 0.09158415841584158
2 0.23333333333333334 0.2103960396039604 0.03611111111111111 0.0594059405940594
1 0.15555555555555556 0.24628712871287128 0.041666666666666664 0.07178217821782178
2 0.39791666666666664 0.24628712871287128 0.04583333333333333 0.07673267326732673
2 0.39861111111111114 0.19801980198019803 0.03888888888888889 0.06930693069306931
3 0.2388888888888889 0.46534653465346537 0.075 0.14356435643564355
3 0.35138888888888886 0.46782178217821785 0.09722222222222222 0.16831683168316833
2 0.7881944444444444 0.30445544554455445 0.043055555555555555 0.08415841584158416
2 0.20069444444444445 0.24752475247524752 0.043055555555555555 0.06930693069306931
2 0.11458333333333333 0.3589108910891089 0.05416666666666667 0.10891089108910891
2 0.059722222222222225 0.36014851485148514 0.05277777777777778 0.11633663366336634
2 0.7986111111111112 0.37995049504950495 0.04722222222222222 0.09653465346534654
3 0.7131944444444445 0.47277227722772275 0.07083333333333333 0.11386138613861387
2 0.7104166666666667 0.22524752475247525 0.0375 0.06930693069306931
2 0.5881944444444445 0.24876237623762376 0.043055555555555555 0.07673267326732673
3 0.6208333333333333 0.4628712871287129 0.06944444444444445 0.1485148514851485
2 0.3194444444444444 0.2376237623762376 0.05 0.07425742574257425
2 0.5590277777777778 0.1844059405940594 0.03194444444444444 0.06683168316831684
