2 0.27361111111111114 0.35148514851485146 0.058333333333333334 0.11386138613861387
2 0.1909722222222222 0.2079207920792079 0.0375 0.06435643564356436
2 0.6131944444444445 0.2933168316831683 0.04583333333333333 0.09653465346534654
2 0.11180555555555556 0.28465346534653463 0.043055555555555555 0.09405940594059406
2 0.3298611111111111 0.23391089108910892 0.04861111111111111 0.08168316831683169
2 0.3076388888888889 0.29455445544554454 0.04583333333333333 0.09405940594059406
2 0.0625 0.3551980198019802 0.05 0.13613861386138615
2 0.3701388888888889 0.2908415841584158 0.04583333333333333 0.09653465346534654
2 0.7479166666666667 0.2685643564356436 0.043055555555555555 0.07178217821782178
2 0.35833333333333334 0.19925742574257427 0.03333333333333333 0.07178217821782178
1 0.5131944444444444 0.2141089108910891 0.04027777777777778 0.07178217821782178
2 0.6979166666666666 0.26485148514851486 0.043055555555555555 0.06930693069306931
2 0.5402777777777777 0.2376237623762376 0.04722222222222222 0.08415841584158416
2 0.35694444444444445 0.3613861386138614 0.075 0.12376237623762376
2 0.7131944444444445 0.22524752475247525 0.0375 0.07425742574257425
2 0.7402777777777778 0.3056930693069307 0.05 0.08168316831683169
3 0.35138888888888886 0.4715346534653465 0.09722222222222222 0.17574257425742573
2 0.66875 0.21782178217821782 0.04027777777777778 0.06930693069306931
2 0.5722222222222222 0.36633663366336633 0.058333333333333334 0.10396039603960396
2 0.5756944444444444 0.21287128712871287 0.034722222222222224 0.06435643564356436
3 0.11597222222222223 0.3613861386138614 0.05694444444444444 0.11386138613861387
2 0.3993055555555556 0.1967821782178218 0.04027777777777778 0.07178217821782178
2 0.6284722222222222 0.45792079207920794 0.09305555555555556 0.1485148514851485
2 0.22916666666666666 0.20297029702970298 0.03888888888888889 0.06930693069306931
3 0.2013888888888889 0.24504950495049505 0.041666666666666664 0.07425742574257425
2 0.5590277777777778 0.18564356435643564 0.03194444444444444 0.06435643564356436
1 0.5097222222222222 0.17698019801980197 0.030555555555555555 0.06188118811881188
3 0.8541666666666666 0.38985148514851486 0.04722222222222222 0.08168316831683169
2 0.7902777777777777 0.3056930693069307 0.03888888888888889 0.08663366336633663
2 0.3972222222222222 0.24876237623762376 0.044444444444444446 0.07673267326732673
2 0.5472222222222223 0.2871287128712871 0.044444444444444446 0.09405940594059406
1 0.15625 0.25 0.04027777777777778 0.06930693069306931
2 0.6381944444444444 0.3564356435643564 0.05416666666666667 0.10891089108910891
3 0.7090277777777778 0.4752475247524752 0.0625 0.1188118811881188
3 0.23194444444444445 0.4603960396039604 0.09166666666666666 0.14356435643564355
2 0.5888888888888889 0.2524752475247525 0.044444444444444446 0.07425742574257425
