2 0.11041666666666666 0.2834158415841584 0.043055555555555555 0.09653465346534654
2 0.5777777777777777 0.21163366336633663 0.03611111111111111 0.06683168316831684
1 0.5097222222222222 0.17698019801980197 0.03333333333333333 0.05693069306930693
1 0.15138888888888888 0.2524752475247525 0.041666666666666664 0.06930693069306931
2 0.55625 0.1844059405940594 0.034722222222222224 0.06188118811881188
2 0.40208333333333335 0.1745049504950495 0.0375 0.06188118811881188
2 0.5868055555555556 0.26113861386138615 0.043055555555555555 0.06188118811881188
2 0.30972222222222223 0.2933168316831683 0.04722222222222222 0.09158415841584158
2 0.19375 0.20544554455445543 0.034722222222222224 0.06930693069306931
2 0.5715277777777777 0.3626237623762376 0.07083333333333333 0.10643564356435643
2 0.9340277777777778 0.4752475247524752 0.05416666666666667 0.11386138613861387
2 0.7895833333333333 0.3094059405940594 0.04027777777777778 0.08415841584158416
1 0.5354166666666667 0.24257425742574257 0.04583333333333333 0.06930693069306931
2 0.7451388888888889 0.2660891089108911 0.043055555555555555 0.07178217821782178
2 0.35138888888888886 0.2042079207920792 0.041666666666666664 0.06683168316831684
1 0.6979166666666666 0.25866336633663367 0.04027777777777778 0.06683168316831684
2 0.6159722222222223 0.29455445544554454 0.043055555555555555 0.08415841584158416
2 0.2388888888888889 0.46410891089108913 0.06944444444444445 0.15099009900990099
2 0.32569444444444445 0.24133663366336633 0.04861111111111111 0.07673267326732673
2 0.5409722222222222 0.28589108910891087 0.05694444444444444 0.09653465346534654
2 0.3993055555555556 0.1967821782178218 0.04027777777777778 0.07178217821782178
2 0.8506944444444444 0.38613861386138615 0.05138888888888889 0.07920792079207921
2 0.36736111111111114 0.3589108910891089 0.07916666666666666 0.12871287128712872
2 0.37430555555555556 0.2896039603960396 0.04861111111111111 0.09405940594059406
1 0.5145833333333333 0.20915841584158415 0.04027777777777778 0.06683168316831684
2 0.8875 0.4839108910891089 0.05277777777777778 0.12128712871287128
2 0.16597222222222222 0.2896039603960396 0.04861111111111111 0.0891089108910891
2 0.030555555555555555 0.47648514851485146 0.058333333333333334 0.13613861386138615
2 0.7104166666666667 0.22772277227722773 0.0375 0.06930693069306931
2 0.6472222222222223 0.35767326732673266 0.05 0.11633663366336634
2 0.36041666666666666 0.1745049504950495 0.03194444444444444 0.05693069306930693
2 0.7083333333333334 0.46905940594059403 0.07222222222222222 0.11138613861386139
2 0.20208333333333334 0.24133663366336633 0.04027777777777778 0.07673267326732673
1 0.6256944444444444 0.49133663366336633 0.09027777777777778 0.10148514851485149
2 0.6666666666666666 0.21782178217821782 0.03611111111111111 0.06930693069306931
2 0.7423611111111111 0.31064356435643564 0.05138888888888889 0.08168316831683169
2 0.7965277777777777 0.3787128712871287 0.04583333333333333 0.09405940594059406
2 0.35138888888888886 0.4665841584158416 0.10555555555555556 0.16584158415841585
2 0.27152777777777776 0.35767326732673266 0.05416666666666667 0.11138613861386139
2 0.11805555555555555 0.36014851485148514 0.05 0.10643564356435643
2 0.059027777777777776 0.36014851485148514 0.05416666666666667 0.11138613861386139
2 0.3972222222222222 0.24876237623762376 0.041666666666666664 0.07673267326732673
2 0.23333333333333334 0.21163366336633663 0.03888888888888889 0.06188118811881188
