5 0.0798611111111111 0.4282178217821782 0.07083333333333333 0.2079207920792079
5 0.13819444444444445 0.3193069306930693 0.05694444444444444 0.16831683168316833
5 0.9284722222222223 0.4368811881188119 0.05138888888888889 0.15594059405940594
5 0.3194444444444444 0.20668316831683167 0.044444444444444446 0.11138613861386139
5 0.2798611111111111 0.33292079207920794 0.0625 0.15594059405940594
5 0.4013888888888889 0.22277227722772278 0.041666666666666664 0.1188118811881188
5 0.69375 0.43564356435643564 0.07083333333333333 0.18316831683168316
5 0.7909722222222222 0.27970297029702973 0.04027777777777778 0.12871287128712872
5 0.5930555555555556 0.21658415841584158 0.05 0.12128712871287128
5 0.7180555555555556 0.23886138613861385 0.041666666666666664 0.11138613861386139
5 0.31180555555555556 0.25866336633663367 0.05138888888888889 0.13613861386138615
5 0.36527777777777776 0.32673267326732675 0.06666666666666667 0.1782178217821782
5 0.5069444444444444 0.2103960396039604 0.04722222222222222 0.1485148514851485
5 0.55625 0.3292079207920792 0.07083333333333333 0.15841584158415842
5 0.01875 0.4207920792079208 0.034722222222222224 0.16831683168316833
5 0.32916666666666666 0.16584158415841585 0.03611111111111111 0.09900990099009901
5 0.5416666666666666 0.24876237623762376 0.05555555555555555 0.14603960396039603
5 0.19652777777777777 0.2103960396039604 0.04861111111111111 0.13861386138613863
5 0.23194444444444445 0.18811881188118812 0.044444444444444446 0.09900990099009901
5 0.1125 0.25742574257425743 0.03888888888888889 0.12871287128712872
5 0.3506944444444444 0.4207920792079208 0.08194444444444444 0.21782178217821782
2 0.5590277777777778 0.15346534653465346 0.0375 0.07425742574257425
5 0.37916666666666665 0.2599009900990099 0.05555555555555555 0.14356435643564355
5 0.1597222222222222 0.2524752475247525 0.05277777777777778 0.1485148514851485
5 0.3576388888888889 0.15346534653465346 0.0375 0.10891089108910891
5 0.6701388888888888 0.19925742574257427 0.04027777777777778 0.09653465346534654
5 0.8826388888888889 0.43935643564356436 0.059722222222222225 0.1707920792079208
5 0.7451388888888889 0.2784653465346535 0.04583333333333333 0.12623762376237624
5 0.6166666666666667 0.42326732673267325 0.08611111111111111 0.19801980198019803
5 0.4 0.16336633663366337 0.044444444444444446 0.0891089108910891
5 0.6402777777777777 0.2685643564356436 0.05 0.13613861386138615
5 0.05763888888888889 0.32054455445544555 0.05416666666666667 0.17574257425742573
5 0.6847222222222222 0.3316831683168317 0.058333333333333334 0.15346534653465346
5 0.2013888888888889 0.42945544554455445 0.075 0.2004950495049505
5 0.7819444444444444 0.35396039603960394 0.06388888888888888 0.1485148514851485
5 0.8708333333333333 0.35148514851485146 0.05555555555555555 0.14356435643564355
