2 0.359375 0.7211111111111111 0.14125 0.21555555555555556
2 0.8275 0.54 0.075 0.1511111111111111
2 0.1875 0.4722222222222222 0.07 0.14444444444444443
2 0.784375 0.3288888888888889 0.04625 0.10666666666666667
2 0.6825 0.2966666666666667 0.045 0.08666666666666667
2 0.750625 0.2866666666666667 0.04375 0.08888888888888889
2 0.758125 0.4488888888888889 0.06125 0.13333333333333333
2 0.509375 0.29 0.06125 0.09111111111111111
2 0.2575 0.35333333333333333 0.0475 0.09777777777777778
2 0.518125 0.7122222222222222 0.10125 0.19333333333333333
2 0.4425 0.2911111111111111 0.045 0.09777777777777778
2 0.22 0.31666666666666665 0.05 0.09555555555555556
3 0.5 0.4811111111111111 0.07 0.12222222222222222
2 0.14375 0.42 0.0525 0.10666666666666667
2 0.84875 0.44222222222222224 0.075 0.1511111111111111
2 0.433125 0.35333333333333333 0.04875 0.08444444444444445
2 0.086875 0.48777777777777775 0.06625 0.13111111111111112
2 0.175625 0.35777777777777775 0.05625 0.10666666666666667
2 0.876875 0.6566666666666666 0.10125 0.18888888888888888
2 0.138125 0.5655555555555556 0.07625 0.1622222222222222
2 0.7325 0.3844444444444444 0.045 0.12
2 0.031875 0.58 0.06125 0.1511111111111111
2 0.289375 0.31222222222222223 0.04625 0.09555555555555556
2 0.421875 0.46444444444444444 0.06125 0.13777777777777778
2 0.719375 0.33444444444444443 0.04375 0.11777777777777777
5 0.110625 0.71 0.10625 0.2688888888888889
2 0.510625 0.3322222222222222 0.05875 0.09555555555555556
2 0.414375 0.5611111111111111 0.07625 0.1622222222222222
2 0.518125 0.3844444444444444 0.05125 0.12
2 0.805625 0.38555555555555554 0.05125 0.1
2 0.4275 0.39111111111111113 0.0525 0.10222222222222223
2 0.9225 0.5266666666666666 0.0775 0.16
2 0.53375 0.5544444444444444 0.075 0.15333333333333332
