2 0.820625 0.5311111111111111 0.06125 0.15555555555555556
5 0.2 0.43777777777777777 0.0675 0.19555555555555557
2 0.720625 0.32666666666666666 0.05125 0.1111111111111111
3 0.898125 0.6622222222222223 0.09875 0.19111111111111112
5 0.235 0.3788888888888889 0.0575 0.17555555555555555
3 0.52375 0.5488888888888889 0.08 0.18222222222222223
2 0.42125 0.4577777777777778 0.0725 0.13333333333333333
2 0.801875 0.38 0.04625 0.09777777777777778
2 0.445 0.28888888888888886 0.0425 0.09333333333333334
2 0.4275 0.3244444444444444 0.055 0.10666666666666667
2 0.85375 0.4311111111111111 0.085 0.17777777777777778
2 0.510625 0.3888888888888889 0.04875 0.10666666666666667
2 0.750625 0.28444444444444444 0.04875 0.09777777777777778
2 0.430625 0.39444444444444443 0.05875 0.1
2 0.73375 0.38 0.05 0.12
3 0.064375 0.7488888888888889 0.10375 0.18222222222222223
3 0.03875 0.5755555555555556 0.0775 0.1688888888888889
5 0.959375 0.47888888888888886 0.07125 0.22444444444444445
2 0.790625 0.32222222222222224 0.05125 0.10222222222222223
2 0.093125 0.47888888888888886 0.07125 0.13111111111111112
2 0.175625 0.3477777777777778 0.04625 0.12666666666666668
2 0.756875 0.4444444444444444 0.06125 0.13777777777777778
2 0.14625 0.41555555555555557 0.0525 0.12
3 0.37125 0.7077777777777777 0.1025 0.2111111111111111
2 0.6775 0.3022222222222222 0.04 0.08
3 0.135625 0.5622222222222222 0.08125 0.16444444444444445
2 0.298125 0.30444444444444446 0.04125 0.09777777777777778
2 0.51125 0.3277777777777778 0.0625 0.11777777777777777
2 0.135625 0.5633333333333334 0.07875 0.1711111111111111
