2 0.7854166666666667 0.6614583333333334 0.10416666666666667 0.1388888888888889
2 0.5263888888888889 0.3888888888888889 0.04722222222222222 0.0625
2 0.05486111111111111 0.6666666666666666 0.09583333333333334 0.14583333333333334
2 0.32569444444444445 0.4409722222222222 0.0625 0.0798611111111111
2 0.5479166666666667 0.5078125 0.07361111111111111 0.09895833333333333
2 0.275 0.5173611111111112 0.06666666666666667 0.09722222222222222
2 0.18333333333333332 0.5269097222222222 0.05555555555555555 0.08506944444444445
2 0.8423611111111111 0.5607638888888888 0.08472222222222223 0.11805555555555555
2 0.2791666666666667 0.4201388888888889 0.044444444444444446 0.0625
2 0.7347222222222223 0.4375 0.04722222222222222 0.06597222222222222
2 0.2986111111111111 0.484375 0.04722222222222222 0.07291666666666667
2 0.7111111111111111 0.4166666666666667 0.03611111111111111 0.0625
2 0.22916666666666666 0.5737847222222222 0.07222222222222222 0.11979166666666667
5 0.15486111111111112 0.6354166666666666 0.10138888888888889 0.2222222222222222
2 0.3458333333333333 0.3897569444444444 0.05 0.06770833333333333
2 0.2569444444444444 0.4487847222222222 0.044444444444444446 0.06770833333333333
2 0.7881944444444444 0.515625 0.06527777777777778 0.09027777777777778
2 0.6381944444444444 0.390625 0.04027777777777778 0.06597222222222222
2 0.6993055555555555 0.5104166666666666 0.05694444444444444 0.10069444444444445
2 0.43472222222222223 0.6614583333333334 0.09722222222222222 0.13541666666666666
2 0.7513888888888889 0.4696180555555556 0.058333333333333334 0.08506944444444445
2 0.7277777777777777 0.5737847222222222 0.08333333333333333 0.10590277777777778
2 0.6763888888888889 0.4678819444444444 0.05555555555555555 0.0920138888888889
2 0.45069444444444445 0.5711805555555556 0.07916666666666666 0.11805555555555555
2 0.5395833333333333 0.4322916666666667 0.059722222222222225 0.06597222222222222
2 0.55625 0.5772569444444444 0.08194444444444444 0.11284722222222222
2 0.4597222222222222 0.4383680555555556 0.06111111111111111 0.07118055555555555
2 0.6569444444444444 0.4331597222222222 0.044444444444444446 0.078125
2 0.4756944444444444 0.4140625 0.04583333333333333 0.06770833333333333
2 0.5354166666666667 0.4704861111111111 0.059722222222222225 0.0798611111111111
2 0.29097222222222224 0.3862847222222222 0.04027777777777778 0.0642361111111111
2 0.6923611111111111 0.390625 0.04027777777777778 0.06597222222222222
2 0.225 0.4809027777777778 0.05277777777777778 0.07291666666666667
2 0.4625 0.5095486111111112 0.075 0.109375
2 0.5555555555555556 0.6631944444444444 0.08611111111111111 0.1388888888888889
