2 0.27569444444444446 0.5182291666666666 0.06527777777777778 0.0954861111111111
2 0.25625 0.4470486111111111 0.043055555555555555 0.0642361111111111
2 0.6555555555555556 0.4322916666666667 0.041666666666666664 0.0763888888888889
2 0.7520833333333333 0.4704861111111111 0.05694444444444444 0.08333333333333333
2 0.5368055555555555 0.4722222222222222 0.059722222222222225 0.0798611111111111
2 0.6916666666666667 0.3888888888888889 0.03888888888888889 0.06597222222222222
2 0.8395833333333333 0.5607638888888888 0.07916666666666666 0.11805555555555555
2 0.4618055555555556 0.4392361111111111 0.059722222222222225 0.06944444444444445
2 0.325 0.4435763888888889 0.06111111111111111 0.07465277777777778
2 0.18611111111111112 0.5208333333333334 0.05555555555555555 0.08333333333333333
2 0.6388888888888888 0.3897569444444444 0.03888888888888889 0.0642361111111111
2 0.4652777777777778 0.5112847222222222 0.06944444444444445 0.10243055555555555
2 0.5270833333333333 0.3914930555555556 0.04583333333333333 0.0642361111111111
2 0.43472222222222223 0.6614583333333334 0.09722222222222222 0.13541666666666666
2 0.5479166666666667 0.5052083333333334 0.07361111111111111 0.10416666666666667
2 0.44930555555555557 0.5711805555555556 0.07916666666666666 0.11805555555555555
2 0.2986111111111111 0.4861111111111111 0.04722222222222222 0.07291666666666667
2 0.22916666666666666 0.5737847222222222 0.07222222222222222 0.11631944444444445
2 0.7881944444444444 0.6579861111111112 0.10694444444444444 0.1423611111111111
2 0.47638888888888886 0.4140625 0.044444444444444446 0.06770833333333333
2 0.34444444444444444 0.3880208333333333 0.05 0.0642361111111111
2 0.7347222222222223 0.4375 0.04722222222222222 0.0625
2 0.2798611111111111 0.4201388888888889 0.04583333333333333 0.0625
2 0.6763888888888889 0.46875 0.05555555555555555 0.09027777777777778
2 0.5548611111111111 0.6623263888888888 0.0875 0.1371527777777778
2 0.7881944444444444 0.5147569444444444 0.06805555555555555 0.08854166666666667
2 0.7 0.5095486111111112 0.058333333333333334 0.09895833333333333
2 0.29097222222222224 0.3862847222222222 0.04027777777777778 0.0642361111111111
2 0.55625 0.5763888888888888 0.08194444444444444 0.1111111111111111
2 0.2263888888888889 0.4809027777777778 0.05277777777777778 0.07291666666666667
2 0.5416666666666666 0.4322916666666667 0.058333333333333334 0.0625
2 0.7111111111111111 0.4175347222222222 0.03888888888888889 0.06076388888888889
2 0.7291666666666666 0.5737847222222222 0.08333333333333333 0.10590277777777778
5 0.1527777777777778 0.6371527777777778 0.10555555555555556 0.22569444444444445
2 0.05555555555555555 0.6666666666666666 0.09722222222222222 0.14583333333333334
