2 0.7798611111111111 0.6588541666666666 0.08472222222222223 0.140625
2 0.5256944444444445 0.3914930555555556 0.04583333333333333 0.0642361111111111
2 0.6763888888888889 0.4696180555555556 0.058333333333333334 0.0920138888888889
2 0.5555555555555556 0.6605902777777778 0.09166666666666666 0.140625
2 0.2569444444444444 0.4496527777777778 0.044444444444444446 0.06597222222222222
2 0.6930555555555555 0.3897569444444444 0.03888888888888889 0.0642361111111111
2 0.22569444444444445 0.4817708333333333 0.05416666666666667 0.07118055555555555
2 0.4576388888888889 0.4375 0.06527777777777778 0.07291666666666667
2 0.4354166666666667 0.6605902777777778 0.09861111111111111 0.13368055555555555
2 0.2847222222222222 0.421875 0.04722222222222222 0.0625
2 0.27708333333333335 0.5164930555555556 0.06527777777777778 0.0954861111111111
2 0.18680555555555556 0.5260416666666666 0.05694444444444444 0.08333333333333333
2 0.4722222222222222 0.40625 0.04722222222222222 0.059027777777777776
2 0.7534722222222222 0.4704861111111111 0.059722222222222225 0.08333333333333333
2 0.6409722222222223 0.3880208333333333 0.04027777777777778 0.0642361111111111
2 0.23055555555555557 0.5737847222222222 0.075 0.11979166666666667
2 0.32569444444444445 0.4435763888888889 0.0625 0.07465277777777778
2 0.6569444444444444 0.4322916666666667 0.041666666666666664 0.0763888888888889
2 0.5486111111111112 0.5078125 0.075 0.09895833333333333
2 0.7881944444444444 0.5173611111111112 0.06805555555555555 0.09027777777777778
2 0.93125 0.6597222222222222 0.0875 0.12152777777777778
2 0.5368055555555555 0.4730902777777778 0.059722222222222225 0.08159722222222222
2 0.7361111111111112 0.4409722222222222 0.04722222222222222 0.0625
2 0.5583333333333333 0.5755208333333334 0.08611111111111111 0.11284722222222222
2 0.84375 0.5616319444444444 0.0875 0.11979166666666667
2 0.2902777777777778 0.3862847222222222 0.041666666666666664 0.06076388888888889
2 0.05625 0.6684027777777778 0.09861111111111111 0.14930555555555555
5 0.15347222222222223 0.6449652777777778 0.10416666666666667 0.2170138888888889
2 0.5409722222222222 0.4288194444444444 0.059722222222222225 0.06597222222222222
2 0.7125 0.4184027777777778 0.03888888888888889 0.059027777777777776
2 0.46597222222222223 0.5121527777777778 0.07083333333333333 0.10069444444444445
2 0.7 0.5095486111111112 0.06111111111111111 0.10243055555555555
2 0.29930555555555555 0.484375 0.04861111111111111 0.07291666666666667
2 0.45069444444444445 0.5720486111111112 0.0763888888888889 0.11979166666666667
2 0.34652777777777777 0.390625 0.04861111111111111 0.06944444444444445
2 0.7298611111111111 0.5729166666666666 0.08472222222222223 0.10416666666666667
2 0.33819444444444446 0.4227430555555556 0.04027777777777778 0.050347222222222224
