2 0.7097222222222223 0.4184027777777778 0.03888888888888889 0.0625
2 0.5416666666666666 0.4348958333333333 0.06388888888888888 0.0642361111111111
2 0.05694444444444444 0.6675347222222222 0.1 0.1440972222222222
2 0.7368055555555556 0.4340277777777778 0.04861111111111111 0.06944444444444445
2 0.13125 0.5833333333333334 0.0875 0.12152777777777778
2 0.46319444444444446 0.5095486111111112 0.07361111111111111 0.109375
2 0.325 0.4444444444444444 0.06111111111111111 0.0763888888888889
2 0.75 0.4696180555555556 0.058333333333333334 0.08506944444444445
2 0.275 0.5164930555555556 0.06666666666666667 0.09895833333333333
2 0.46805555555555556 0.3949652777777778 0.05 0.07118055555555555
2 0.225 0.4817708333333333 0.05555555555555555 0.07465277777777778
2 0.28958333333333336 0.3871527777777778 0.04027777777777778 0.06597222222222222
2 0.6569444444444444 0.4348958333333333 0.041666666666666664 0.07118055555555555
2 0.6923611111111111 0.3897569444444444 0.0375 0.0642361111111111
2 0.5361111111111111 0.4713541666666667 0.058333333333333334 0.078125
2 0.4638888888888889 0.4392361111111111 0.058333333333333334 0.06944444444444445
2 0.29930555555555555 0.484375 0.04861111111111111 0.0763888888888889
2 0.5263888888888889 0.390625 0.04722222222222222 0.0625
2 0.5583333333333333 0.5729166666666666 0.08055555555555556 0.1076388888888889
2 0.1701388888888889 0.671875 0.10972222222222222 0.1388888888888889
2 0.7895833333333333 0.5147569444444444 0.06805555555555555 0.08854166666666667
2 0.5479166666666667 0.5060763888888888 0.0763888888888889 0.10590277777777778
2 0.6395833333333333 0.3897569444444444 0.04027777777777778 0.0642361111111111
2 0.7208333333333333 0.5737847222222222 0.06666666666666667 0.10590277777777778
2 0.6770833333333334 0.4670138888888889 0.05416666666666667 0.08680555555555555
2 0.9152777777777777 0.6597222222222222 0.12222222222222222 0.125
2 0.4361111111111111 0.6614583333333334 0.09444444444444444 0.1388888888888889
2 0.25625 0.4470486111111111 0.04583333333333333 0.0642361111111111
2 0.5541666666666667 0.6605902777777778 0.08611111111111111 0.140625
2 0.18194444444444444 0.5234375 0.06111111111111111 0.08159722222222222
2 0.45069444444444445 0.5746527777777778 0.10416666666666667 0.12152777777777778
2 0.85 0.5633680555555556 0.07777777777777778 0.1232638888888889
2 0.7013888888888888 0.5095486111111112 0.06111111111111111 0.0954861111111111
2 0.34375 0.3880208333333333 0.05138888888888889 0.06770833333333333
2 0.2777777777777778 0.4201388888888889 0.044444444444444446 0.059027777777777776
2 0.22777777777777777 0.5737847222222222 0.075 0.11979166666666667
