2 0.20277777777777778 0.5123762376237624 0.09444444444444444 0.18811881188118812
2 0.41597222222222224 0.28217821782178215 0.04861111111111111 0.0891089108910891
2 0.6118055555555556 0.28589108910891087 0.05138888888888889 0.10148514851485149
2 0.43125 0.1967821782178218 0.043055555555555555 0.07673267326732673
2 0.3138888888888889 0.20173267326732675 0.041666666666666664 0.07178217821782178
2 0.6444444444444445 0.42574257425742573 0.06388888888888888 0.13366336633663367
2 0.26458333333333334 0.27722772277227725 0.04861111111111111 0.09405940594059406
2 0.6 0.2376237623762376 0.03888888888888889 0.09405940594059406
2 0.42916666666666664 0.24504950495049505 0.03611111111111111 0.07920792079207921
2 0.2625 0.41336633663366334 0.06388888888888888 0.12871287128712872
2 0.3368055555555556 0.5272277227722773 0.07916666666666666 0.16336633663366337
2 0.7145833333333333 0.3316831683168317 0.0625 0.13366336633663367
5 0.6881944444444444 0.23514851485148514 0.05138888888888889 0.16831683168316833
2 0.3923611111111111 0.33663366336633666 0.05694444444444444 0.10891089108910891
2 0.9444444444444444 0.530940594059406 0.09166666666666666 0.19554455445544555
2 0.07708333333333334 0.5111386138613861 0.09027777777777778 0.17574257425742573
2 0.33611111111111114 0.27722772277227725 0.05277777777777778 0.09900990099009901
2 0.36319444444444443 0.41707920792079206 0.06805555555555555 0.11633663366336634
2 0.29375 0.2400990099009901 0.043055555555555555 0.07920792079207921
2 0.7555555555555555 0.4282178217821782 0.06388888888888888 0.12871287128712872
2 0.5791666666666667 0.20668316831683167 0.03611111111111111 0.07673267326732673
2 0.6152777777777778 0.3465346534653465 0.05 0.1188118811881188
2 0.7715277777777778 0.28589108910891087 0.05138888888888889 0.10148514851485149
2 0.3020833333333333 0.3502475247524752 0.05138888888888889 0.09653465346534654
2 0.3576388888888889 0.23638613861386137 0.0375 0.08168316831683169
2 0.7381944444444445 0.23391089108910892 0.043055555555555555 0.08663366336633663
2 0.6951388888888889 0.5371287128712872 0.07916666666666666 0.15841584158415842
2 0.21944444444444444 0.3341584158415842 0.06111111111111111 0.10396039603960396
2 0.8083333333333333 0.34777227722772275 0.05277777777777778 0.10148514851485149
2 0.8041666666666667 0.5358910891089109 0.08611111111111111 0.1905940594059406
2 0.6548611111111111 0.20668316831683167 0.0375 0.07178217821782178
2 0.3729166666666667 0.1967821782178218 0.043055555555555555 0.07673267326732673
2 0.15138888888888888 0.41336633663366334 0.06666666666666667 0.13861386138613863
2 0.8659722222222223 0.4306930693069307 0.06805555555555555 0.13366336633663367
