2 0.17916666666666667 0.5225694444444444 0.06111111111111111 0.0798611111111111
2 0.5236111111111111 0.390625 0.044444444444444446 0.0625
2 0.4638888888888889 0.4427083333333333 0.06111111111111111 0.07291666666666667
2 0.27569444444444446 0.5182291666666666 0.06805555555555555 0.0954861111111111
2 0.6583333333333333 0.4322916666666667 0.04722222222222222 0.0798611111111111
2 0.7875 0.5147569444444444 0.06666666666666667 0.08854166666666667
2 0.28958333333333336 0.3854166666666667 0.04027777777777778 0.0625
2 0.7347222222222223 0.4375 0.04722222222222222 0.06597222222222222
2 0.5569444444444445 0.5685763888888888 0.08333333333333333 0.1232638888888889
2 0.059722222222222225 0.6640625 0.10277777777777777 0.1371527777777778
2 0.7104166666666667 0.4166666666666667 0.04027777777777778 0.0625
2 0.9125 0.6545138888888888 0.11666666666666667 0.13194444444444445
2 0.4708333333333333 0.4027777777777778 0.05 0.06597222222222222
2 0.7881944444444444 0.6545138888888888 0.10416666666666667 0.1423611111111111
2 0.5395833333333333 0.4704861111111111 0.06805555555555555 0.0798611111111111
2 0.2263888888888889 0.4791666666666667 0.05277777777777778 0.07291666666666667
2 0.7513888888888889 0.4696180555555556 0.058333333333333334 0.08506944444444445
2 0.34375 0.3862847222222222 0.04861111111111111 0.0642361111111111
2 0.325 0.4427083333333333 0.06111111111111111 0.0763888888888889
2 0.25833333333333336 0.4453125 0.04722222222222222 0.06770833333333333
2 0.4652777777777778 0.5086805555555556 0.06944444444444445 0.10416666666666667
2 0.3 0.484375 0.04722222222222222 0.07291666666666667
2 0.5333333333333333 0.4244791666666667 0.06111111111111111 0.07118055555555555
2 0.12638888888888888 0.5824652777777778 0.08888888888888889 0.11284722222222222
2 0.725 0.5703125 0.08055555555555556 0.11284722222222222
2 0.6395833333333333 0.3880208333333333 0.043055555555555555 0.06770833333333333
2 0.28055555555555556 0.4184027777777778 0.041666666666666664 0.059027777777777776
2 0.8388888888888889 0.5642361111111112 0.08611111111111111 0.12152777777777778
2 0.5548611111111111 0.6623263888888888 0.09027777777777778 0.140625
2 0.4354166666666667 0.6605902777777778 0.09861111111111111 0.1371527777777778
2 0.6944444444444444 0.3854166666666667 0.03888888888888889 0.0625
2 0.1673611111111111 0.6692708333333334 0.1125 0.1371527777777778
2 0.5479166666666667 0.5078125 0.0763888888888889 0.0954861111111111
2 0.6784722222222223 0.4678819444444444 0.05694444444444444 0.08854166666666667
2 0.4479166666666667 0.5685763888888888 0.08194444444444444 0.11631944444444445
2 0.22916666666666666 0.5746527777777778 0.07777777777777778 0.11458333333333333
2 0.7020833333333333 0.5078125 0.0625 0.0954861111111111
2 0.3423611111111111 0.4201388888888889 0.04027777777777778 0.05555555555555555
