2 0.4638888888888889 0.4427083333333333 0.058333333333333334 0.0763888888888889
2 0.69375 0.3854166666666667 0.04027777777777778 0.06597222222222222
2 0.06041666666666667 0.6649305555555556 0.10138888888888889 0.13541666666666666
2 0.5222222222222223 0.3888888888888889 0.03888888888888889 0.0625
2 0.6784722222222223 0.4670138888888889 0.05416666666666667 0.08333333333333333
2 0.34444444444444444 0.3888888888888889 0.05 0.06597222222222222
2 0.46875 0.5112847222222222 0.0625 0.10590277777777778
2 0.3 0.4817708333333333 0.04722222222222222 0.078125
2 0.22777777777777777 0.5755208333333334 0.07777777777777778 0.11979166666666667
2 0.7229166666666667 0.5746527777777778 0.07916666666666666 0.1076388888888889
2 0.28958333333333336 0.3862847222222222 0.04027777777777778 0.0642361111111111
2 0.7097222222222223 0.4157986111111111 0.03888888888888889 0.06076388888888889
2 0.47152777777777777 0.4036458333333333 0.04861111111111111 0.07118055555555555
2 0.7875 0.515625 0.06666666666666667 0.09027777777777778
2 0.8388888888888889 0.5625 0.08055555555555556 0.125
2 0.6395833333333333 0.3862847222222222 0.04027777777777778 0.0642361111111111
2 0.27847222222222223 0.4210069444444444 0.043055555555555555 0.0642361111111111
2 0.2590277777777778 0.4470486111111111 0.04583333333333333 0.06770833333333333
2 0.4486111111111111 0.5720486111111112 0.08888888888888889 0.1232638888888889
2 0.5326388888888889 0.4192708333333333 0.04861111111111111 0.0642361111111111
2 0.6569444444444444 0.4314236111111111 0.044444444444444446 0.07465277777777778
2 0.75 0.46875 0.058333333333333334 0.08333333333333333
2 0.17847222222222223 0.5243055555555556 0.0625 0.0798611111111111
2 0.7347222222222223 0.4383680555555556 0.044444444444444446 0.0642361111111111
5 0.5541666666666667 0.5260416666666666 0.08888888888888889 0.1875
2 0.43472222222222223 0.6605902777777778 0.09722222222222222 0.1371527777777778
2 0.16875 0.6736111111111112 0.10972222222222222 0.13541666666666666
2 0.22708333333333333 0.4809027777777778 0.05694444444444444 0.07291666666666667
2 0.5548611111111111 0.6623263888888888 0.09027777777777778 0.140625
2 0.9027777777777778 0.6571180555555556 0.09166666666666666 0.13020833333333334
2 0.7 0.5078125 0.058333333333333334 0.09895833333333333
2 0.7868055555555555 0.6536458333333334 0.10138888888888889 0.1440972222222222
2 0.12638888888888888 0.5824652777777778 0.08888888888888889 0.10590277777777778
2 0.32708333333333334 0.4427083333333333 0.05694444444444444 0.07291666666666667
2 0.3402777777777778 0.4227430555555556 0.03888888888888889 0.05381944444444445
2 0.2763888888888889 0.5190972222222222 0.06666666666666667 0.09722222222222222
