2 0.8972222222222223 0.6588541666666666 0.08333333333333333 0.1232638888888889
2 0.4486111111111111 0.5746527777777778 0.08888888888888889 0.12152777777777778
2 0.32569444444444445 0.4427083333333333 0.059722222222222225 0.07291666666666667
2 0.4708333333333333 0.4001736111111111 0.05 0.07118055555555555
2 0.7020833333333333 0.5086805555555556 0.06527777777777778 0.09722222222222222
2 0.5256944444444445 0.3914930555555556 0.04583333333333333 0.0642361111111111
2 0.7236111111111111 0.5737847222222222 0.08055555555555556 0.10590277777777778
2 0.46944444444444444 0.5104166666666666 0.06388888888888888 0.1076388888888889
2 0.25833333333333336 0.4487847222222222 0.044444444444444446 0.06770833333333333
2 0.34375 0.3897569444444444 0.05138888888888889 0.0642361111111111
2 0.2798611111111111 0.421875 0.043055555555555555 0.06597222222222222
2 0.7881944444444444 0.5164930555555556 0.06805555555555555 0.08854166666666667
2 0.16944444444444445 0.6727430555555556 0.10833333333333334 0.13368055555555555
2 0.5326388888888889 0.4730902777777778 0.04861111111111111 0.08506944444444445
2 0.28958333333333336 0.3862847222222222 0.04027777777777778 0.0642361111111111
2 0.6944444444444444 0.3871527777777778 0.03888888888888889 0.06597222222222222
2 0.5326388888888889 0.4262152777777778 0.04861111111111111 0.06076388888888889
2 0.8375 0.5633680555555556 0.08055555555555556 0.1232638888888889
2 0.7875 0.6553819444444444 0.10833333333333334 0.1440972222222222
2 0.06041666666666667 0.6649305555555556 0.10138888888888889 0.1388888888888889
2 0.6402777777777777 0.3862847222222222 0.03888888888888889 0.0642361111111111
2 0.3 0.4809027777777778 0.05 0.07291666666666667
2 0.6791666666666667 0.4678819444444444 0.05555555555555555 0.08506944444444445
2 0.12638888888888888 0.5868055555555556 0.08888888888888889 0.1076388888888889
2 0.17708333333333334 0.5243055555555556 0.0625 0.0763888888888889
5 0.5652777777777778 0.5295138888888888 0.08611111111111111 0.1840277777777778
2 0.33819444444444446 0.421875 0.0375 0.052083333333333336
2 0.22777777777777777 0.578125 0.08055555555555556 0.11805555555555555
2 0.4354166666666667 0.6614583333333334 0.09583333333333334 0.1388888888888889
2 0.7493055555555556 0.4704861111111111 0.059722222222222225 0.08333333333333333
2 0.7097222222222223 0.4184027777777778 0.03888888888888889 0.06597222222222222
2 0.7381944444444445 0.4331597222222222 0.05416666666666667 0.078125
2 0.46458333333333335 0.4435763888888889 0.059722222222222225 0.07465277777777778
2 0.5534722222222223 0.6605902777777778 0.0875 0.1440972222222222
2 0.2763888888888889 0.5182291666666666 0.06666666666666667 0.09895833333333333
2 0.22569444444444445 0.4817708333333333 0.05694444444444444 0.07118055555555555
2 0.6590277777777778 0.4331597222222222 0.04583333333333333 0.07465277777777778
