2 0.5555555555555556 0.6640625 0.09166666666666666 0.14756944444444445
2 0.7027777777777777 0.5086805555555556 0.06388888888888888 0.09722222222222222
2 0.5368055555555555 0.4713541666666667 0.0625 0.078125
2 0.7375 0.4322916666666667 0.05277777777777778 0.0763888888888889
2 0.8409722222222222 0.5607638888888888 0.07916666666666666 0.12152777777777778
2 0.7201388888888889 0.5746527777777778 0.07083333333333333 0.1076388888888889
2 0.4486111111111111 0.5677083333333334 0.08611111111111111 0.11458333333333333
2 0.7493055555555556 0.4696180555555556 0.05694444444444444 0.08506944444444445
2 0.34375 0.3888888888888889 0.05138888888888889 0.06597222222222222
2 0.25833333333333336 0.4487847222222222 0.044444444444444446 0.06770833333333333
2 0.4701388888888889 0.3984375 0.05138888888888889 0.06770833333333333
2 0.4638888888888889 0.4409722222222222 0.058333333333333334 0.06944444444444445
2 0.5263888888888889 0.3897569444444444 0.044444444444444446 0.06076388888888889
2 0.6548611111111111 0.4296875 0.043055555555555555 0.07118055555555555
2 0.7090277777777778 0.4201388888888889 0.043055555555555555 0.06597222222222222
2 0.06180555555555556 0.6657986111111112 0.10138888888888889 0.1371527777777778
2 0.22777777777777777 0.5772569444444444 0.07777777777777778 0.1232638888888889
2 0.6930555555555555 0.3854166666666667 0.041666666666666664 0.06597222222222222
2 0.27569444444444446 0.5182291666666666 0.06527777777777778 0.09895833333333333
2 0.6402777777777777 0.3862847222222222 0.03888888888888889 0.0642361111111111
2 0.5631944444444444 0.5651041666666666 0.08194444444444444 0.11979166666666667
2 0.5361111111111111 0.4270833333333333 0.06111111111111111 0.0625
2 0.43472222222222223 0.6614583333333334 0.09722222222222222 0.13541666666666666
2 0.17916666666666667 0.5260416666666666 0.06388888888888888 0.0798611111111111
2 0.28958333333333336 0.3880208333333333 0.04027777777777778 0.0642361111111111
2 0.7881944444444444 0.5147569444444444 0.06527777777777778 0.08854166666666667
2 0.12708333333333333 0.5833333333333334 0.09027777777777778 0.10416666666666667
2 0.5458333333333333 0.5086805555555556 0.06944444444444445 0.09722222222222222
2 0.29791666666666666 0.4809027777777778 0.04861111111111111 0.0798611111111111
2 0.675 0.4670138888888889 0.05277777777777778 0.08333333333333333
2 0.1673611111111111 0.6736111111111112 0.10972222222222222 0.13541666666666666
2 0.27847222222222223 0.4210069444444444 0.04027777777777778 0.0642361111111111
2 0.46944444444444444 0.5130208333333334 0.06388888888888888 0.09895833333333333
2 0.3263888888888889 0.4418402777777778 0.058333333333333334 0.07118055555555555
2 0.9152777777777777 0.6588541666666666 0.12222222222222222 0.13020833333333334
2 0.22708333333333333 0.4800347222222222 0.05694444444444444 0.07118055555555555
2 0.33958333333333335 0.421875 0.04027777777777778 0.05555555555555555
