2 0.27152777777777776 0.4262152777777778 0.05694444444444444 0.078125
2 0.6541666666666667 0.4305555555555556 0.044444444444444446 0.07291666666666667
2 0.06111111111111111 0.6649305555555556 0.1 0.1388888888888889
2 0.75 0.4696180555555556 0.058333333333333334 0.08506944444444445
2 0.33958333333333335 0.4227430555555556 0.04027777777777778 0.05381944444444445
2 0.17777777777777778 0.5251736111111112 0.06111111111111111 0.078125
2 0.28958333333333336 0.3871527777777778 0.04027777777777778 0.06597222222222222
2 0.5263888888888889 0.390625 0.044444444444444446 0.0625
2 0.7375 0.4331597222222222 0.05 0.07465277777777778
2 0.5590277777777778 0.5703125 0.08194444444444444 0.11979166666666667
2 0.5381944444444444 0.4696180555555556 0.06527777777777778 0.078125
2 0.5354166666666667 0.4288194444444444 0.0625 0.0625
2 0.4701388888888889 0.4027777777777778 0.04861111111111111 0.06944444444444445
2 0.12638888888888888 0.5842013888888888 0.09166666666666666 0.10590277777777778
2 0.4652777777777778 0.4409722222222222 0.058333333333333334 0.07291666666666667
2 0.8409722222222222 0.5607638888888888 0.07916666666666666 0.125
2 0.22777777777777777 0.5772569444444444 0.07777777777777778 0.1232638888888889
2 0.9145833333333333 0.6597222222222222 0.12083333333333333 0.125
2 0.7194444444444444 0.5746527777777778 0.06666666666666667 0.10416666666666667
2 0.2986111111111111 0.4809027777777778 0.04722222222222222 0.0798611111111111
2 0.6930555555555555 0.3871527777777778 0.03888888888888889 0.06597222222222222
2 0.6402777777777777 0.3862847222222222 0.03888888888888889 0.0642361111111111
2 0.46944444444444444 0.5112847222222222 0.06388888888888888 0.10243055555555555
2 0.34305555555555556 0.3880208333333333 0.05277777777777778 0.06770833333333333
2 0.1673611111111111 0.6736111111111112 0.10972222222222222 0.13541666666666666
2 0.7881944444444444 0.5147569444444444 0.06527777777777778 0.08854166666666667
2 0.4486111111111111 0.5685763888888888 0.08611111111111111 0.11979166666666667
2 0.675 0.4670138888888889 0.05277777777777778 0.08333333333333333
2 0.5534722222222223 0.6614583333333334 0.09027777777777778 0.14583333333333334
2 0.7076388888888889 0.4184027777777778 0.043055555555555555 0.06597222222222222
2 0.43472222222222223 0.6605902777777778 0.09722222222222222 0.1371527777777778
2 0.27569444444444446 0.5173611111111112 0.06527777777777778 0.09722222222222222
2 0.7027777777777777 0.5069444444444444 0.06111111111111111 0.09722222222222222
2 0.22708333333333333 0.4800347222222222 0.05694444444444444 0.07118055555555555
2 0.5486111111111112 0.5086805555555556 0.075 0.09722222222222222
2 0.32708333333333334 0.4418402777777778 0.059722222222222225 0.07465277777777778
