2 0.29930555555555555 0.4817708333333333 0.04861111111111111 0.078125
2 0.6409722222222223 0.3862847222222222 0.04027777777777778 0.0642361111111111
2 0.69375 0.3880208333333333 0.04027777777777778 0.06770833333333333
2 0.46875 0.3993055555555556 0.05416666666666667 0.06944444444444445
2 0.33958333333333335 0.4227430555555556 0.04027777777777778 0.05381944444444445
2 0.3263888888888889 0.4418402777777778 0.058333333333333334 0.078125
2 0.16875 0.6736111111111112 0.10972222222222222 0.13194444444444445
2 0.9131944444444444 0.6605902777777778 0.11805555555555555 0.1267361111111111
2 0.25833333333333336 0.4470486111111111 0.04722222222222222 0.06770833333333333
2 0.5486111111111112 0.5095486111111112 0.07777777777777778 0.09895833333333333
2 0.46597222222222223 0.4453125 0.0625 0.078125
2 0.7027777777777777 0.5069444444444444 0.06666666666666667 0.09375
2 0.5534722222222223 0.6640625 0.09027777777777778 0.140625
2 0.7090277777777778 0.4201388888888889 0.043055555555555555 0.06597222222222222
2 0.43472222222222223 0.6614583333333334 0.09722222222222222 0.1388888888888889
2 0.7368055555555556 0.4331597222222222 0.05138888888888889 0.07465277777777778
2 0.06041666666666667 0.6649305555555556 0.10138888888888889 0.1388888888888889
2 0.7486111111111111 0.4696180555555556 0.06111111111111111 0.08506944444444445
2 0.34375 0.3854166666666667 0.04861111111111111 0.06944444444444445
2 0.46597222222222223 0.5095486111111112 0.06805555555555555 0.109375
2 0.28958333333333336 0.3880208333333333 0.04027777777777778 0.0642361111111111
2 0.5381944444444444 0.4713541666666667 0.06805555555555555 0.078125
2 0.7159722222222222 0.5755208333333334 0.0625 0.10243055555555555
2 0.5590277777777778 0.5720486111111112 0.08472222222222223 0.11979166666666667
2 0.4486111111111111 0.5703125 0.08888888888888889 0.11979166666666667
2 0.2777777777777778 0.4201388888888889 0.044444444444444446 0.0625
2 0.17777777777777778 0.5260416666666666 0.058333333333333334 0.0763888888888889
2 0.5368055555555555 0.4322916666666667 0.06527777777777778 0.0625
2 0.7881944444444444 0.515625 0.06527777777777778 0.08680555555555555
2 0.8381944444444445 0.5625 0.07916666666666666 0.125
2 0.6756944444444445 0.46875 0.05416666666666667 0.08333333333333333
2 0.22916666666666666 0.5772569444444444 0.08055555555555556 0.1232638888888889
2 0.12777777777777777 0.5842013888888888 0.08888888888888889 0.11631944444444445
2 0.6555555555555556 0.4331597222222222 0.041666666666666664 0.07118055555555555
2 0.2763888888888889 0.5182291666666666 0.06666666666666667 0.09895833333333333
2 0.525 0.3897569444444444 0.044444444444444446 0.0642361111111111
2 0.22569444444444445 0.4809027777777778 0.05694444444444444 0.06944444444444445
