2 0.31319444444444444 0.20173267326732675 0.04027777777777778 0.06683168316831684
2 0.37222222222222223 0.1967821782178218 0.041666666666666664 0.07673267326732673
2 0.8652777777777778 0.4306930693069307 0.06666666666666667 0.13366336633663367
2 0.22083333333333333 0.3353960396039604 0.06111111111111111 0.10643564356435643
2 0.26319444444444445 0.2747524752475248 0.04583333333333333 0.0891089108910891
2 0.3909722222222222 0.33910891089108913 0.05694444444444444 0.10891089108910891
2 0.20277777777777778 0.5074257425742574 0.08888888888888889 0.18811881188118812
2 0.3625 0.41707920792079206 0.06666666666666667 0.11633663366336634
2 0.41597222222222224 0.28094059405940597 0.04861111111111111 0.09158415841584158
2 0.4326388888888889 0.1967821782178218 0.043055555555555555 0.07673267326732673
2 0.3576388888888889 0.2376237623762376 0.0375 0.08415841584158416
2 0.15138888888888888 0.4084158415841584 0.06666666666666667 0.14356435643564355
2 0.29375 0.2400990099009901 0.043055555555555555 0.07920792079207921
2 0.2625 0.4146039603960396 0.06388888888888888 0.12623762376237624
2 0.4284722222222222 0.24628712871287128 0.0375 0.08168316831683169
2 0.6152777777777778 0.34529702970297027 0.05 0.11633663366336634
2 0.9444444444444444 0.5321782178217822 0.09166666666666666 0.19306930693069307
2 0.8055555555555556 0.5396039603960396 0.08611111111111111 0.18811881188118812
2 0.7569444444444444 0.42574257425742573 0.06666666666666667 0.13861386138613863
2 0.6458333333333334 0.42945544554455445 0.06388888888888888 0.12623762376237624
2 0.6923611111111111 0.5383663366336634 0.0763888888888889 0.1608910891089109
2 0.6541666666666667 0.2079207920792079 0.03611111111111111 0.06930693069306931
2 0.30277777777777776 0.349009900990099 0.05 0.09405940594059406
2 0.8083333333333333 0.34777227722772275 0.05277777777777778 0.10148514851485149
2 0.6 0.2376237623762376 0.041666666666666664 0.09405940594059406
2 0.07777777777777778 0.5099009900990099 0.09166666666666666 0.1782178217821782
2 0.6111111111111112 0.2871287128712871 0.05277777777777778 0.10396039603960396
2 0.7708333333333334 0.28589108910891087 0.05277777777777778 0.10148514851485149
2 0.5784722222222223 0.20544554455445543 0.034722222222222224 0.07425742574257425
5 0.6881944444444444 0.24133663366336633 0.05138888888888889 0.1806930693069307
2 0.7138888888888889 0.3292079207920792 0.06111111111111111 0.13366336633663367
2 0.7395833333333334 0.23514851485148514 0.043055555555555555 0.0891089108910891
2 0.33611111111111114 0.2784653465346535 0.05555555555555555 0.10643564356435643
2 0.3375 0.5272277227722773 0.07777777777777778 0.16336633663366337
