2 0.5256944444444445 0.3888888888888889 0.04583333333333333 0.0625
2 0.16875 0.671875 0.10972222222222222 0.13541666666666666
2 0.54375 0.4331597222222222 0.0763888888888889 0.07465277777777778
2 0.46597222222222223 0.3967013888888889 0.04861111111111111 0.07118055555555555
2 0.06111111111111111 0.6640625 0.1 0.1371527777777778
2 0.2263888888888889 0.4809027777777778 0.058333333333333334 0.07291666666666667
2 0.28888888888888886 0.3888888888888889 0.041666666666666664 0.06597222222222222
2 0.6576388888888889 0.4331597222222222 0.043055555555555555 0.07465277777777778
2 0.69375 0.3871527777777778 0.04027777777777778 0.06597222222222222
2 0.7375 0.4331597222222222 0.05 0.07465277777777778
2 0.34305555555555556 0.3836805555555556 0.04722222222222222 0.0625
2 0.17847222222222223 0.5243055555555556 0.059722222222222225 0.0798611111111111
2 0.22777777777777777 0.5746527777777778 0.07777777777777778 0.11805555555555555
2 0.46597222222222223 0.5104166666666666 0.07083333333333333 0.1076388888888889
2 0.1284722222222222 0.5807291666666666 0.0875 0.11284722222222222
2 0.25763888888888886 0.4470486111111111 0.04861111111111111 0.06770833333333333
2 0.5375 0.4722222222222222 0.06111111111111111 0.08333333333333333
2 0.7847222222222222 0.6536458333333334 0.1 0.1440972222222222
2 0.2763888888888889 0.4201388888888889 0.041666666666666664 0.0625
2 0.8395833333333333 0.5616319444444444 0.08194444444444444 0.1232638888888889
2 0.5472222222222223 0.5043402777777778 0.07777777777777778 0.10590277777777778
2 0.7229166666666667 0.5720486111111112 0.07916666666666666 0.109375
2 0.7881944444444444 0.5147569444444444 0.06527777777777778 0.08854166666666667
2 0.46597222222222223 0.4401041666666667 0.059722222222222225 0.07118055555555555
2 0.7493055555555556 0.46875 0.05694444444444444 0.08333333333333333
2 0.6770833333333334 0.4661458333333333 0.05416666666666667 0.08506944444444445
2 0.43472222222222223 0.6605902777777778 0.09722222222222222 0.1371527777777778
2 0.6416666666666667 0.3862847222222222 0.041666666666666664 0.0642361111111111
2 0.5541666666666667 0.6605902777777778 0.08888888888888889 0.140625
2 0.4486111111111111 0.5694444444444444 0.08611111111111111 0.11805555555555555
2 0.34375 0.4184027777777778 0.043055555555555555 0.059027777777777776
2 0.3263888888888889 0.4427083333333333 0.058333333333333334 0.07291666666666667
2 0.7013888888888888 0.5078125 0.06111111111111111 0.09895833333333333
2 0.29930555555555555 0.4817708333333333 0.04583333333333333 0.08159722222222222
2 0.5583333333333333 0.5720486111111112 0.08611111111111111 0.11631944444444445
2 0.2763888888888889 0.5190972222222222 0.06666666666666667 0.09722222222222222
2 0.7104166666666667 0.4175347222222222 0.0375 0.0642361111111111
