2 0.46458333333333335 0.3967013888888889 0.04861111111111111 0.07118055555555555
2 0.6784722222222223 0.4661458333333333 0.05416666666666667 0.08506944444444445
2 0.7243055555555555 0.5703125 0.07916666666666666 0.10590277777777778
2 0.5263888888888889 0.3888888888888889 0.04722222222222222 0.0625
2 0.32569444444444445 0.4435763888888889 0.059722222222222225 0.07465277777777778
2 0.5583333333333333 0.5703125 0.08611111111111111 0.11979166666666667
2 0.7375 0.4322916666666667 0.05277777777777778 0.0763888888888889
2 0.46597222222222223 0.4418402777777778 0.059722222222222225 0.07465277777777778
2 0.225 0.4800347222222222 0.05555555555555555 0.07118055555555555
2 0.4361111111111111 0.6597222222222222 0.09722222222222222 0.1388888888888889
2 0.7104166666666667 0.4184027777777778 0.0375 0.0625
2 0.5409722222222222 0.4357638888888889 0.0763888888888889 0.07291666666666667
2 0.8395833333333333 0.5633680555555556 0.08194444444444444 0.1232638888888889
2 0.3 0.4826388888888889 0.04722222222222222 0.08333333333333333
2 0.4479166666666667 0.5711805555555556 0.09027777777777778 0.12152777777777778
2 0.6409722222222223 0.3862847222222222 0.043055555555555555 0.0642361111111111
2 0.16944444444444445 0.6710069444444444 0.1111111111111111 0.13368055555555555
2 0.2777777777777778 0.4210069444444444 0.041666666666666664 0.0642361111111111
2 0.28888888888888886 0.390625 0.041666666666666664 0.06597222222222222
2 0.7847222222222222 0.6536458333333334 0.1 0.1440972222222222
2 0.6576388888888889 0.4331597222222222 0.04583333333333333 0.078125
2 0.06180555555555556 0.6605902777777778 0.10138888888888889 0.1440972222222222
2 0.7479166666666667 0.4696180555555556 0.05694444444444444 0.08506944444444445
2 0.4673611111111111 0.5104166666666666 0.06805555555555555 0.1076388888888889
2 0.6951388888888889 0.3862847222222222 0.04027777777777778 0.06770833333333333
2 0.34305555555555556 0.3836805555555556 0.05 0.0625
2 0.5388888888888889 0.4722222222222222 0.06666666666666667 0.08333333333333333
2 0.27569444444444446 0.5190972222222222 0.07083333333333333 0.09722222222222222
2 0.12777777777777777 0.5824652777777778 0.08611111111111111 0.11284722222222222
2 0.7881944444444444 0.5147569444444444 0.06805555555555555 0.08854166666666667
2 0.4756944444444444 0.4105902777777778 0.04583333333333333 0.06076388888888889
2 0.25763888888888886 0.4470486111111111 0.04583333333333333 0.06770833333333333
2 0.17777777777777778 0.5243055555555556 0.06111111111111111 0.0798611111111111
2 0.34444444444444444 0.421875 0.041666666666666664 0.059027777777777776
2 0.7020833333333333 0.5078125 0.0625 0.0954861111111111
2 0.5472222222222223 0.5060763888888888 0.07777777777777778 0.10243055555555555
2 0.22777777777777777 0.5737847222222222 0.07777777777777778 0.11631944444444445
2 0.5555555555555556 0.6614583333333334 0.09166666666666666 0.1423611111111111
