2 0.6951388888888889 0.3871527777777778 0.04027777777777778 0.06597222222222222
2 0.55625 0.6614583333333334 0.09583333333333334 0.1423611111111111
2 0.7847222222222222 0.6545138888888888 0.10277777777777777 0.14583333333333334
2 0.7097222222222223 0.4192708333333333 0.03888888888888889 0.06076388888888889
2 0.46805555555555556 0.5095486111111112 0.06666666666666667 0.0954861111111111
2 0.22569444444444445 0.4800347222222222 0.05694444444444444 0.07465277777777778
2 0.1284722222222222 0.5815972222222222 0.08472222222222223 0.1111111111111111
2 0.47847222222222224 0.4105902777777778 0.04027777777777778 0.057291666666666664
2 0.7875 0.5182291666666666 0.06666666666666667 0.0920138888888889
2 0.3451388888888889 0.4236111111111111 0.0375 0.05555555555555555
2 0.6576388888888889 0.4296875 0.04861111111111111 0.078125
2 0.7493055555555556 0.4696180555555556 0.05694444444444444 0.08506944444444445
2 0.7368055555555556 0.4366319444444444 0.04861111111111111 0.07465277777777778
2 0.6770833333333334 0.4670138888888889 0.05694444444444444 0.08680555555555555
2 0.8395833333333333 0.5668402777777778 0.08472222222222223 0.1267361111111111
2 0.5479166666666667 0.5086805555555556 0.08194444444444444 0.09722222222222222
2 0.46458333333333335 0.46875 0.06527777777777778 0.0798611111111111
2 0.5388888888888889 0.4713541666666667 0.06666666666666667 0.08159722222222222
2 0.5305555555555556 0.3949652777777778 0.05277777777777778 0.06770833333333333
2 0.46111111111111114 0.4331597222222222 0.05 0.06076388888888889
2 0.2986111111111111 0.4826388888888889 0.05 0.08333333333333333
2 0.1798611111111111 0.5251736111111112 0.0625 0.08159722222222222
2 0.6402777777777777 0.3862847222222222 0.041666666666666664 0.0642361111111111
2 0.1701388888888889 0.671875 0.10972222222222222 0.1388888888888889
2 0.3451388888888889 0.3845486111111111 0.05138888888888889 0.0642361111111111
2 0.27569444444444446 0.5208333333333334 0.06805555555555555 0.09375
2 0.5604166666666667 0.5711805555555556 0.0875 0.12152777777777778
2 0.5347222222222222 0.4322916666666667 0.06111111111111111 0.059027777777777776
2 0.9097222222222222 0.6588541666666666 0.1111111111111111 0.13368055555555555
2 0.7034722222222223 0.5078125 0.0625 0.09895833333333333
2 0.4354166666666667 0.6605902777777778 0.09861111111111111 0.1371527777777778
2 0.28958333333333336 0.390625 0.04027777777777778 0.06597222222222222
2 0.44930555555555557 0.5694444444444444 0.09027777777777778 0.12152777777777778
2 0.7243055555555555 0.5737847222222222 0.08194444444444444 0.109375
2 0.3277777777777778 0.4461805555555556 0.058333333333333334 0.0763888888888889
2 0.2743055555555556 0.4253472222222222 0.05416666666666667 0.07291666666666667
2 0.22916666666666666 0.5737847222222222 0.07777777777777778 0.11631944444444445
2 0.06180555555555556 0.6649305555555556 0.10138888888888889 0.1423611111111111
