2 0.6548611111111111 0.2079207920792079 0.0375 0.06930693069306931
2 0.38958333333333334 0.3378712871287129 0.059722222222222225 0.10643564356435643
2 0.7125 0.3353960396039604 0.06111111111111111 0.13613861386138615
2 0.8083333333333333 0.3465346534653465 0.05277777777777778 0.09900990099009901
2 0.35625 0.2376237623762376 0.0375 0.08415841584158416
2 0.22083333333333333 0.3353960396039604 0.06111111111111111 0.10643564356435643
2 0.3368055555555556 0.27722772277227725 0.05416666666666667 0.10396039603960396
2 0.41597222222222224 0.28094059405940597 0.04861111111111111 0.09158415841584158
2 0.3625 0.41707920792079206 0.06666666666666667 0.11633663366336634
5 0.6861111111111111 0.24133663366336633 0.05 0.18564356435643564
2 0.6159722222222223 0.34529702970297027 0.05138888888888889 0.11633663366336634
2 0.3715277777777778 0.1967821782178218 0.04027777777777778 0.07673267326732673
2 0.8652777777777778 0.4319306930693069 0.06666666666666667 0.1311881188118812
2 0.31319444444444444 0.20297029702970298 0.04027777777777778 0.06930693069306931
2 0.4326388888888889 0.1967821782178218 0.043055555555555555 0.07673267326732673
2 0.8041666666666667 0.5383663366336634 0.08611111111111111 0.18564356435643564
2 0.29375 0.2400990099009901 0.043055555555555555 0.07920792079207921
2 0.2625 0.4146039603960396 0.06388888888888888 0.12623762376237624
2 0.4284722222222222 0.24628712871287128 0.0375 0.08168316831683169
2 0.6916666666666667 0.5396039603960396 0.075 0.15841584158415842
2 0.5791666666666667 0.20544554455445543 0.03611111111111111 0.07425742574257425
2 0.6444444444444445 0.42945544554455445 0.06388888888888888 0.1311881188118812
2 0.26458333333333334 0.2747524752475248 0.04861111111111111 0.0891089108910891
2 0.7569444444444444 0.42574257425742573 0.06666666666666667 0.13366336633663367
2 0.3375 0.5284653465346535 0.07777777777777778 0.16584158415841585
2 0.6 0.2376237623762376 0.041666666666666664 0.09405940594059406
2 0.15069444444444444 0.4034653465346535 0.06805555555555555 0.15346534653465346
2 0.7388888888888889 0.23514851485148514 0.044444444444444446 0.0891089108910891
2 0.07777777777777778 0.5111386138613861 0.09166666666666666 0.17574257425742573
2 0.6111111111111112 0.2871287128712871 0.05277777777777778 0.10396039603960396
2 0.20416666666666666 0.5123762376237624 0.09166666666666666 0.19306930693069307
2 0.7708333333333334 0.28589108910891087 0.05277777777777778 0.10148514851485149
2 0.3020833333333333 0.349009900990099 0.04861111111111111 0.09405940594059406
2 0.9451388888888889 0.5321782178217822 0.09305555555555556 0.19306930693069307
