1 0.5611111111111111 0.5668402777777778 0.08055555555555556 0.109375
1 0.2673611111111111 0.5243055555555556 0.08194444444444444 0.09027777777777778
0 0.46041666666666664 0.4791666666666667 0.08194444444444444 0.0763888888888889
0 0.43472222222222223 0.5868055555555556 0.10555555555555556 0.08333333333333333
0 0.4583333333333333 0.5295138888888888 0.09166666666666666 0.0625
0 0.7090277777777778 0.5295138888888888 0.09305555555555556 0.06597222222222222
0 0.12222222222222222 0.5980902777777778 0.09166666666666666 0.0920138888888889
1 0.05486111111111111 0.6744791666666666 0.10972222222222222 0.14756944444444445
0 0.5534722222222223 0.515625 0.08472222222222223 0.08680555555555555
1 0.83125 0.5651041666666666 0.08194444444444444 0.11284722222222222
0 0.7256944444444444 0.5876736111111112 0.10694444444444444 0.0954861111111111
0 0.16875 0.6848958333333334 0.12916666666666668 0.13368055555555555
1 0.22916666666666666 0.5833333333333334 0.10833333333333334 0.11458333333333333
