0 0.12222222222222222 0.5989583333333334 0.08888888888888889 0.09375
0 0.46041666666666664 0.4800347222222222 0.08194444444444444 0.078125
0 0.4340277777777778 0.5859375 0.10694444444444444 0.08506944444444445
0 0.05347222222222222 0.6762152777777778 0.10694444444444444 0.1440972222222222
1 0.8305555555555556 0.5703125 0.08055555555555556 0.11284722222222222
0 0.7951388888888888 0.5234375 0.07916666666666666 0.07465277777777778
0 0.45902777777777776 0.53125 0.09305555555555556 0.0625
0 0.7263888888888889 0.5894097222222222 0.10555555555555556 0.0954861111111111
1 0.26805555555555555 0.5217013888888888 0.075 0.0920138888888889
1 0.22847222222222222 0.5833333333333334 0.10972222222222222 0.11805555555555555
1 0.05416666666666667 0.6736111111111112 0.10833333333333334 0.14930555555555555
0 0.7076388888888889 0.5286458333333334 0.09305555555555556 0.06770833333333333
0 0.5368055555555555 0.4826388888888889 0.08472222222222223 0.0625
1 0.9194444444444444 0.6545138888888888 0.1361111111111111 0.1527777777777778
0 0.16805555555555557 0.6866319444444444 0.13055555555555556 0.13020833333333334
