0 0.46111111111111114 0.4809027777777778 0.08333333333333333 0.07291666666666667
1 0.24166666666666667 0.5868055555555556 0.08611111111111111 0.13194444444444445
0 0.5402777777777777 0.4809027777777778 0.08055555555555556 0.059027777777777776
0 0.7979166666666667 0.5251736111111112 0.08194444444444444 0.07465277777777778
0 0.5701388888888889 0.5824652777777778 0.09861111111111111 0.0954861111111111
0 0.17222222222222222 0.6814236111111112 0.12777777777777777 0.13368055555555555
1 0.9229166666666667 0.65625 0.1375 0.1527777777777778
0 0.12361111111111112 0.5954861111111112 0.08888888888888889 0.08680555555555555
0 0.8298611111111112 0.5737847222222222 0.09027777777777778 0.10590277777777778
2 0.05486111111111111 0.6701388888888888 0.10694444444444444 0.14930555555555555
1 0.26944444444444443 0.5234375 0.07777777777777778 0.0920138888888889
0 0.5576388888888889 0.5269097222222222 0.10416666666666667 0.0642361111111111
0 0.7270833333333333 0.5894097222222222 0.10694444444444444 0.0954861111111111
0 0.4354166666666667 0.5850694444444444 0.10972222222222222 0.0798611111111111
0 0.7090277777777778 0.5286458333333334 0.09583333333333334 0.06770833333333333
0 0.7895833333333333 0.6605902777777778 0.1125 0.13368055555555555
