0 0.7270833333333333 0.5868055555555556 0.1125 0.08680555555555555
0 0.7951388888888888 0.5208333333333334 0.07916666666666666 0.0763888888888889
1 0.9236111111111112 0.6605902777777778 0.13333333333333333 0.1440972222222222
0 0.5631944444444444 0.5807291666666666 0.10972222222222222 0.10243055555555555
0 0.43472222222222223 0.5876736111111112 0.10555555555555556 0.08854166666666667
0 0.7138888888888889 0.5260416666666666 0.10277777777777777 0.06597222222222222
0 0.8291666666666667 0.5737847222222222 0.09166666666666666 0.10590277777777778
0 0.4618055555555556 0.4800347222222222 0.08472222222222223 0.07465277777777778
1 0.2722222222222222 0.5199652777777778 0.08333333333333333 0.10243055555555555
1 0.2298611111111111 0.4817708333333333 0.0625 0.07465277777777778
0 0.5381944444444444 0.4861111111111111 0.08194444444444444 0.05555555555555555
1 0.23194444444444445 0.5833333333333334 0.1 0.11805555555555555
2 0.05416666666666667 0.6692708333333334 0.10555555555555556 0.140625
0 0.1763888888888889 0.6901041666666666 0.14722222222222223 0.1232638888888889
1 0.125 0.5885416666666666 0.09444444444444444 0.10069444444444445
0 0.5479166666666667 0.5225694444444444 0.10416666666666667 0.07291666666666667
