1 0.2298611111111111 0.5868055555555556 0.10416666666666667 0.11805555555555555
0 0.16944444444444445 0.6788194444444444 0.13055555555555556 0.1388888888888889
0 0.7895833333333333 0.5217013888888888 0.09305555555555556 0.07465277777777778
0 0.56875 0.5789930555555556 0.09027777777777778 0.09895833333333333
0 0.7069444444444445 0.5208333333333334 0.09166666666666666 0.08680555555555555
0 0.78125 0.6692708333333334 0.13194444444444445 0.1371527777777778
0 0.32013888888888886 0.4487847222222222 0.07361111111111111 0.07465277777777778
1 0.9229166666666667 0.6597222222222222 0.13472222222222222 0.1527777777777778
1 0.05555555555555555 0.6744791666666666 0.09722222222222222 0.1267361111111111
1 0.2743055555555556 0.5182291666666666 0.09027777777777778 0.10590277777777778
0 0.5416666666666666 0.4878472222222222 0.09722222222222222 0.059027777777777776
0 0.43333333333333335 0.5894097222222222 0.10555555555555556 0.0920138888888889
0 0.4479166666666667 0.5321180555555556 0.09861111111111111 0.0642361111111111
0 0.8340277777777778 0.5850694444444444 0.10972222222222222 0.1076388888888889
0 0.5506944444444445 0.5286458333333334 0.10416666666666667 0.06770833333333333
0 0.7354166666666667 0.5946180555555556 0.09305555555555556 0.0954861111111111
