1 0.9222222222222223 0.65625 0.1361111111111111 0.1527777777777778
0 0.8361111111111111 0.5807291666666666 0.1111111111111111 0.10590277777777778
0 0.4354166666666667 0.6753472222222222 0.12083333333333333 0.1111111111111111
0 0.1326388888888889 0.5859375 0.09305555555555556 0.11284722222222222
0 0.5618055555555556 0.6631944444444444 0.12916666666666668 0.13541666666666666
0 0.7895833333333333 0.5208333333333334 0.0875 0.0763888888888889
0 0.4583333333333333 0.53125 0.09444444444444444 0.07291666666666667
1 0.45902777777777776 0.4817708333333333 0.07916666666666666 0.06770833333333333
0 0.7361111111111112 0.5894097222222222 0.09444444444444444 0.0920138888888889
0 0.5611111111111111 0.5807291666666666 0.10833333333333334 0.0920138888888889
0 0.7055555555555556 0.5243055555555556 0.10277777777777777 0.08680555555555555
0 0.16875 0.6788194444444444 0.13472222222222222 0.13194444444444445
1 0.05555555555555555 0.6744791666666666 0.1 0.11979166666666667
0 0.5479166666666667 0.5286458333333334 0.10416666666666667 0.06770833333333333
1 0.2743055555555556 0.5130208333333334 0.0875 0.09895833333333333
0 0.3194444444444444 0.4461805555555556 0.07222222222222222 0.06944444444444445
1 0.22430555555555556 0.5850694444444444 0.09861111111111111 0.1111111111111111
0 0.4409722222222222 0.6024305555555556 0.11805555555555555 0.08680555555555555
0 0.7868055555555555 0.6553819444444444 0.14305555555555555 0.15104166666666666
0 0.5381944444444444 0.4887152777777778 0.09305555555555556 0.05381944444444445
