0 0.5625 0.6692708333333334 0.13055555555555556 0.11979166666666667
0 0.7888888888888889 0.5243055555555556 0.08888888888888889 0.06944444444444445
0 0.4444444444444444 0.5842013888888888 0.10555555555555556 0.10243055555555555
0 0.7041666666666667 0.5277777777777778 0.1 0.0798611111111111
0 0.5381944444444444 0.484375 0.09305555555555556 0.0625
0 0.425 0.6770833333333334 0.13333333333333333 0.09722222222222222
0 0.4597222222222222 0.5321180555555556 0.09444444444444444 0.07118055555555555
0 0.5465277777777777 0.5321180555555556 0.10416666666666667 0.07118055555555555
0 0.5493055555555556 0.5772569444444444 0.10138888888888889 0.0954861111111111
0 0.12708333333333333 0.5824652777777778 0.09583333333333334 0.10590277777777778
0 0.46041666666666664 0.4852430555555556 0.08472222222222223 0.07118055555555555
1 0.2652777777777778 0.5164930555555556 0.07222222222222222 0.09895833333333333
1 0.05416666666666667 0.6770833333333334 0.09722222222222222 0.12152777777777778
0 0.17083333333333334 0.6762152777777778 0.1361111111111111 0.13020833333333334
1 0.22777777777777777 0.5876736111111112 0.10555555555555556 0.11631944444444445
0 0.8361111111111111 0.5807291666666666 0.10555555555555556 0.10590277777777778
0 0.7333333333333333 0.5902777777777778 0.09166666666666666 0.08680555555555555
1 0.9208333333333333 0.6571180555555556 0.1388888888888889 0.1545138888888889
2 0.7916666666666666 0.6614583333333334 0.1111111111111111 0.14930555555555555
0 0.6805555555555556 0.4826388888888889 0.08333333333333333 0.0625
