0 0.7013888888888888 0.5190972222222222 0.1 0.09722222222222222
0 0.7208333333333333 0.5902777777777778 0.10277777777777777 0.08333333333333333
1 0.22708333333333333 0.5842013888888888 0.10138888888888889 0.11284722222222222
0 0.16666666666666666 0.6805555555555556 0.14166666666666666 0.125
1 0.2722222222222222 0.4296875 0.05277777777777778 0.0642361111111111
0 0.42569444444444443 0.6753472222222222 0.13472222222222222 0.10069444444444445
2 0.1798611111111111 0.5251736111111112 0.0625 0.078125
0 0.5361111111111111 0.4774305555555556 0.08333333333333333 0.0625
1 0.5541666666666667 0.5772569444444444 0.11388888888888889 0.11631944444444445
1 0.050694444444444445 0.6762152777777778 0.10138888888888889 0.109375
1 0.22777777777777777 0.4817708333333333 0.06388888888888888 0.078125
0 0.7923611111111111 0.5208333333333334 0.0875 0.0763888888888889
0 0.7555555555555555 0.4852430555555556 0.06944444444444445 0.0642361111111111
2 0.4444444444444444 0.5807291666666666 0.10833333333333334 0.1267361111111111
0 0.4597222222222222 0.4852430555555556 0.075 0.0642361111111111
0 0.5472222222222223 0.5208333333333334 0.09722222222222222 0.0798611111111111
1 0.27361111111111114 0.5173611111111112 0.08611111111111111 0.10069444444444445
0 0.8354166666666667 0.5815972222222222 0.1125 0.10416666666666667
1 0.9194444444444444 0.6588541666666666 0.14166666666666666 0.1545138888888889
0 0.5520833333333334 0.5737847222222222 0.1125 0.13368055555555555
0 0.5652777777777778 0.6666666666666666 0.13333333333333333 0.1284722222222222
