2 0.46458333333333335 0.4375 0.06527777777777778 0.06597222222222222
1 0.22569444444444445 0.4835069444444444 0.0625 0.078125
0 0.4597222222222222 0.5347222222222222 0.09722222222222222 0.06944444444444445
0 0.7930555555555555 0.5208333333333334 0.08611111111111111 0.0763888888888889
0 0.6958333333333333 0.5190972222222222 0.08333333333333333 0.08333333333333333
0 0.5659722222222222 0.6805555555555556 0.13472222222222222 0.1076388888888889
1 0.23194444444444445 0.5842013888888888 0.10277777777777777 0.10590277777777778
0 0.8402777777777778 0.5815972222222222 0.10277777777777777 0.1076388888888889
1 0.9201388888888888 0.6571180555555556 0.1375 0.15104166666666666
1 0.2708333333333333 0.5173611111111112 0.07777777777777778 0.10069444444444445
0 0.44722222222222224 0.5807291666666666 0.10833333333333334 0.109375
0 0.13472222222222222 0.5868055555555556 0.08611111111111111 0.09375
0 0.7243055555555555 0.578125 0.09583333333333334 0.1111111111111111
1 0.050694444444444445 0.6753472222222222 0.10138888888888889 0.1111111111111111
0 0.23194444444444445 0.5859375 0.1 0.10590277777777778
2 0.7930555555555555 0.6605902777777778 0.10555555555555556 0.1440972222222222
1 0.7243055555555555 0.5763888888888888 0.09583333333333334 0.1076388888888889
0 0.55625 0.5824652777777778 0.11805555555555555 0.11284722222222222
0 0.55 0.5138888888888888 0.09444444444444444 0.08333333333333333
7 0.3416666666666667 0.4644097222222222 0.13055555555555556 0.1440972222222222
2 0.17708333333333334 0.5260416666666666 0.06527777777777778 0.0798611111111111
0 0.4263888888888889 0.6779513888888888 0.13333333333333333 0.09895833333333333
0 0.46319444444444446 0.4835069444444444 0.07916666666666666 0.06770833333333333
0 0.16805555555555557 0.6814236111111112 0.1388888888888889 0.1267361111111111
