0 0.6958333333333333 0.5217013888888888 0.09166666666666666 0.08854166666666667
0 0.2326388888888889 0.5850694444444444 0.09583333333333334 0.10416666666666667
1 0.05555555555555555 0.6736111111111112 0.1111111111111111 0.12152777777777778
1 0.4625 0.5277777777777778 0.09722222222222222 0.0763888888888889
1 0.27361111111111114 0.5182291666666666 0.08055555555555556 0.10590277777777778
1 0.23194444444444445 0.5850694444444444 0.1 0.1076388888888889
1 0.55625 0.578125 0.10972222222222222 0.10416666666666667
0 0.1361111111111111 0.5868055555555556 0.08611111111111111 0.1076388888888889
1 0.5506944444444445 0.5199652777777778 0.09305555555555556 0.08506944444444445
0 0.7194444444444444 0.5876736111111112 0.10277777777777777 0.0954861111111111
0 0.5680555555555555 0.6788194444444444 0.14166666666666666 0.11458333333333333
2 0.46597222222222223 0.4357638888888889 0.05416666666666667 0.06597222222222222
1 0.9194444444444444 0.65625 0.1388888888888889 0.15625
1 0.45694444444444443 0.4861111111111111 0.08055555555555556 0.06944444444444445
0 0.8416666666666667 0.5720486111111112 0.09722222222222222 0.10243055555555555
0 0.16805555555555557 0.6770833333333334 0.12777777777777777 0.14583333333333334
2 0.7881944444444444 0.6579861111111112 0.10694444444444444 0.1527777777777778
