0 0.16666666666666666 0.6692708333333334 0.1361111111111111 0.1440972222222222
0 0.5652777777777778 0.6753472222222222 0.11944444444444445 0.12152777777777778
1 0.9194444444444444 0.6571180555555556 0.1388888888888889 0.1545138888888889
0 0.8458333333333333 0.5711805555555556 0.08888888888888889 0.10416666666666667
1 0.4625 0.5295138888888888 0.09722222222222222 0.0798611111111111
2 0.7923611111111111 0.6510416666666666 0.10138888888888889 0.14930555555555555
1 0.45902777777777776 0.4826388888888889 0.07916666666666666 0.06944444444444445
0 0.12152777777777778 0.5833333333333334 0.10138888888888889 0.10416666666666667
1 0.5576388888888889 0.5772569444444444 0.10972222222222222 0.10243055555555555
1 0.2777777777777778 0.5173611111111112 0.08055555555555556 0.1076388888888889
0 0.4263888888888889 0.6770833333333334 0.1388888888888889 0.09722222222222222
1 0.2298611111111111 0.4782986111111111 0.0625 0.07118055555555555
1 0.4444444444444444 0.5772569444444444 0.1111111111111111 0.11284722222222222
0 0.05416666666666667 0.6762152777777778 0.10277777777777777 0.11979166666666667
0 0.23194444444444445 0.5859375 0.10555555555555556 0.10590277777777778
0 0.5486111111111112 0.515625 0.08888888888888889 0.08680555555555555
1 0.5375 0.4817708333333333 0.075 0.06076388888888889
0 0.5381944444444444 0.4835069444444444 0.07361111111111111 0.06076388888888889
2 0.4652777777777778 0.4357638888888889 0.05555555555555555 0.06944444444444445
