6 0.8152777777777778 0.6111111111111112 0.28888888888888886 0.2013888888888889
1 0.25833333333333336 0.5234375 0.09444444444444444 0.0920138888888889
6 0.2986111111111111 0.4375 0.125 0.0798611111111111
6 0.5006944444444444 0.4010416666666667 0.10972222222222222 0.052083333333333336
6 0.5006944444444444 0.4296875 0.13194444444444445 0.07118055555555555
6 0.31875 0.3871527777777778 0.10694444444444444 0.07291666666666667
6 0.6694444444444444 0.3897569444444444 0.10277777777777777 0.0642361111111111
6 0.5069444444444444 0.4982638888888889 0.16111111111111112 0.1111111111111111
3 0.6993055555555555 0.5130208333333334 0.08194444444444444 0.10243055555555555
6 0.14652777777777778 0.6189236111111112 0.27361111111111114 0.22395833333333334
