6 0.4986111111111111 0.4296875 0.125 0.06770833333333333
6 0.3229166666666667 0.3897569444444444 0.10416666666666667 0.07118055555555555
6 0.5027777777777778 0.3940972222222222 0.1111111111111111 0.05555555555555555
6 0.7083333333333334 0.4296875 0.11944444444444445 0.07465277777777778
6 0.26875 0.4270833333333333 0.05416666666666667 0.0798611111111111
6 0.3298611111111111 0.4331597222222222 0.06527777777777778 0.0920138888888889
6 0.5638888888888889 0.6310763888888888 0.11666666666666667 0.19618055555555555
6 0.43680555555555556 0.6345486111111112 0.12638888888888888 0.1892361111111111
6 0.8055555555555556 0.6171875 0.28055555555555556 0.19270833333333334
7 0.2847222222222222 0.5590277777777778 0.14722222222222223 0.1840277777777778
6 0.6694444444444444 0.390625 0.09722222222222222 0.059027777777777776
6 0.15347222222222223 0.6354166666666666 0.23472222222222222 0.21875
6 0.7368055555555556 0.4947916666666667 0.18194444444444444 0.1284722222222222
6 0.5083333333333333 0.5043402777777778 0.16111111111111112 0.10243055555555555
