6 0.5055555555555555 0.5026041666666666 0.15833333333333333 0.11979166666666667
6 0.6972222222222222 0.4270833333333333 0.12777777777777777 0.0763888888888889
6 0.7993055555555556 0.6102430555555556 0.2847222222222222 0.2065972222222222
6 0.15 0.6293402777777778 0.24444444444444444 0.2065972222222222
6 0.6701388888888888 0.3888888888888889 0.09583333333333334 0.059027777777777776
6 0.5048611111111111 0.4322916666666667 0.13194444444444445 0.06944444444444445
6 0.5055555555555555 0.3914930555555556 0.10833333333333334 0.06076388888888889
6 0.31805555555555554 0.3914930555555556 0.10277777777777777 0.0642361111111111
6 0.7222222222222222 0.4913194444444444 0.16111111111111112 0.13541666666666666
6 0.46041666666666664 0.6232638888888888 0.16527777777777777 0.19444444444444445
6 0.5180555555555556 0.6328125 0.18888888888888888 0.1892361111111111
