6 0.5090277777777777 0.4331597222222222 0.12361111111111112 0.0642361111111111
6 0.5048611111111111 0.6215277777777778 0.2263888888888889 0.19791666666666666
6 0.31875 0.3897569444444444 0.10694444444444444 0.06076388888888889
6 0.5090277777777777 0.5017361111111112 0.15138888888888888 0.11805555555555555
6 0.14722222222222223 0.6284722222222222 0.2388888888888889 0.2048611111111111
6 0.5083333333333333 0.4010416666666667 0.10833333333333334 0.0625
6 0.6680555555555555 0.390625 0.09444444444444444 0.0625
6 0.7145833333333333 0.4965277777777778 0.14027777777777778 0.11458333333333333
6 0.6951388888888889 0.4314236111111111 0.12916666666666668 0.08159722222222222
6 0.8118055555555556 0.6119791666666666 0.2569444444444444 0.1892361111111111
6 0.3 0.4357638888888889 0.13055555555555556 0.09375
6 0.2520833333333333 0.5112847222222222 0.1597222222222222 0.11631944444444445
