6 0.4965277777777778 0.4296875 0.1375 0.08506944444444445
6 0.3 0.4331597222222222 0.125 0.0920138888888889
6 0.14722222222222223 0.6258680555555556 0.24166666666666667 0.2065972222222222
6 0.6965277777777777 0.4270833333333333 0.13472222222222222 0.07291666666666667
6 0.5041666666666667 0.6197916666666666 0.22777777777777777 0.19444444444444445
6 0.2520833333333333 0.5078125 0.16527777777777777 0.11979166666666667
6 0.7326388888888888 0.4956597222222222 0.17916666666666667 0.11631944444444445
6 0.5020833333333333 0.4991319444444444 0.1597222222222222 0.11631944444444445
6 0.3173611111111111 0.3888888888888889 0.10416666666666667 0.06597222222222222
6 0.6694444444444444 0.3897569444444444 0.09444444444444444 0.06076388888888889
6 0.8131944444444444 0.6111111111111112 0.25416666666666665 0.1909722222222222
