6 0.7361111111111112 0.4930555555555556 0.175 0.12152777777777778
6 0.5020833333333333 0.4322916666666667 0.14027777777777778 0.08680555555555555
6 0.14652777777777778 0.6241319444444444 0.24305555555555555 0.21006944444444445
6 0.44930555555555557 0.6223958333333334 0.12638888888888888 0.171875
6 0.8104166666666667 0.6128472222222222 0.2513888888888889 0.19791666666666666
6 0.69375 0.4279513888888889 0.12916666666666668 0.07465277777777778
6 0.6708333333333333 0.390625 0.1 0.059027777777777776
6 0.31805555555555554 0.3897569444444444 0.10555555555555556 0.06770833333333333
6 0.5 0.6232638888888888 0.2222222222222222 0.19444444444444445
6 0.5069444444444444 0.5 0.1527777777777778 0.11805555555555555
6 0.2986111111111111 0.4348958333333333 0.1361111111111111 0.0920138888888889
6 0.25 0.5069444444444444 0.16944444444444445 0.11805555555555555
