6 0.7 0.4279513888888889 0.11944444444444445 0.08159722222222222
6 0.6708333333333333 0.390625 0.09444444444444444 0.059027777777777776
6 0.5020833333333333 0.4322916666666667 0.13472222222222222 0.07291666666666667
6 0.3055555555555556 0.4331597222222222 0.11388888888888889 0.0920138888888889
6 0.7347222222222223 0.4947916666666667 0.16944444444444445 0.1284722222222222
6 0.8131944444444444 0.6102430555555556 0.23194444444444445 0.21006944444444445
6 0.15208333333333332 0.6267361111111112 0.22361111111111112 0.21180555555555555
6 0.5090277777777777 0.6267361111111112 0.2013888888888889 0.1909722222222222
6 0.4527777777777778 0.6267361111111112 0.125 0.17708333333333334
6 0.2465277777777778 0.5043402777777778 0.16805555555555557 0.1232638888888889
6 0.50625 0.5017361111111112 0.15416666666666667 0.11458333333333333
6 0.32013888888888886 0.390625 0.09583333333333334 0.06597222222222222
