6 0.7222222222222222 0.4800347222222222 0.15555555555555556 0.0920138888888889
6 0.5055555555555555 0.4973958333333333 0.1638888888888889 0.11631944444444445
6 0.8 0.6119791666666666 0.26944444444444443 0.203125
6 0.6708333333333333 0.390625 0.09722222222222222 0.05555555555555555
6 0.30416666666666664 0.4305555555555556 0.11388888888888889 0.08680555555555555
6 0.14722222222222223 0.6293402777777778 0.24722222222222223 0.19618055555555555
6 0.5027777777777778 0.4079861111111111 0.11666666666666667 0.05555555555555555
6 0.2388888888888889 0.5043402777777778 0.16666666666666666 0.11979166666666667
6 0.31666666666666665 0.3914930555555556 0.11388888888888889 0.06770833333333333
6 0.5034722222222222 0.6206597222222222 0.22361111111111112 0.1996527777777778
6 0.50625 0.4288194444444444 0.13194444444444445 0.06597222222222222
