6 0.5013888888888889 0.3958333333333333 0.11944444444444445 0.06597222222222222
6 0.5034722222222222 0.4322916666666667 0.13194444444444445 0.0798611111111111
6 0.5027777777777778 0.5017361111111112 0.16666666666666666 0.11805555555555555
6 0.3138888888888889 0.4340277777777778 0.09444444444444444 0.09375
6 0.2465277777777778 0.5026041666666666 0.15694444444444444 0.11979166666666667
6 0.2743055555555556 0.4305555555555556 0.08194444444444444 0.06944444444444445
6 0.8118055555555556 0.6145833333333334 0.25972222222222224 0.19791666666666666
6 0.32222222222222224 0.3914930555555556 0.1 0.07118055555555555
6 0.15416666666666667 0.6258680555555556 0.23333333333333334 0.2065972222222222
6 0.66875 0.3914930555555556 0.09861111111111111 0.06076388888888889
6 0.7270833333333333 0.4930555555555556 0.17916666666666667 0.125
