6 0.23958333333333334 0.5043402777777778 0.16527777777777777 0.1232638888888889
6 0.49444444444444446 0.6215277777777778 0.20833333333333334 0.19444444444444445
6 0.8118055555555556 0.6137152777777778 0.2513888888888889 0.19618055555555555
6 0.15625 0.6258680555555556 0.2375 0.2065972222222222
6 0.32569444444444445 0.4383680555555556 0.07916666666666666 0.0920138888888889
6 0.7298611111111111 0.4921875 0.1736111111111111 0.13368055555555555
6 0.5006944444444444 0.3993055555555556 0.11527777777777778 0.06597222222222222
6 0.5041666666666667 0.5043402777777778 0.16666666666666666 0.11284722222222222
6 0.49930555555555556 0.4331597222222222 0.12361111111111112 0.0642361111111111
6 0.6881944444444444 0.4236111111111111 0.11805555555555555 0.07291666666666667
6 0.6680555555555555 0.3914930555555556 0.09444444444444444 0.057291666666666664
