1 0.27847222222222223 0.5225694444444444 0.0875 0.08680555555555555
2 0.5645833333333333 0.5703125 0.09861111111111111 0.11979166666666667
1 0.8402777777777778 0.5651041666666666 0.10277777777777777 0.11631944444444445
0 0.11944444444444445 0.5868055555555556 0.10277777777777777 0.1111111111111111
1 0.9125 0.65625 0.125 0.1597222222222222
1 0.42916666666666664 0.6649305555555556 0.125 0.11458333333333333
0 0.7263888888888889 0.5703125 0.09444444444444444 0.11631944444444445
2 0.4597222222222222 0.4409722222222222 0.06666666666666667 0.07291666666666667
6 0.7951388888888888 0.6649305555555556 0.17083333333333334 0.15625
0 0.17569444444444443 0.6762152777777778 0.14305555555555555 0.13368055555555555
2 0.5381944444444444 0.46875 0.06805555555555555 0.0798611111111111
2 0.5493055555555556 0.5026041666666666 0.07361111111111111 0.0920138888888889
5 0.4666666666666667 0.5321180555555556 0.09722222222222222 0.1753472222222222
1 0.2986111111111111 0.4817708333333333 0.06111111111111111 0.08159722222222222
1 0.23055555555555557 0.5807291666666666 0.1 0.11979166666666667
1 0.5506944444444445 0.6571180555555556 0.10416666666666667 0.1371527777777778
1 0.05555555555555555 0.6710069444444444 0.1111111111111111 0.140625
2 0.54375 0.4166666666666667 0.0625 0.07291666666666667
