1 0.4326388888888889 0.6640625 0.1375 0.1267361111111111
1 0.5361111111111111 0.4678819444444444 0.07222222222222222 0.078125
1 0.05416666666666667 0.6762152777777778 0.10555555555555556 0.14756944444444445
2 0.5375 0.4678819444444444 0.07222222222222222 0.07465277777777778
1 0.3277777777777778 0.4401041666666667 0.06666666666666667 0.078125
1 0.27708333333333335 0.5225694444444444 0.0875 0.08680555555555555
5 0.46597222222222223 0.5347222222222222 0.09861111111111111 0.1701388888888889
2 0.5576388888888889 0.5078125 0.07916666666666666 0.0954861111111111
2 0.2263888888888889 0.4774305555555556 0.05555555555555555 0.07291666666666667
1 0.28888888888888886 0.3871527777777778 0.044444444444444446 0.07291666666666667
1 0.22847222222222222 0.5824652777777778 0.10416666666666667 0.1232638888888889
1 0.9222222222222223 0.6579861111111112 0.13055555555555556 0.1527777777777778
1 0.7826388888888889 0.6657986111111112 0.1375 0.140625
1 0.8402777777777778 0.5633680555555556 0.1 0.11284722222222222
0 0.7388888888888889 0.5824652777777778 0.09166666666666666 0.0954861111111111
0 0.1673611111111111 0.6866319444444444 0.1375 0.13368055555555555
0 0.11944444444444445 0.5902777777777778 0.10833333333333334 0.10069444444444445
1 0.2986111111111111 0.484375 0.06111111111111111 0.0798611111111111
1 0.55 0.6649305555555556 0.10555555555555556 0.13541666666666666
1 0.5541666666666667 0.5746527777777778 0.09722222222222222 0.1076388888888889
2 0.46041666666666664 0.4401041666666667 0.06805555555555555 0.07118055555555555
