1 0.42430555555555555 0.6762152777777778 0.13472222222222222 0.10590277777777778
6 0.30486111111111114 0.4418402777777778 0.11527777777777778 0.08854166666666667
1 0.55625 0.5763888888888888 0.10416666666666667 0.10416666666666667
1 0.8381944444444445 0.5659722222222222 0.10138888888888889 0.1111111111111111
2 0.46111111111111114 0.4409722222222222 0.06944444444444445 0.06944444444444445
1 0.73125 0.5789930555555556 0.08194444444444444 0.09895833333333333
1 0.5513888888888889 0.6588541666666666 0.10555555555555556 0.13020833333333334
2 0.22777777777777777 0.4774305555555556 0.06111111111111111 0.06944444444444445
1 0.5388888888888889 0.4722222222222222 0.08611111111111111 0.0763888888888889
1 0.2298611111111111 0.5815972222222222 0.10138888888888889 0.11805555555555555
1 0.12291666666666666 0.5894097222222222 0.10694444444444444 0.10243055555555555
1 0.16666666666666666 0.6831597222222222 0.14722222222222223 0.1267361111111111
1 0.7840277777777778 0.6666666666666666 0.13472222222222222 0.1388888888888889
5 0.46458333333333335 0.5373263888888888 0.09583333333333334 0.171875
1 0.058333333333333334 0.6692708333333334 0.11666666666666667 0.1371527777777778
1 0.27569444444444446 0.5234375 0.08194444444444444 0.08506944444444445
1 0.9215277777777777 0.6579861111111112 0.13194444444444445 0.14930555555555555
