1 0.275 0.5243055555555556 0.08055555555555556 0.08680555555555555
1 0.5520833333333334 0.6605902777777778 0.10972222222222222 0.1371527777777778
2 0.7333333333333333 0.4392361111111111 0.04722222222222222 0.07291666666666667
3 0.05486111111111111 0.6684027777777778 0.10416666666666667 0.14930555555555555
2 0.34652777777777777 0.3923611111111111 0.05138888888888889 0.06597222222222222
1 0.9215277777777777 0.6597222222222222 0.12916666666666668 0.14583333333333334
2 0.8388888888888889 0.5633680555555556 0.09166666666666666 0.1232638888888889
1 0.4618055555555556 0.4817708333333333 0.0763888888888889 0.06076388888888889
2 0.6951388888888889 0.3897569444444444 0.034722222222222224 0.057291666666666664
2 0.5534722222222223 0.5069444444444444 0.08194444444444444 0.09722222222222222
2 0.5361111111111111 0.4722222222222222 0.06666666666666667 0.0763888888888889
0 0.4270833333333333 0.6666666666666666 0.14027777777777778 0.13194444444444445
2 0.4597222222222222 0.4418402777777778 0.06666666666666667 0.07118055555555555
1 0.2298611111111111 0.5815972222222222 0.10138888888888889 0.12152777777777778
2 0.7513888888888889 0.4730902777777778 0.058333333333333334 0.07465277777777778
2 0.2875 0.3880208333333333 0.04722222222222222 0.06770833333333333
2 0.5395833333333333 0.4305555555555556 0.0625 0.059027777777777776
2 0.7854166666666667 0.5164930555555556 0.07083333333333333 0.08854166666666667
2 0.6381944444444444 0.3932291666666667 0.043055555555555555 0.06770833333333333
1 0.12708333333333333 0.5868055555555556 0.10138888888888889 0.11805555555555555
2 0.675 0.4678819444444444 0.06111111111111111 0.08506944444444445
1 0.4618055555555556 0.5234375 0.09583333333333334 0.07118055555555555
1 0.2548611111111111 0.4487847222222222 0.05138888888888889 0.0642361111111111
1 0.16944444444444445 0.6779513888888888 0.1361111111111111 0.13020833333333334
2 0.55625 0.5703125 0.08472222222222223 0.1232638888888889
2 0.18055555555555555 0.5217013888888888 0.06666666666666667 0.0920138888888889
1 0.7875 0.6588541666666666 0.12777777777777777 0.15104166666666666
2 0.22708333333333333 0.4800347222222222 0.05694444444444444 0.07118055555555555
2 0.6590277777777778 0.4340277777777778 0.04583333333333333 0.0763888888888889
2 0.33125 0.4409722222222222 0.0625 0.08333333333333333
2 0.7909722222222222 0.6579861111111112 0.12916666666666668 0.1527777777777778
0 0.44930555555555557 0.578125 0.11805555555555555 0.10069444444444445
