2 0.7354166666666667 0.5746527777777778 0.0763888888888889 0.1076388888888889
2 0.052083333333333336 0.6701388888888888 0.10416666666666667 0.1388888888888889
2 0.7354166666666667 0.4401041666666667 0.05138888888888889 0.07118055555555555
2 0.8388888888888889 0.5642361111111112 0.1 0.12152777777777778
2 0.7513888888888889 0.4756944444444444 0.06111111111111111 0.08680555555555555
2 0.3 0.484375 0.05 0.08333333333333333
2 0.5347222222222222 0.4730902777777778 0.06666666666666667 0.078125
2 0.5520833333333334 0.6640625 0.12083333333333333 0.1440972222222222
2 0.6736111111111112 0.4713541666666667 0.06388888888888888 0.0920138888888889
2 0.5402777777777777 0.4340277777777778 0.06111111111111111 0.06944444444444445
1 0.32916666666666666 0.4409722222222222 0.06388888888888888 0.0763888888888889
2 0.4263888888888889 0.6640625 0.12222222222222222 0.1371527777777778
2 0.6979166666666666 0.5095486111111112 0.06805555555555555 0.0954861111111111
2 0.5493055555555556 0.5078125 0.0763888888888889 0.0954861111111111
2 0.5604166666666667 0.5729166666666666 0.09861111111111111 0.11805555555555555
2 0.46458333333333335 0.515625 0.08194444444444444 0.09375
2 0.2798611111111111 0.5225694444444444 0.07361111111111111 0.09375
2 0.22847222222222222 0.4800347222222222 0.05694444444444444 0.07118055555555555
2 0.6555555555555556 0.4314236111111111 0.044444444444444446 0.07465277777777778
2 0.46041666666666664 0.4401041666666667 0.07361111111111111 0.07118055555555555
2 0.46875 0.3940972222222222 0.05694444444444444 0.0625
2 0.46041666666666664 0.4826388888888889 0.07083333333333333 0.06597222222222222
1 0.45069444444444445 0.578125 0.11805555555555555 0.125
2 0.2791666666666667 0.4184027777777778 0.044444444444444446 0.059027777777777776
2 0.23333333333333334 0.5807291666666666 0.09722222222222222 0.1267361111111111
0 0.12152777777777778 0.5911458333333334 0.10138888888888889 0.09895833333333333
2 0.5298611111111111 0.3897569444444444 0.05138888888888889 0.0642361111111111
2 0.25763888888888886 0.4453125 0.05138888888888889 0.07118055555555555
2 0.7854166666666667 0.5173611111111112 0.07361111111111111 0.09027777777777778
2 0.7951388888888888 0.6684027777777778 0.11527777777777778 0.1388888888888889
2 0.175 0.6762152777777778 0.125 0.140625
2 0.9201388888888888 0.6553819444444444 0.13194444444444445 0.16145833333333334
2 0.6930555555555555 0.3914930555555556 0.03888888888888889 0.06076388888888889
2 0.6381944444444444 0.3923611111111111 0.043055555555555555 0.06597222222222222
2 0.28680555555555554 0.3871527777777778 0.04583333333333333 0.06944444444444445
2 0.17916666666666667 0.5234375 0.06944444444444445 0.0920138888888889
