2 0.55 0.5086805555555556 0.07777777777777778 0.09722222222222222
2 0.46805555555555556 0.3958333333333333 0.06111111111111111 0.06944444444444445
2 0.05555555555555555 0.6710069444444444 0.10833333333333334 0.15104166666666666
2 0.7493055555555556 0.4756944444444444 0.059722222222222225 0.08680555555555555
2 0.5618055555555556 0.5711805555555556 0.09583333333333334 0.11805555555555555
2 0.5395833333333333 0.4348958333333333 0.0625 0.06770833333333333
1 0.45208333333333334 0.5772569444444444 0.1125 0.11979166666666667
2 0.2798611111111111 0.5234375 0.07361111111111111 0.0920138888888889
2 0.5381944444444444 0.4704861111111111 0.07361111111111111 0.0763888888888889
2 0.4652777777777778 0.5147569444444444 0.08055555555555556 0.09895833333333333
2 0.7875 0.5182291666666666 0.06944444444444445 0.0920138888888889
2 0.4618055555555556 0.4809027777777778 0.07361111111111111 0.06597222222222222
2 0.2875 0.3871527777777778 0.044444444444444446 0.06597222222222222
2 0.22847222222222222 0.4791666666666667 0.05694444444444444 0.07291666666666667
2 0.7326388888888888 0.4401041666666667 0.04861111111111111 0.07118055555555555
2 0.4618055555555556 0.4401041666666667 0.07083333333333333 0.07118055555555555
2 0.6986111111111111 0.5069444444444444 0.07222222222222222 0.09027777777777778
2 0.5277777777777778 0.3897569444444444 0.05 0.0642361111111111
2 0.33055555555555555 0.4427083333333333 0.06111111111111111 0.0763888888888889
2 0.6375 0.3923611111111111 0.041666666666666664 0.06944444444444445
2 0.12777777777777777 0.5842013888888888 0.09722222222222222 0.1232638888888889
2 0.7965277777777777 0.6649305555555556 0.12361111111111112 0.1388888888888889
2 0.3 0.4835069444444444 0.05 0.08506944444444445
2 0.6722222222222223 0.4696180555555556 0.06111111111111111 0.0954861111111111
2 0.7090277777777778 0.4201388888888889 0.04027777777777778 0.0625
2 0.6513888888888889 0.4262152777777778 0.041666666666666664 0.07118055555555555
2 0.25763888888888886 0.4470486111111111 0.04861111111111111 0.07118055555555555
2 0.175 0.6762152777777778 0.12777777777777777 0.140625
2 0.8395833333333333 0.5642361111111112 0.10416666666666667 0.11805555555555555
2 0.18194444444444444 0.5225694444444444 0.06111111111111111 0.08680555555555555
2 0.6923611111111111 0.390625 0.0375 0.0625
2 0.42569444444444443 0.6631944444444444 0.12083333333333333 0.1388888888888889
2 0.55625 0.6623263888888888 0.12638888888888888 0.14756944444444445
2 0.9194444444444444 0.6545138888888888 0.13333333333333333 0.16666666666666666
2 0.27847222222222223 0.4210069444444444 0.043055555555555555 0.06076388888888889
1 0.23472222222222222 0.5824652777777778 0.1 0.1267361111111111
2 0.34444444444444444 0.3897569444444444 0.05277777777777778 0.0642361111111111
