2 0.7333333333333333 0.4392361111111111 0.05 0.07291666666666667
2 0.2875 0.3888888888888889 0.044444444444444446 0.06944444444444445
2 0.5402777777777777 0.4366319444444444 0.06388888888888888 0.06770833333333333
1 0.9173611111111111 0.6597222222222222 0.13472222222222222 0.1597222222222222
2 0.75 0.4765625 0.06111111111111111 0.08506944444444445
2 0.69375 0.390625 0.04027777777777778 0.06597222222222222
2 0.28055555555555556 0.5251736111111112 0.075 0.0920138888888889
2 0.05555555555555555 0.6736111111111112 0.1111111111111111 0.1423611111111111
2 0.4583333333333333 0.4409722222222222 0.06944444444444445 0.06944444444444445
2 0.22847222222222222 0.4791666666666667 0.05694444444444444 0.07291666666666667
2 0.7381944444444445 0.5815972222222222 0.06805555555555555 0.1111111111111111
2 0.6986111111111111 0.5043402777777778 0.06666666666666667 0.08506944444444445
2 0.47152777777777777 0.3949652777777778 0.05416666666666667 0.06770833333333333
2 0.5361111111111111 0.4722222222222222 0.06944444444444445 0.0763888888888889
2 0.3416666666666667 0.4149305555555556 0.041666666666666664 0.052083333333333336
2 0.4666666666666667 0.5130208333333334 0.07777777777777778 0.09895833333333333
2 0.7090277777777778 0.4192708333333333 0.04027777777777778 0.0642361111111111
2 0.6388888888888888 0.3932291666666667 0.041666666666666664 0.06770833333333333
2 0.25763888888888886 0.4470486111111111 0.05138888888888889 0.07118055555555555
2 0.4513888888888889 0.5772569444444444 0.11388888888888889 0.13368055555555555
2 0.1701388888888889 0.6736111111111112 0.11527777777777778 0.1388888888888889
2 0.5298611111111111 0.3923611111111111 0.05138888888888889 0.0625
2 0.12361111111111112 0.5842013888888888 0.09444444444444444 0.11979166666666667
1 0.5520833333333334 0.6640625 0.11527777777777778 0.15104166666666666
2 0.33194444444444443 0.4444444444444444 0.058333333333333334 0.0798611111111111
2 0.7895833333333333 0.5182291666666666 0.07083333333333333 0.08854166666666667
2 0.46041666666666664 0.4869791666666667 0.07361111111111111 0.07118055555555555
2 0.5604166666666667 0.5746527777777778 0.10138888888888889 0.12152777777777778
1 0.2326388888888889 0.5824652777777778 0.09861111111111111 0.1232638888888889
2 0.7944444444444444 0.6605902777777778 0.10833333333333334 0.14756944444444445
2 0.42569444444444443 0.6649305555555556 0.11805555555555555 0.1388888888888889
2 0.2986111111111111 0.4826388888888889 0.05277777777777778 0.08333333333333333
2 0.3458333333333333 0.3940972222222222 0.05277777777777778 0.06944444444444445
2 0.27708333333333335 0.4210069444444444 0.043055555555555555 0.06076388888888889
2 0.8402777777777778 0.5659722222222222 0.10277777777777777 0.11805555555555555
2 0.6729166666666667 0.4704861111111111 0.06527777777777778 0.09375
2 0.18333333333333332 0.5243055555555556 0.06388888888888888 0.09027777777777778
2 0.5486111111111112 0.5086805555555556 0.08055555555555556 0.10069444444444445
