2 0.5368055555555555 0.4314236111111111 0.0625 0.0642361111111111
1 0.45 0.5737847222222222 0.11666666666666667 0.11631944444444445
2 0.9208333333333333 0.6553819444444444 0.13055555555555556 0.1579861111111111
2 0.2326388888888889 0.5798611111111112 0.10138888888888889 0.125
2 0.5541666666666667 0.6666666666666666 0.125 0.14583333333333334
2 0.6951388888888889 0.5112847222222222 0.07361111111111111 0.09895833333333333
2 0.4722222222222222 0.3967013888888889 0.05277777777777778 0.06770833333333333
2 0.6736111111111112 0.4704861111111111 0.06388888888888888 0.09027777777777778
2 0.5604166666666667 0.5720486111111112 0.09583333333333334 0.11631944444444445
2 0.4597222222222222 0.4401041666666667 0.06944444444444445 0.07118055555555555
2 0.325 0.4427083333333333 0.06666666666666667 0.0763888888888889
2 0.46041666666666664 0.484375 0.07083333333333333 0.06597222222222222
2 0.28680555555555554 0.3880208333333333 0.04583333333333333 0.0642361111111111
2 0.4638888888888889 0.5130208333333334 0.08055555555555556 0.09895833333333333
2 0.6930555555555555 0.390625 0.03888888888888889 0.059027777777777776
2 0.7340277777777777 0.4375 0.05138888888888889 0.0763888888888889
2 0.7090277777777778 0.4192708333333333 0.04027777777777778 0.06076388888888889
2 0.22847222222222222 0.4791666666666667 0.05694444444444444 0.07291666666666667
2 0.5291666666666667 0.3923611111111111 0.04722222222222222 0.0625
2 0.6381944444444444 0.3940972222222222 0.043055555555555555 0.06944444444444445
2 0.8395833333333333 0.5651041666666666 0.10416666666666667 0.11979166666666667
2 0.05555555555555555 0.6744791666666666 0.10555555555555556 0.14756944444444445
2 0.42569444444444443 0.6666666666666666 0.12361111111111112 0.13541666666666666
2 0.25763888888888886 0.4487847222222222 0.05138888888888889 0.07465277777777778
2 0.5479166666666667 0.5078125 0.0763888888888889 0.0920138888888889
2 0.2986111111111111 0.4835069444444444 0.05277777777777778 0.08159722222222222
2 0.18263888888888888 0.5225694444444444 0.0625 0.08680555555555555
2 0.75 0.4765625 0.058333333333333334 0.08854166666666667
2 0.17430555555555555 0.6744791666666666 0.11527777777777778 0.1371527777777778
2 0.5388888888888889 0.4713541666666667 0.075 0.078125
2 0.12361111111111112 0.5842013888888888 0.09444444444444444 0.11979166666666667
2 0.27569444444444446 0.4201388888888889 0.043055555555555555 0.0625
2 0.7951388888888888 0.6649305555555556 0.10138888888888889 0.13541666666666666
2 0.34097222222222223 0.4157986111111111 0.04583333333333333 0.057291666666666664
2 0.2798611111111111 0.5234375 0.07083333333333333 0.08854166666666667
2 0.7881944444444444 0.5173611111111112 0.07083333333333333 0.09375
2 0.65625 0.4322916666666667 0.04861111111111111 0.0798611111111111
