2 0.28680555555555554 0.3871527777777778 0.04583333333333333 0.0625
2 0.6555555555555556 0.4296875 0.044444444444444446 0.07465277777777778
2 0.4270833333333333 0.6649305555555556 0.11805555555555555 0.1388888888888889
2 0.46111111111111114 0.4835069444444444 0.06944444444444445 0.06770833333333333
2 0.5381944444444444 0.4696180555555556 0.0763888888888889 0.078125
2 0.6930555555555555 0.3914930555555556 0.03611111111111111 0.06076388888888889
2 0.2798611111111111 0.5243055555555556 0.07361111111111111 0.09027777777777778
2 0.05555555555555555 0.6736111111111112 0.1111111111111111 0.1423611111111111
2 0.8388888888888889 0.5651041666666666 0.10277777777777777 0.11979166666666667
2 0.5520833333333334 0.5755208333333334 0.08194444444444444 0.11979166666666667
2 0.5395833333333333 0.4322916666666667 0.059722222222222225 0.0625
2 0.12291666666666666 0.5842013888888888 0.09583333333333334 0.11631944444444445
2 0.17430555555555555 0.6736111111111112 0.11527777777777778 0.13194444444444445
2 0.3215277777777778 0.4444444444444444 0.06805555555555555 0.0798611111111111
2 0.22847222222222222 0.4791666666666667 0.05694444444444444 0.07291666666666667
2 0.46319444444444446 0.5147569444444444 0.07916666666666666 0.09895833333333333
2 0.3458333333333333 0.3975694444444444 0.04722222222222222 0.0625
2 0.5305555555555556 0.3932291666666667 0.05 0.0642361111111111
2 0.6381944444444444 0.3923611111111111 0.04027777777777778 0.06597222222222222
2 0.7111111111111111 0.4184027777777778 0.03888888888888889 0.0625
2 0.3402777777777778 0.4166666666666667 0.044444444444444446 0.059027777777777776
2 0.25625 0.4487847222222222 0.04861111111111111 0.07465277777777778
2 0.6944444444444444 0.5121527777777778 0.07222222222222222 0.10069444444444445
2 0.75 0.4765625 0.058333333333333334 0.08854166666666667
2 0.4618055555555556 0.4409722222222222 0.059722222222222225 0.07291666666666667
1 0.23194444444444445 0.578125 0.1 0.11805555555555555
2 0.7902777777777777 0.6675347222222222 0.10833333333333334 0.13368055555555555
2 0.18125 0.5217013888888888 0.06527777777777778 0.08854166666666667
2 0.7340277777777777 0.4392361111111111 0.05138888888888889 0.07291666666666667
2 0.7305555555555555 0.5772569444444444 0.08888888888888889 0.10590277777777778
2 0.7875 0.5182291666666666 0.075 0.0954861111111111
2 0.4708333333333333 0.4010416666666667 0.05277777777777778 0.07291666666666667
1 0.5444444444444444 0.6614583333333334 0.10555555555555556 0.1527777777777778
2 0.27569444444444446 0.4201388888888889 0.04027777777777778 0.0625
2 0.5479166666666667 0.5069444444444444 0.0763888888888889 0.09375
2 0.29930555555555555 0.484375 0.05416666666666667 0.0798611111111111
2 0.45069444444444445 0.5763888888888888 0.11527777777777778 0.12152777777777778
2 0.91875 0.6605902777777778 0.1375 0.1545138888888889
2 0.6756944444444445 0.4696180555555556 0.06805555555555555 0.08854166666666667
