2 0.25833333333333336 0.4479166666666667 0.05 0.07291666666666667
2 0.2875 0.3871527777777778 0.044444444444444446 0.0625
2 0.6930555555555555 0.3897569444444444 0.03333333333333333 0.06076388888888889
2 0.5486111111111112 0.5086805555555556 0.07777777777777778 0.09375
2 0.45069444444444445 0.5755208333333334 0.11527777777777778 0.1267361111111111
2 0.8388888888888889 0.5642361111111112 0.10277777777777777 0.11458333333333333
2 0.4708333333333333 0.3993055555555556 0.05277777777777778 0.06944444444444445
2 0.7534722222222222 0.4765625 0.0625 0.08159722222222222
2 0.2798611111111111 0.5234375 0.07361111111111111 0.0920138888888889
2 0.5520833333333334 0.5746527777777778 0.07916666666666666 0.11805555555555555
2 0.7326388888888888 0.4401041666666667 0.05138888888888889 0.07118055555555555
2 0.7097222222222223 0.4201388888888889 0.041666666666666664 0.0625
2 0.46458333333333335 0.515625 0.07916666666666666 0.09375
2 0.6375 0.3949652777777778 0.041666666666666664 0.07118055555555555
1 0.23125 0.5789930555555556 0.10138888888888889 0.11979166666666667
2 0.5479166666666667 0.6649305555555556 0.10694444444444444 0.14583333333333334
2 0.12777777777777777 0.5842013888888888 0.10277777777777777 0.11631944444444445
2 0.6944444444444444 0.5112847222222222 0.07222222222222222 0.09895833333333333
2 0.33958333333333335 0.4166666666666667 0.04583333333333333 0.059027777777777776
2 0.4625 0.4392361111111111 0.058333333333333334 0.07291666666666667
2 0.5375 0.4696180555555556 0.075 0.078125
2 0.3458333333333333 0.3967013888888889 0.04722222222222222 0.0642361111111111
2 0.42777777777777776 0.6649305555555556 0.11944444444444445 0.1388888888888889
2 0.2763888888888889 0.4210069444444444 0.041666666666666664 0.06076388888888889
2 0.65 0.4192708333333333 0.044444444444444446 0.06770833333333333
2 0.05555555555555555 0.6753472222222222 0.10833333333333334 0.1423611111111111
1 0.17083333333333334 0.6857638888888888 0.11944444444444445 0.1076388888888889
2 0.7875 0.6649305555555556 0.11388888888888889 0.1388888888888889
2 0.18263888888888888 0.5217013888888888 0.0625 0.08854166666666667
2 0.2298611111111111 0.4791666666666667 0.05694444444444444 0.0763888888888889
2 0.7284722222222222 0.5763888888888888 0.0875 0.10416666666666667
2 0.29930555555555555 0.4852430555555556 0.05138888888888889 0.08159722222222222
2 0.4597222222222222 0.4826388888888889 0.07222222222222222 0.06944444444444445
2 0.6743055555555556 0.46875 0.06527777777777778 0.09027777777777778
2 0.5416666666666666 0.4314236111111111 0.058333333333333334 0.06076388888888889
2 0.9194444444444444 0.6605902777777778 0.1388888888888889 0.1545138888888889
2 0.3215277777777778 0.4453125 0.06805555555555555 0.08159722222222222
2 0.7868055555555555 0.5182291666666666 0.0763888888888889 0.0954861111111111
2 0.5298611111111111 0.3914930555555556 0.04861111111111111 0.0642361111111111
