2 0.5375 0.4314236111111111 0.058333333333333334 0.06076388888888889
2 0.7854166666666667 0.5199652777777778 0.07361111111111111 0.0954861111111111
1 0.45069444444444445 0.5746527777777778 0.12361111111111112 0.11458333333333333
2 0.5569444444444445 0.5737847222222222 0.08333333333333333 0.11284722222222222
3 0.17291666666666666 0.6762152777777778 0.12638888888888888 0.1371527777777778
2 0.2875 0.3897569444444444 0.041666666666666664 0.06076388888888889
2 0.2590277777777778 0.4505208333333333 0.05138888888888889 0.07118055555555555
2 0.7340277777777777 0.4409722222222222 0.04583333333333333 0.06944444444444445
2 0.5319444444444444 0.3932291666666667 0.05555555555555555 0.0642361111111111
3 0.18819444444444444 0.5234375 0.0625 0.08854166666666667
2 0.8375 0.5651041666666666 0.09722222222222222 0.13020833333333334
2 0.7819444444444444 0.6657986111111112 0.10555555555555556 0.140625
2 0.6520833333333333 0.4210069444444444 0.043055555555555555 0.06076388888888889
2 0.7534722222222222 0.4756944444444444 0.0625 0.08333333333333333
2 0.46111111111111114 0.4418402777777778 0.06666666666666667 0.07465277777777778
2 0.28055555555555556 0.5260416666666666 0.07222222222222222 0.09375
2 0.2361111111111111 0.5807291666666666 0.09722222222222222 0.1232638888888889
1 0.73125 0.5815972222222222 0.09861111111111111 0.1076388888888889
2 0.12569444444444444 0.5885416666666666 0.09305555555555556 0.1076388888888889
2 0.27708333333333335 0.4227430555555556 0.043055555555555555 0.057291666666666664
3 0.05277777777777778 0.6779513888888888 0.10277777777777777 0.14756944444444445
2 0.6381944444444444 0.3940972222222222 0.043055555555555555 0.07291666666666667
2 0.6986111111111111 0.3880208333333333 0.03888888888888889 0.06076388888888889
2 0.5520833333333334 0.5104166666666666 0.07916666666666666 0.10416666666666667
2 0.90625 0.6536458333333334 0.1125 0.16493055555555555
2 0.4708333333333333 0.3984375 0.05555555555555555 0.06770833333333333
2 0.6972222222222222 0.5112847222222222 0.07222222222222222 0.0954861111111111
2 0.3277777777777778 0.4435763888888889 0.06944444444444445 0.07465277777777778
2 0.46319444444444446 0.5164930555555556 0.0875 0.0920138888888889
2 0.5395833333333333 0.4713541666666667 0.07361111111111111 0.08159722222222222
5 0.6791666666666667 0.4522569444444444 0.06388888888888888 0.11631944444444445
2 0.34444444444444444 0.4140625 0.044444444444444446 0.06076388888888889
2 0.22916666666666666 0.4809027777777778 0.05555555555555555 0.0763888888888889
2 0.425 0.6657986111111112 0.125 0.1371527777777778
2 0.2986111111111111 0.484375 0.05 0.0798611111111111
