2 0.6375 0.3940972222222222 0.041666666666666664 0.06944444444444445
2 0.46111111111111114 0.4427083333333333 0.06388888888888888 0.0798611111111111
2 0.12430555555555556 0.5885416666666666 0.09305555555555556 0.10069444444444445
2 0.34652777777777777 0.3932291666666667 0.04861111111111111 0.0642361111111111
2 0.5291666666666667 0.390625 0.05555555555555555 0.059027777777777776
2 0.25833333333333336 0.4505208333333333 0.05 0.07465277777777778
2 0.46111111111111114 0.4678819444444444 0.06944444444444445 0.08159722222222222
2 0.5520833333333334 0.6640625 0.12083333333333333 0.1440972222222222
2 0.18194444444444444 0.5217013888888888 0.06666666666666667 0.08854166666666667
2 0.28680555555555554 0.390625 0.04583333333333333 0.06597222222222222
2 0.47291666666666665 0.4019097222222222 0.05138888888888889 0.07118055555555555
2 0.425 0.6640625 0.11944444444444445 0.1371527777777778
2 0.2791666666666667 0.5225694444444444 0.075 0.09027777777777778
2 0.7326388888888888 0.4444444444444444 0.043055555555555555 0.052083333333333336
1 0.2326388888888889 0.5789930555555556 0.09861111111111111 0.11631944444444445
2 0.3298611111111111 0.4418402777777778 0.0625 0.078125
2 0.7506944444444444 0.4774305555555556 0.059722222222222225 0.08333333333333333
2 0.29791666666666666 0.484375 0.05138888888888889 0.08333333333333333
2 0.05555555555555555 0.6770833333333334 0.1111111111111111 0.14583333333333334
2 0.6583333333333333 0.4305555555555556 0.044444444444444446 0.0763888888888889
2 0.22708333333333333 0.4791666666666667 0.05416666666666667 0.06944444444444445
2 0.4625 0.5121527777777778 0.08333333333333333 0.1076388888888889
1 0.45069444444444445 0.578125 0.1125 0.11458333333333333
2 0.8361111111111111 0.5677083333333334 0.09444444444444444 0.125
2 0.5583333333333333 0.5755208333333334 0.09444444444444444 0.11284722222222222
2 0.7111111111111111 0.4210069444444444 0.041666666666666664 0.06770833333333333
2 0.7173611111111111 0.5755208333333334 0.07361111111111111 0.0954861111111111
2 0.5375 0.4722222222222222 0.075 0.0798611111111111
2 0.9083333333333333 0.6545138888888888 0.10833333333333334 0.15625
2 0.6979166666666666 0.515625 0.07361111111111111 0.09375
2 0.6763888888888889 0.4730902777777778 0.06944444444444445 0.0920138888888889
2 0.5326388888888889 0.4244791666666667 0.05416666666666667 0.06770833333333333
2 0.17083333333333334 0.6736111111111112 0.125 0.1423611111111111
2 0.55 0.5095486111111112 0.08055555555555556 0.0954861111111111
2 0.7854166666666667 0.5190972222222222 0.0763888888888889 0.09375
2 0.6944444444444444 0.390625 0.03888888888888889 0.0625
2 0.3423611111111111 0.4149305555555556 0.04583333333333333 0.059027777777777776
2 0.275 0.4227430555555556 0.041666666666666664 0.06076388888888889
