2 0.45 0.5798611111111112 0.10833333333333334 0.12152777777777778
2 0.7111111111111111 0.4184027777777778 0.03611111111111111 0.06597222222222222
2 0.22847222222222222 0.4791666666666667 0.05694444444444444 0.0763888888888889
2 0.7861111111111111 0.5173611111111112 0.075 0.08680555555555555
2 0.8416666666666667 0.5668402777777778 0.1 0.1232638888888889
2 0.5569444444444445 0.5711805555555556 0.09166666666666666 0.1111111111111111
2 0.6791666666666667 0.4713541666666667 0.06666666666666667 0.0954861111111111
2 0.17152777777777778 0.6744791666666666 0.1125 0.13368055555555555
2 0.46944444444444444 0.3949652777777778 0.05277777777777778 0.07118055555555555
2 0.55625 0.6631944444444444 0.12916666666666668 0.14930555555555555
2 0.5375 0.4704861111111111 0.075 0.0798611111111111
2 0.4513888888888889 0.4418402777777778 0.06111111111111111 0.06770833333333333
2 0.18472222222222223 0.5217013888888888 0.06388888888888888 0.08854166666666667
2 0.12777777777777777 0.5798611111111112 0.1 0.1284722222222222
2 0.2791666666666667 0.5251736111111112 0.075 0.0954861111111111
2 0.7854166666666667 0.6657986111111112 0.10416666666666667 0.140625
2 0.30069444444444443 0.4835069444444444 0.05138888888888889 0.078125
2 0.6388888888888888 0.3932291666666667 0.044444444444444446 0.06770833333333333
2 0.3277777777777778 0.4383680555555556 0.058333333333333334 0.08506944444444445
2 0.2722222222222222 0.4305555555555556 0.05277777777777778 0.0798611111111111
2 0.05277777777777778 0.6744791666666666 0.10555555555555556 0.1545138888888889
2 0.34444444444444444 0.3897569444444444 0.05 0.07118055555555555
2 0.6972222222222222 0.5147569444444444 0.075 0.10243055555555555
2 0.5472222222222223 0.5086805555555556 0.07777777777777778 0.09722222222222222
2 0.53125 0.3940972222222222 0.05416666666666667 0.06944444444444445
2 0.2881944444444444 0.3888888888888889 0.043055555555555555 0.06597222222222222
2 0.6618055555555555 0.4340277777777778 0.05416666666666667 0.0798611111111111
2 0.7326388888888888 0.4375 0.04861111111111111 0.06597222222222222
2 0.6930555555555555 0.3888888888888889 0.03333333333333333 0.0625
2 0.22916666666666666 0.5824652777777778 0.09166666666666666 0.1267361111111111
2 0.42569444444444443 0.6657986111111112 0.12083333333333333 0.140625
2 0.7513888888888889 0.4704861111111111 0.06111111111111111 0.08680555555555555
1 0.7270833333333333 0.5755208333333334 0.08472222222222223 0.09895833333333333
2 0.4638888888888889 0.5138888888888888 0.075 0.10069444444444445
2 0.9215277777777777 0.6493055555555556 0.10694444444444444 0.1423611111111111
2 0.5416666666666666 0.4322916666666667 0.06111111111111111 0.0625
