2 0.8423611111111111 0.5607638888888888 0.09861111111111111 0.1111111111111111
2 0.6590277777777778 0.4357638888888889 0.04861111111111111 0.0763888888888889
2 0.18333333333333332 0.5217013888888888 0.06388888888888888 0.08854166666666667
2 0.3451388888888889 0.390625 0.04861111111111111 0.06944444444444445
2 0.05347222222222222 0.6727430555555556 0.10138888888888889 0.15104166666666666
2 0.9270833333333334 0.6519097222222222 0.12083333333333333 0.1579861111111111
2 0.55625 0.5694444444444444 0.09305555555555556 0.11458333333333333
2 0.325 0.4392361111111111 0.06111111111111111 0.08680555555555555
2 0.675 0.4730902777777778 0.06388888888888888 0.0954861111111111
2 0.4701388888888889 0.3932291666666667 0.05138888888888889 0.07118055555555555
2 0.69375 0.3871527777777778 0.04027777777777778 0.06597222222222222
2 0.425 0.6666666666666666 0.11944444444444445 0.1388888888888889
2 0.125 0.5833333333333334 0.09722222222222222 0.1284722222222222
2 0.46597222222222223 0.515625 0.07361111111111111 0.10069444444444445
2 0.22916666666666666 0.4791666666666667 0.05555555555555555 0.0763888888888889
2 0.45069444444444445 0.5824652777777778 0.10694444444444444 0.140625
2 0.7284722222222222 0.5763888888888888 0.08472222222222223 0.1076388888888889
2 0.7090277777777778 0.4184027777777778 0.034722222222222224 0.059027777777777776
2 0.6381944444444444 0.3923611111111111 0.043055555555555555 0.06597222222222222
2 0.29930555555555555 0.484375 0.05416666666666667 0.08333333333333333
2 0.2791666666666667 0.5260416666666666 0.07222222222222222 0.09027777777777778
2 0.17083333333333334 0.6744791666666666 0.11388888888888889 0.13020833333333334
2 0.2590277777777778 0.4461805555555556 0.05416666666666667 0.07291666666666667
2 0.22847222222222222 0.5824652777777778 0.09305555555555556 0.1267361111111111
2 0.5486111111111112 0.5086805555555556 0.07222222222222222 0.10069444444444445
2 0.5319444444444444 0.3897569444444444 0.05277777777777778 0.06770833333333333
2 0.2881944444444444 0.3897569444444444 0.043055555555555555 0.0642361111111111
2 0.5388888888888889 0.4262152777777778 0.06111111111111111 0.06770833333333333
2 0.3402777777777778 0.4184027777777778 0.03611111111111111 0.052083333333333336
2 0.5354166666666667 0.4704861111111111 0.06805555555555555 0.08333333333333333
2 0.27291666666666664 0.4262152777777778 0.04861111111111111 0.06770833333333333
2 0.7513888888888889 0.4704861111111111 0.06111111111111111 0.08680555555555555
2 0.55625 0.6640625 0.12916666666666668 0.14756944444444445
2 0.7326388888888888 0.4366319444444444 0.04861111111111111 0.0642361111111111
2 0.46041666666666664 0.4809027777777778 0.07083333333333333 0.06597222222222222
2 0.6951388888888889 0.5130208333333334 0.06527777777777778 0.09895833333333333
2 0.7854166666666667 0.5164930555555556 0.07361111111111111 0.08854166666666667
2 0.4652777777777778 0.4392361111111111 0.06111111111111111 0.06944444444444445
