2 0.9222222222222223 0.6536458333333334 0.125 0.1545138888888889
2 0.5402777777777777 0.4331597222222222 0.06666666666666667 0.06076388888888889
2 0.2791666666666667 0.5260416666666666 0.07222222222222222 0.09375
2 0.5305555555555556 0.3923611111111111 0.05555555555555555 0.06597222222222222
2 0.052083333333333336 0.6692708333333334 0.10138888888888889 0.1440972222222222
2 0.6569444444444444 0.4322916666666667 0.04722222222222222 0.0763888888888889
2 0.2881944444444444 0.3862847222222222 0.043055555555555555 0.0642361111111111
2 0.7513888888888889 0.4696180555555556 0.06111111111111111 0.08506944444444445
2 0.125 0.5885416666666666 0.09444444444444444 0.12152777777777778
2 0.7847222222222222 0.5173611111111112 0.07222222222222222 0.09027777777777778
2 0.27291666666666664 0.4253472222222222 0.05138888888888889 0.06944444444444445
2 0.4708333333333333 0.3940972222222222 0.05 0.06944444444444445
2 0.8347222222222223 0.5659722222222222 0.08055555555555556 0.11805555555555555
2 0.675 0.4739583333333333 0.06111111111111111 0.09375
2 0.4638888888888889 0.4366319444444444 0.05555555555555555 0.07118055555555555
2 0.5493055555555556 0.5095486111111112 0.0763888888888889 0.09895833333333333
2 0.4618055555555556 0.5138888888888888 0.07916666666666666 0.1076388888888889
2 0.6930555555555555 0.3871527777777778 0.041666666666666664 0.06597222222222222
2 0.4263888888888889 0.6657986111111112 0.11944444444444445 0.140625
2 0.6381944444444444 0.3932291666666667 0.043055555555555555 0.06770833333333333
2 0.18333333333333332 0.5217013888888888 0.06388888888888888 0.08506944444444445
2 0.7090277777777778 0.4192708333333333 0.0375 0.06076388888888889
2 0.6979166666666666 0.5130208333333334 0.06527777777777778 0.09895833333333333
2 0.725 0.578125 0.07777777777777778 0.10069444444444445
2 0.2298611111111111 0.4791666666666667 0.05694444444444444 0.0763888888888889
2 0.45208333333333334 0.5789930555555556 0.10694444444444444 0.13020833333333334
2 0.22916666666666666 0.5824652777777778 0.09166666666666666 0.1267361111111111
2 0.2625 0.4392361111111111 0.05555555555555555 0.0798611111111111
2 0.7875 0.6649305555555556 0.10555555555555556 0.13541666666666666
2 0.3451388888888889 0.3897569444444444 0.04861111111111111 0.07118055555555555
2 0.7340277777777777 0.4375 0.04861111111111111 0.0625
2 0.46041666666666664 0.4809027777777778 0.07083333333333333 0.06597222222222222
2 0.32430555555555557 0.4401041666666667 0.0625 0.08854166666666667
2 0.29930555555555555 0.4826388888888889 0.05138888888888889 0.0763888888888889
2 0.5486111111111112 0.6631944444444444 0.11388888888888889 0.14583333333333334
2 0.5375 0.4696180555555556 0.06944444444444445 0.078125
2 0.5548611111111111 0.5737847222222222 0.09027777777777778 0.11631944444444445
2 0.1701388888888889 0.6736111111111112 0.1125 0.13194444444444445
