0 0.21875 0.34282178217821785 0.07916666666666666 0.08663366336633663
1 0.30625 0.20668316831683167 0.04861111111111111 0.07178217821782178
0 0.9409722222222222 0.5643564356435643 0.10972222222222222 0.13861386138613863
0 0.29375 0.34529702970297027 0.07361111111111111 0.10148514851485149
0 0.6736111111111112 0.25123762376237624 0.05555555555555555 0.06188118811881188
0 0.7097222222222223 0.2103960396039604 0.044444444444444446 0.054455445544554455
0 0.26319444444444445 0.2834158415841584 0.059722222222222225 0.08168316831683169
0 0.8145833333333333 0.36386138613861385 0.08194444444444444 0.07920792079207921
0 0.6430555555555556 0.4319306930693069 0.08055555555555556 0.13613861386138615
1 0.3680555555555556 0.2042079207920792 0.05 0.06683168316831684
1 0.6013888888888889 0.25 0.058333333333333334 0.07425742574257425
0 0.25625 0.43316831683168316 0.0875 0.09900990099009901
0 0.1451388888888889 0.4319306930693069 0.08194444444444444 0.10148514851485149
0 0.3347222222222222 0.2871287128712871 0.06388888888888888 0.07920792079207921
0 0.6715277777777777 0.5556930693069307 0.11527777777777778 0.11633663366336634
0 0.07291666666666667 0.5383663366336634 0.10972222222222222 0.1311881188118812
0 0.6215277777777778 0.35396039603960394 0.07083333333333333 0.09900990099009901
0 0.30625 0.20668316831683167 0.05138888888888889 0.07178217821782178
0 0.42777777777777776 0.20297029702970298 0.05277777777777778 0.06435643564356436
4 0.8083333333333333 0.5358910891089109 0.08888888888888889 0.17574257425742573
0 0.43333333333333335 0.2537128712871287 0.05 0.05693069306930693
0 0.29305555555555557 0.2438118811881188 0.05277777777777778 0.06683168316831684
0 0.3284722222222222 0.5482673267326733 0.11805555555555555 0.1311881188118812
0 0.7131944444444445 0.36014851485148514 0.09583333333333334 0.10148514851485149
0 0.6590277777777778 0.20173267326732675 0.04861111111111111 0.07178217821782178
0 0.20347222222222222 0.5235148514851485 0.12361111111111112 0.1806930693069307
0 0.7486111111111111 0.4430693069306931 0.08611111111111111 0.11386138613861387
0 0.3875 0.35148514851485146 0.08611111111111111 0.0891089108910891
0 0.7375 0.2537128712871287 0.06388888888888888 0.06188118811881188
1 0.58125 0.2042079207920792 0.04861111111111111 0.07673267326732673
1 0.3645833333333333 0.23514851485148514 0.04583333333333333 0.07425742574257425
0 0.3611111111111111 0.4306930693069307 0.09444444444444444 0.09900990099009901
0 0.3638888888888889 0.24257425742574257 0.044444444444444446 0.06930693069306931
0 0.6930555555555555 0.297029702970297 0.058333333333333334 0.07425742574257425
0 0.6104166666666667 0.30445544554455445 0.0763888888888889 0.07425742574257425
0 0.775 0.29826732673267325 0.06666666666666667 0.08168316831683169
0 0.41597222222222224 0.2896039603960396 0.0763888888888889 0.08415841584158416
0 0.8652777777777778 0.44183168316831684 0.08333333333333333 0.11633663366336634
