0 0.22569444444444445 0.5868055555555556 0.11527777777777778 0.09722222222222222
2 0.6756944444444445 0.4678819444444444 0.07361111111111111 0.0954861111111111
0 0.7958333333333333 0.5208333333333334 0.09166666666666666 0.08333333333333333
0 0.5340277777777778 0.40625 0.06527777777777778 0.04513888888888889
0 0.05138888888888889 0.6953125 0.10277777777777777 0.10243055555555555
0 0.7576388888888889 0.4861111111111111 0.0763888888888889 0.0625
0 0.46041666666666664 0.4817708333333333 0.0763888888888889 0.07118055555555555
2 0.7006944444444444 0.3914930555555556 0.04861111111111111 0.07465277777777778
0 0.5541666666666667 0.5885416666666666 0.1111111111111111 0.08333333333333333
0 0.8486111111111111 0.5876736111111112 0.11388888888888889 0.08506944444444445
0 0.45625 0.5329861111111112 0.09305555555555556 0.06944444444444445
2 0.6444444444444445 0.3871527777777778 0.041666666666666664 0.06597222222222222
0 0.43125 0.6744791666666666 0.13472222222222222 0.11284722222222222
0 0.5673611111111111 0.6744791666666666 0.12083333333333333 0.109375
0 0.925 0.6753472222222222 0.1361111111111111 0.11458333333333333
0 0.5506944444444445 0.5295138888888888 0.10416666666666667 0.0763888888888889
0 0.16805555555555557 0.6866319444444444 0.13055555555555556 0.13368055555555555
2 0.12013888888888889 0.5798611111111112 0.09861111111111111 0.1111111111111111
0 0.44375 0.5998263888888888 0.12361111111111112 0.08854166666666667
0 0.7381944444444445 0.5885416666666666 0.09583333333333334 0.07291666666666667
0 0.5402777777777777 0.4722222222222222 0.08333333333333333 0.09027777777777778
0 0.7972222222222223 0.6796875 0.1361111111111111 0.1267361111111111
2 0.17916666666666667 0.5251736111111112 0.075 0.08854166666666667
0 0.7048611111111112 0.5269097222222222 0.09027777777777778 0.0920138888888889
1 0.2743055555555556 0.5251736111111112 0.0875 0.0920138888888889
