2 0.5361111111111111 0.4366319444444444 0.058333333333333334 0.06076388888888889
1 0.46041666666666664 0.4765625 0.07361111111111111 0.078125
0 0.275 0.5260416666666666 0.09166666666666666 0.09375
1 0.2701388888888889 0.4270833333333333 0.059722222222222225 0.06944444444444445
0 0.45555555555555555 0.5355902777777778 0.08888888888888889 0.07465277777777778
0 0.23194444444444445 0.5824652777777778 0.10277777777777777 0.10243055555555555
2 0.8368055555555556 0.5659722222222222 0.08472222222222223 0.11805555555555555
0 0.9263888888888889 0.6762152777777778 0.1361111111111111 0.11631944444444445
0 0.7006944444444444 0.5243055555555556 0.08472222222222223 0.08333333333333333
2 0.54375 0.4131944444444444 0.04861111111111111 0.06597222222222222
0 0.1111111111111111 0.5920138888888888 0.1111111111111111 0.125
0 0.5631944444444444 0.6805555555555556 0.13194444444444445 0.11458333333333333
1 0.5388888888888889 0.4748263888888889 0.07777777777777778 0.078125
1 0.45555555555555555 0.5876736111111112 0.08888888888888889 0.10590277777777778
0 0.5479166666666667 0.5199652777777778 0.09861111111111111 0.08506944444444445
0 0.05347222222222222 0.6970486111111112 0.10694444444444444 0.10590277777777778
0 0.7881944444444444 0.6840277777777778 0.1486111111111111 0.13194444444444445
0 0.1763888888888889 0.6762152777777778 0.13333333333333333 0.140625
2 0.7854166666666667 0.5147569444444444 0.07083333333333333 0.0920138888888889
2 0.7534722222222222 0.4791666666666667 0.059722222222222225 0.0763888888888889
0 0.5618055555555556 0.5798611111111112 0.09861111111111111 0.10416666666666667
0 0.7215277777777778 0.5789930555555556 0.11805555555555555 0.09895833333333333
0 0.3333333333333333 0.4453125 0.07222222222222222 0.07465277777777778
