0 0.05347222222222222 0.6927083333333334 0.10416666666666667 0.1111111111111111
1 0.16875 0.6822916666666666 0.12361111111111112 0.1388888888888889
0 0.12291666666666666 0.5815972222222222 0.10138888888888889 0.10069444444444445
0 0.7256944444444444 0.5850694444444444 0.11527777777777778 0.09027777777777778
0 0.7 0.5121527777777778 0.08611111111111111 0.09027777777777778
1 0.9208333333333333 0.6649305555555556 0.1361111111111111 0.1388888888888889
0 0.5520833333333334 0.5251736111111112 0.09583333333333334 0.08159722222222222
1 0.4597222222222222 0.5251736111111112 0.08888888888888889 0.078125
0 0.8347222222222223 0.5763888888888888 0.08888888888888889 0.1111111111111111
0 0.5625 0.6779513888888888 0.12777777777777777 0.11631944444444445
0 0.43194444444444446 0.6657986111111112 0.1361111111111111 0.1267361111111111
0 0.22291666666666668 0.5859375 0.1125 0.109375
0 0.44583333333333336 0.5824652777777778 0.11666666666666667 0.10243055555555555
1 0.5395833333333333 0.4730902777777778 0.07916666666666666 0.08159722222222222
1 0.46111111111111114 0.4765625 0.07777777777777778 0.08159722222222222
0 0.5590277777777778 0.578125 0.10972222222222222 0.10069444444444445
1 0.2722222222222222 0.5234375 0.075 0.08854166666666667
