1 0.46111111111111114 0.4748263888888889 0.075 0.08506944444444445
0 0.05277777777777778 0.6935763888888888 0.10555555555555556 0.10590277777777778
0 0.7243055555555555 0.5850694444444444 0.10694444444444444 0.09722222222222222
0 0.5479166666666667 0.5243055555555556 0.09583333333333334 0.08680555555555555
0 0.42777777777777776 0.6710069444444444 0.1388888888888889 0.13020833333333334
0 0.17083333333333334 0.6857638888888888 0.125 0.13541666666666666
1 0.8347222222222223 0.5720486111111112 0.08888888888888889 0.10590277777777778
1 0.5409722222222222 0.4730902777777778 0.07916666666666666 0.078125
1 0.4583333333333333 0.5251736111111112 0.08611111111111111 0.07465277777777778
0 0.9215277777777777 0.6623263888888888 0.14305555555555555 0.11631944444444445
0 0.7013888888888888 0.5182291666666666 0.08888888888888889 0.0954861111111111
0 0.22569444444444445 0.5885416666666666 0.10694444444444444 0.09722222222222222
0 0.11666666666666667 0.5946180555555556 0.09722222222222222 0.08854166666666667
1 0.5493055555555556 0.5243055555555556 0.09861111111111111 0.0798611111111111
0 0.27291666666666664 0.5243055555555556 0.0763888888888889 0.09027777777777778
0 0.44583333333333336 0.5833333333333334 0.12222222222222222 0.09722222222222222
1 0.27291666666666664 0.5234375 0.0763888888888889 0.08854166666666667
