0 0.4444444444444444 0.5833333333333334 0.11666666666666667 0.10069444444444445
2 0.66875 0.4375 0.05416666666666667 0.07291666666666667
3 0.9180555555555555 0.6623263888888888 0.14166666666666666 0.11979166666666667
2 0.7854166666666667 0.6631944444444444 0.11805555555555555 0.13194444444444445
0 0.17083333333333334 0.6840277777777778 0.12222222222222222 0.1388888888888889
2 0.46111111111111114 0.4730902777777778 0.075 0.08159722222222222
0 0.052083333333333336 0.6961805555555556 0.10416666666666667 0.10069444444444445
2 0.5388888888888889 0.4748263888888889 0.07222222222222222 0.08159722222222222
1 0.4576388888888889 0.5208333333333334 0.07916666666666666 0.08333333333333333
2 0.5291666666666667 0.3897569444444444 0.05277777777777778 0.0642361111111111
2 0.7854166666666667 0.5173611111111112 0.07361111111111111 0.09375
1 0.4305555555555556 0.6657986111111112 0.1361111111111111 0.1267361111111111
2 0.5354166666666667 0.4184027777777778 0.059722222222222225 0.06597222222222222
0 0.4326388888888889 0.6640625 0.1375 0.13020833333333334
2 0.22708333333333333 0.4782986111111111 0.05416666666666667 0.07118055555555555
1 0.27291666666666664 0.5269097222222222 0.07916666666666666 0.08506944444444445
2 0.6791666666666667 0.4748263888888889 0.06666666666666667 0.08159722222222222
2 0.70625 0.3993055555555556 0.05138888888888889 0.06944444444444445
2 0.4638888888888889 0.3958333333333333 0.05 0.0625
2 0.5486111111111112 0.5095486111111112 0.08611111111111111 0.10590277777777778
2 0.6979166666666666 0.5104166666666666 0.07083333333333333 0.09722222222222222
2 0.2833333333333333 0.3923611111111111 0.04722222222222222 0.06597222222222222
0 0.11666666666666667 0.5902777777777778 0.1 0.09027777777777778
2 0.7256944444444444 0.5703125 0.09861111111111111 0.11631944444444445
0 0.22777777777777777 0.5902777777777778 0.10833333333333334 0.10069444444444445
2 0.65 0.4149305555555556 0.03888888888888889 0.059027777777777776
2 0.8354166666666667 0.5651041666666666 0.07916666666666666 0.1232638888888889
2 0.47152777777777777 0.4114583333333333 0.05416666666666667 0.059027777777777776
