2 0.2847222222222222 0.3880208333333333 0.041666666666666664 0.057291666666666664
1 0.7006944444444444 0.5095486111111112 0.07361111111111111 0.0920138888888889
2 0.6770833333333334 0.46875 0.059722222222222225 0.08333333333333333
2 0.4652777777777778 0.3940972222222222 0.05277777777777778 0.0625
2 0.5402777777777777 0.4696180555555556 0.07222222222222222 0.078125
2 0.3215277777777778 0.4401041666666667 0.059722222222222225 0.08159722222222222
2 0.27361111111111114 0.4227430555555556 0.041666666666666664 0.0642361111111111
2 0.8368055555555556 0.5633680555555556 0.07361111111111111 0.11979166666666667
2 0.7354166666666667 0.4375 0.04861111111111111 0.06597222222222222
2 0.25763888888888886 0.4470486111111111 0.04583333333333333 0.0642361111111111
1 0.16944444444444445 0.6822916666666666 0.11944444444444445 0.1423611111111111
2 0.5305555555555556 0.4175347222222222 0.04722222222222222 0.07118055555555555
1 0.05277777777777778 0.6779513888888888 0.10555555555555556 0.13020833333333334
2 0.22708333333333333 0.4800347222222222 0.05416666666666667 0.07465277777777778
2 0.47708333333333336 0.4149305555555556 0.05138888888888889 0.059027777777777776
2 0.27569444444444446 0.5251736111111112 0.0763888888888889 0.0920138888888889
2 0.5513888888888889 0.5755208333333334 0.08888888888888889 0.11284722222222222
1 0.45069444444444445 0.5902777777777778 0.10972222222222222 0.1111111111111111
2 0.42986111111111114 0.6675347222222222 0.12916666666666668 0.1371527777777778
2 0.4618055555555556 0.4696180555555556 0.07361111111111111 0.078125
2 0.5236111111111111 0.3932291666666667 0.044444444444444446 0.06770833333333333
1 0.5694444444444444 0.6649305555555556 0.11666666666666667 0.1423611111111111
4 0.9229166666666667 0.6692708333333334 0.13472222222222222 0.1267361111111111
2 0.6944444444444444 0.3862847222222222 0.03611111111111111 0.06076388888888889
2 0.6534722222222222 0.4184027777777778 0.04583333333333333 0.06597222222222222
2 0.5472222222222223 0.5121527777777778 0.07777777777777778 0.10069444444444445
2 0.17916666666666667 0.5234375 0.07222222222222222 0.08506944444444445
2 0.4625 0.5121527777777778 0.07222222222222222 0.09375
0 0.22777777777777777 0.5842013888888888 0.10833333333333334 0.10590277777777778
2 0.7840277777777778 0.5130208333333334 0.06527777777777778 0.08854166666666667
1 0.11805555555555555 0.5842013888888888 0.09722222222222222 0.109375
2 0.2986111111111111 0.4878472222222222 0.05277777777777778 0.08333333333333333
