2 0.2298611111111111 0.4791666666666667 0.05416666666666667 0.07291666666666667
2 0.71875 0.5772569444444444 0.07083333333333333 0.11284722222222222
2 0.2743055555555556 0.4192708333333333 0.04583333333333333 0.057291666666666664
2 0.27708333333333335 0.5269097222222222 0.07083333333333333 0.0920138888888889
2 0.5388888888888889 0.4713541666666667 0.075 0.08159722222222222
2 0.4618055555555556 0.4713541666666667 0.07361111111111111 0.08854166666666667
1 0.05347222222222222 0.6762152777777778 0.10694444444444444 0.13368055555555555
2 0.46597222222222223 0.3993055555555556 0.059722222222222225 0.07291666666666667
2 0.2875 0.3897569444444444 0.041666666666666664 0.0642361111111111
2 0.3215277777777778 0.4418402777777778 0.06805555555555555 0.08506944444444445
2 0.6652777777777777 0.4348958333333333 0.05277777777777778 0.08159722222222222
2 0.23055555555555557 0.5807291666666666 0.09444444444444444 0.1232638888888889
2 0.6979166666666666 0.5095486111111112 0.06805555555555555 0.0954861111111111
2 0.5618055555555556 0.5720486111111112 0.09027777777777778 0.11631944444444445
2 0.29930555555555555 0.4869791666666667 0.04861111111111111 0.078125
2 0.6763888888888889 0.4748263888888889 0.06388888888888888 0.08854166666666667
2 0.44722222222222224 0.5798611111111112 0.11666666666666667 0.125
2 0.6368055555555555 0.3940972222222222 0.043055555555555555 0.06597222222222222
2 0.5291666666666667 0.3932291666666667 0.05277777777777778 0.06770833333333333
2 0.3486111111111111 0.3914930555555556 0.05277777777777778 0.0642361111111111
2 0.25972222222222224 0.4470486111111111 0.05 0.06770833333333333
1 0.5659722222222222 0.6579861111111112 0.09861111111111111 0.15625
2 0.9243055555555556 0.6692708333333334 0.1375 0.1232638888888889
2 0.6944444444444444 0.3888888888888889 0.03333333333333333 0.0625
2 0.8465277777777778 0.5659722222222222 0.08472222222222223 0.12152777777777778
2 0.1840277777777778 0.5217013888888888 0.06527777777777778 0.08506944444444445
2 0.5451388888888888 0.5104166666666666 0.07361111111111111 0.10069444444444445
2 0.7097222222222223 0.421875 0.041666666666666664 0.0625
2 0.43125 0.6657986111111112 0.12361111111111112 0.1440972222222222
2 0.4638888888888889 0.5182291666666666 0.07222222222222222 0.0954861111111111
2 0.5340277777777778 0.4262152777777778 0.05694444444444444 0.0642361111111111
2 0.17222222222222222 0.6779513888888888 0.11944444444444445 0.14756944444444445
2 0.7833333333333333 0.515625 0.06388888888888888 0.09027777777777778
2 0.7493055555555556 0.4704861111111111 0.0625 0.09375
1 0.12569444444444444 0.5824652777777778 0.09861111111111111 0.11979166666666667
