3 0.17291666666666666 0.6805555555555556 0.12083333333333333 0.1423611111111111
2 0.5395833333333333 0.4704861111111111 0.0763888888888889 0.0798611111111111
2 0.5333333333333333 0.4184027777777778 0.05555555555555555 0.059027777777777776
3 0.2743055555555556 0.5208333333333334 0.0763888888888889 0.09027777777777778
2 0.4638888888888889 0.515625 0.075 0.09722222222222222
2 0.5465277777777777 0.5130208333333334 0.07916666666666666 0.09895833333333333
2 0.18680555555555556 0.5199652777777778 0.059722222222222225 0.08159722222222222
2 0.22708333333333333 0.5833333333333334 0.10138888888888889 0.12152777777777778
1 0.5541666666666667 0.65625 0.11944444444444445 0.14583333333333334
2 0.05347222222222222 0.6779513888888888 0.10694444444444444 0.140625
2 0.7847222222222222 0.515625 0.06944444444444445 0.09375
2 0.2861111111111111 0.3888888888888889 0.041666666666666664 0.059027777777777776
1 0.44513888888888886 0.5868055555555556 0.12083333333333333 0.1111111111111111
2 0.5291666666666667 0.3914930555555556 0.05555555555555555 0.0642361111111111
2 0.7506944444444444 0.4722222222222222 0.0625 0.08333333333333333
2 0.3229166666666667 0.4418402777777778 0.06527777777777778 0.08506944444444445
2 0.7875 0.6684027777777778 0.11388888888888889 0.15625
2 0.4305555555555556 0.6666666666666666 0.12222222222222222 0.1423611111111111
2 0.4666666666666667 0.3993055555555556 0.058333333333333334 0.0763888888888889
2 0.25972222222222224 0.4470486111111111 0.05 0.06770833333333333
2 0.69375 0.3897569444444444 0.0375 0.06076388888888889
2 0.5541666666666667 0.5737847222222222 0.08611111111111111 0.109375
2 0.23055555555555557 0.4791666666666667 0.058333333333333334 0.0763888888888889
2 0.275 0.4210069444444444 0.041666666666666664 0.057291666666666664
2 0.9243055555555556 0.6692708333333334 0.1375 0.1232638888888889
2 0.34652777777777777 0.3932291666666667 0.05416666666666667 0.0642361111111111
2 0.12430555555555556 0.5789930555555556 0.09861111111111111 0.1232638888888889
2 0.8423611111111111 0.5668402777777778 0.09583333333333334 0.13020833333333334
2 0.4618055555555556 0.4713541666666667 0.0763888888888889 0.08506944444444445
