2 0.6604166666666667 0.4322916666666667 0.043055555555555555 0.0798611111111111
2 0.5458333333333333 0.5121527777777778 0.07777777777777778 0.10069444444444445
1 0.12152777777777778 0.5746527777777778 0.09305555555555556 0.11805555555555555
2 0.4666666666666667 0.3993055555555556 0.058333333333333334 0.06944444444444445
2 0.2986111111111111 0.4904513888888889 0.05 0.08159722222222222
2 0.6361111111111111 0.3949652777777778 0.044444444444444446 0.06770833333333333
2 0.7520833333333333 0.4722222222222222 0.059722222222222225 0.08680555555555555
2 0.44513888888888886 0.5842013888888888 0.10972222222222222 0.1232638888888889
2 0.18125 0.5243055555555556 0.06805555555555555 0.08333333333333333
5 0.7284722222222222 0.4114583333333333 0.059722222222222225 0.12152777777777778
2 0.27847222222222223 0.5243055555555556 0.07361111111111111 0.09027777777777778
2 0.28680555555555554 0.3888888888888889 0.043055555555555555 0.059027777777777776
3 0.16527777777777777 0.6796875 0.11666666666666667 0.15104166666666666
2 0.7868055555555555 0.5164930555555556 0.07361111111111111 0.0954861111111111
2 0.25833333333333336 0.4496527777777778 0.05 0.06597222222222222
2 0.8423611111111111 0.5720486111111112 0.09861111111111111 0.13368055555555555
2 0.9215277777777777 0.671875 0.14027777777777778 0.125
2 0.4625 0.5217013888888888 0.075 0.09895833333333333
2 0.6923611111111111 0.390625 0.0375 0.0625
2 0.7861111111111111 0.6684027777777778 0.11944444444444445 0.1527777777777778
2 0.23125 0.5842013888888888 0.09305555555555556 0.1232638888888889
2 0.42777777777777776 0.6666666666666666 0.125 0.14583333333333334
2 0.3472222222222222 0.3923611111111111 0.05555555555555555 0.06597222222222222
2 0.6868055555555556 0.4670138888888889 0.05138888888888889 0.0798611111111111
2 0.46041666666666664 0.4730902777777778 0.07361111111111111 0.08159722222222222
2 0.5576388888888889 0.6631944444444444 0.12361111111111112 0.14583333333333334
2 0.22916666666666666 0.4809027777777778 0.05555555555555555 0.07291666666666667
2 0.7347222222222223 0.5729166666666666 0.06944444444444445 0.11805555555555555
2 0.3215277777777778 0.4418402777777778 0.06527777777777778 0.08506944444444445
2 0.05277777777777778 0.6840277777777778 0.10555555555555556 0.1423611111111111
2 0.5548611111111111 0.5729166666666666 0.08472222222222223 0.11458333333333333
2 0.5375 0.4244791666666667 0.06111111111111111 0.0642361111111111
2 0.27569444444444446 0.4201388888888889 0.043055555555555555 0.05555555555555555
2 0.5395833333333333 0.4704861111111111 0.0763888888888889 0.08333333333333333
2 0.5277777777777778 0.390625 0.05 0.0625
