2 0.18125 0.5243055555555556 0.07083333333333333 0.08333333333333333
2 0.6736111111111112 0.4756944444444444 0.058333333333333334 0.09722222222222222
2 0.17291666666666666 0.6779513888888888 0.12916666666666668 0.1545138888888889
2 0.27847222222222223 0.5234375 0.07916666666666666 0.0954861111111111
2 0.4652777777777778 0.3940972222222222 0.06666666666666667 0.06597222222222222
5 0.7291666666666666 0.4114583333333333 0.06111111111111111 0.11458333333333333
2 0.7256944444444444 0.5789930555555556 0.0763888888888889 0.11284722222222222
2 0.3527777777777778 0.390625 0.05277777777777778 0.0625
2 0.5333333333333333 0.390625 0.058333333333333334 0.0625
2 0.6965277777777777 0.5138888888888888 0.06527777777777778 0.10069444444444445
2 0.8451388888888889 0.5720486111111112 0.09027777777777778 0.1371527777777778
2 0.46319444444444446 0.4470486111111111 0.07361111111111111 0.07118055555555555
2 0.54375 0.4461805555555556 0.07916666666666666 0.07291666666666667
2 0.05625 0.6692708333333334 0.10138888888888889 0.140625
2 0.42986111111111114 0.6684027777777778 0.12083333333333333 0.14930555555555555
2 0.4708333333333333 0.4175347222222222 0.06111111111111111 0.06076388888888889
2 0.55 0.5147569444444444 0.08055555555555556 0.09895833333333333
2 0.5444444444444444 0.4756944444444444 0.08888888888888889 0.08333333333333333
2 0.22847222222222222 0.4835069444444444 0.05416666666666667 0.08159722222222222
2 0.44513888888888886 0.5815972222222222 0.12361111111111112 0.125
2 0.5583333333333333 0.6640625 0.12222222222222222 0.140625
2 0.6354166666666666 0.3940972222222222 0.04583333333333333 0.06597222222222222
2 0.12569444444444444 0.5815972222222222 0.09027777777777778 0.1111111111111111
2 0.3020833333333333 0.4939236111111111 0.04583333333333333 0.078125
2 0.4652777777777778 0.4739583333333333 0.06666666666666667 0.0798611111111111
2 0.7541666666666667 0.4756944444444444 0.06388888888888888 0.09375
2 0.5395833333333333 0.4210069444444444 0.06527777777777778 0.06770833333333333
2 0.2326388888888889 0.5824652777777778 0.09861111111111111 0.11979166666666667
2 0.32430555555555557 0.4409722222222222 0.06527777777777778 0.0763888888888889
2 0.2569444444444444 0.4505208333333333 0.05 0.06770833333333333
2 0.4625 0.5164930555555556 0.07777777777777778 0.09895833333333333
1 0.9229166666666667 0.6736111111111112 0.14583333333333334 0.1284722222222222
2 0.7909722222222222 0.5173611111111112 0.08194444444444444 0.09722222222222222
2 0.27569444444444446 0.4270833333333333 0.04861111111111111 0.05555555555555555
2 0.6590277777777778 0.4366319444444444 0.043055555555555555 0.078125
2 0.6916666666666667 0.3932291666666667 0.041666666666666664 0.06076388888888889
2 0.55625 0.5772569444444444 0.07361111111111111 0.11631944444444445
2 0.28888888888888886 0.390625 0.044444444444444446 0.06597222222222222
