6 0.25763888888888886 0.5095486111111112 0.1125 0.10243055555555555
6 0.18125 0.5789930555555556 0.20694444444444443 0.1232638888888889
6 0.28541666666666665 0.4392361111111111 0.12083333333333333 0.06597222222222222
6 0.26666666666666666 0.4809027777777778 0.11666666666666667 0.10069444444444445
6 0.66875 0.3888888888888889 0.09583333333333334 0.059027777777777776
6 0.775 0.5772569444444444 0.16666666666666666 0.10590277777777778
6 0.7027777777777777 0.4383680555555556 0.125 0.08159722222222222
6 0.5 0.6597222222222222 0.21944444444444444 0.1388888888888889
6 0.5006944444444444 0.4157986111111111 0.11527777777777778 0.057291666666666664
0 0.7777777777777778 0.5798611111111112 0.15833333333333333 0.10069444444444445
6 0.49236111111111114 0.5815972222222222 0.18472222222222223 0.12152777777777778
6 0.5 0.4366319444444444 0.13055555555555556 0.0642361111111111
6 0.7069444444444445 0.4722222222222222 0.125 0.0798611111111111
6 0.2125 0.5208333333333334 0.16944444444444445 0.09722222222222222
6 0.5131944444444444 0.5112847222222222 0.15694444444444444 0.10243055555555555
6 0.11180555555555556 0.6848958333333334 0.22361111111111112 0.1371527777777778
6 0.8652777777777778 0.6605902777777778 0.24444444444444444 0.140625
