0 0.4527777777777778 0.5807291666666666 0.12222222222222222 0.11284722222222222
1 0.059027777777777776 0.6684027777777778 0.10694444444444444 0.13541666666666666
3 0.15486111111111112 0.6822916666666666 0.14583333333333334 0.1388888888888889
3 0.4534722222222222 0.5824652777777778 0.12361111111111112 0.109375
6 0.7097222222222223 0.4713541666666667 0.14166666666666666 0.08854166666666667
6 0.5006944444444444 0.6631944444444444 0.22361111111111112 0.1423611111111111
6 0.5048611111111111 0.4713541666666667 0.1375 0.06770833333333333
6 0.6708333333333333 0.3897569444444444 0.1 0.057291666666666664
6 0.7722222222222223 0.5755208333333334 0.18055555555555555 0.109375
6 0.29444444444444445 0.4470486111111111 0.11944444444444445 0.078125
7 0.4361111111111111 0.4982638888888889 0.17222222222222222 0.15625
6 0.18541666666666667 0.578125 0.20694444444444443 0.12152777777777778
6 0.7027777777777777 0.4357638888888889 0.12777777777777777 0.08333333333333333
6 0.12013888888888889 0.6762152777777778 0.2375 0.15104166666666666
6 0.49583333333333335 0.5746527777777778 0.20555555555555555 0.12152777777777778
6 0.26458333333333334 0.4791666666666667 0.12083333333333333 0.08333333333333333
6 0.75 0.5182291666666666 0.16111111111111112 0.0920138888888889
6 0.22777777777777777 0.5251736111111112 0.14166666666666666 0.08159722222222222
6 0.8631944444444445 0.6605902777777778 0.24305555555555555 0.1371527777777778
