6 0.4979166666666667 0.4791666666666667 0.1486111111111111 0.07291666666666667
1 0.15902777777777777 0.6831597222222222 0.1375 0.1267361111111111
6 0.5013888888888889 0.4105902777777778 0.1111111111111111 0.050347222222222224
6 0.5027777777777778 0.5078125 0.1638888888888889 0.08854166666666667
6 0.2625 0.4800347222222222 0.1388888888888889 0.08506944444444445
3 0.45416666666666666 0.5815972222222222 0.11944444444444445 0.11458333333333333
6 0.19027777777777777 0.5815972222222222 0.18611111111111112 0.13194444444444445
6 0.7111111111111111 0.4678819444444444 0.14166666666666666 0.08159722222222222
6 0.49583333333333335 0.5772569444444444 0.20555555555555555 0.1232638888888889
6 0.23402777777777778 0.5243055555555556 0.13194444444444445 0.08333333333333333
6 0.5013888888888889 0.4296875 0.12222222222222222 0.06076388888888889
6 0.28958333333333336 0.4496527777777778 0.11805555555555555 0.06944444444444445
6 0.8618055555555556 0.6605902777777778 0.24027777777777778 0.140625
1 0.06041666666666667 0.6727430555555556 0.09027777777777778 0.1232638888888889
6 0.6972222222222222 0.4296875 0.125 0.08854166666666667
6 0.7409722222222223 0.5182291666666666 0.16805555555555557 0.0954861111111111
6 0.4986111111111111 0.6614583333333334 0.225 0.1527777777777778
6 0.7694444444444445 0.5763888888888888 0.17777777777777778 0.10416666666666667
6 0.6673611111111111 0.390625 0.09583333333333334 0.05555555555555555
