6 0.6659722222222222 0.3845486111111111 0.10972222222222222 0.0642361111111111
2 0.05625 0.6779513888888888 0.1125 0.1440972222222222
3 0.9 0.6388888888888888 0.13055555555555556 0.14930555555555555
3 0.5625 0.6649305555555556 0.08055555555555556 0.15625
3 0.4395833333333333 0.6623263888888888 0.10694444444444444 0.13020833333333334
6 0.5027777777777778 0.3862847222222222 0.11666666666666667 0.07118055555555555
6 0.7729166666666667 0.5434027777777778 0.1986111111111111 0.14930555555555555
0 0.12083333333333333 0.5989583333333334 0.08611111111111111 0.08333333333333333
6 0.8055555555555556 0.6189236111111112 0.2833333333333333 0.17881944444444445
3 0.16875 0.6692708333333334 0.10416666666666667 0.15104166666666666
6 0.32083333333333336 0.3854166666666667 0.11666666666666667 0.0763888888888889
