6 0.5590277777777778 0.5295138888888888 0.12361111111111112 0.17708333333333334
6 0.46319444444444446 0.5364583333333334 0.11527777777777778 0.1423611111111111
3 0.07916666666666666 0.6571180555555556 0.11666666666666667 0.15104166666666666
3 0.8854166666666666 0.6432291666666666 0.11805555555555555 0.140625
3 0.45555555555555555 0.6657986111111112 0.09444444444444444 0.1371527777777778
1 0.2326388888888889 0.5789930555555556 0.08472222222222223 0.11631944444444445
6 0.6569444444444444 0.3880208333333333 0.12777777777777777 0.07118055555555555
6 0.7569444444444444 0.5520833333333334 0.15833333333333333 0.14930555555555555
2 0.13194444444444445 0.5876736111111112 0.07777777777777778 0.11631944444444445
6 0.5173611111111112 0.6631944444444444 0.2013888888888889 0.16666666666666666
