6 0.6659722222222222 0.3862847222222222 0.11527777777777778 0.06770833333333333
6 0.15694444444444444 0.6371527777777778 0.19444444444444445 0.2048611111111111
3 0.07708333333333334 0.65625 0.10972222222222222 0.1423611111111111
6 0.5020833333333333 0.6545138888888888 0.19027777777777777 0.1527777777777778
1 0.1840277777777778 0.5217013888888888 0.0763888888888889 0.08159722222222222
6 0.48541666666666666 0.5434027777777778 0.15138888888888888 0.1423611111111111
1 0.26458333333333334 0.515625 0.07916666666666666 0.10069444444444445
3 0.88125 0.6423611111111112 0.10972222222222222 0.1388888888888889
6 0.7777777777777778 0.5477430555555556 0.175 0.1371527777777778
6 0.7868055555555555 0.6163194444444444 0.2125 0.1909722222222222
