2 0.4756944444444444 0.4713541666666667 0.05138888888888889 0.078125
2 0.5375 0.4696180555555556 0.06111111111111111 0.078125
2 0.4513888888888889 0.5746527777777778 0.09722222222222222 0.11805555555555555
2 0.4548611111111111 0.515625 0.0763888888888889 0.10416666666666667
2 0.5534722222222223 0.5104166666666666 0.0763888888888889 0.10069444444444445
3 0.06041666666666667 0.6701388888888888 0.10972222222222222 0.16319444444444445
2 0.4652777777777778 0.3897569444444444 0.058333333333333334 0.0642361111111111
2 0.18333333333333332 0.5225694444444444 0.06944444444444445 0.09027777777777778
3 0.43125 0.6631944444444444 0.1125 0.1284722222222222
2 0.5326388888888889 0.3897569444444444 0.05416666666666667 0.06770833333333333
2 0.3194444444444444 0.4418402777777778 0.06666666666666667 0.0920138888888889
2 0.3388888888888889 0.4227430555555556 0.041666666666666664 0.05381944444444445
2 0.27708333333333335 0.5234375 0.07916666666666666 0.0920138888888889
2 0.46458333333333335 0.4288194444444444 0.05694444444444444 0.06597222222222222
2 0.1326388888888889 0.5833333333333334 0.0875 0.12152777777777778
2 0.25763888888888886 0.4435763888888889 0.05694444444444444 0.07465277777777778
2 0.7826388888888889 0.515625 0.0625 0.09027777777777778
2 0.28958333333333336 0.3836805555555556 0.043055555555555555 0.06597222222222222
3 0.9222222222222223 0.6510416666666666 0.11944444444444445 0.16319444444444445
2 0.5305555555555556 0.4348958333333333 0.058333333333333334 0.07118055555555555
2 0.6361111111111111 0.390625 0.041666666666666664 0.06597222222222222
3 0.16597222222222222 0.6744791666666666 0.12916666666666668 0.15104166666666666
2 0.2916666666666667 0.4800347222222222 0.05277777777777778 0.07465277777777778
2 0.22569444444444445 0.4861111111111111 0.05416666666666667 0.07291666666666667
3 0.7805555555555556 0.6536458333333334 0.10277777777777777 0.1545138888888889
2 0.3472222222222222 0.3897569444444444 0.05277777777777778 0.07118055555555555
