3 0.059027777777777776 0.6710069444444444 0.10694444444444444 0.1579861111111111
2 0.29444444444444445 0.4835069444444444 0.05 0.078125
2 0.34652777777777777 0.390625 0.05138888888888889 0.06944444444444445
2 0.6368055555555555 0.390625 0.043055555555555555 0.06597222222222222
3 0.9222222222222223 0.6510416666666666 0.12222222222222222 0.16319444444444445
2 0.5291666666666667 0.3923611111111111 0.05555555555555555 0.06944444444444445
3 0.22708333333333333 0.484375 0.05694444444444444 0.07291666666666667
2 0.2548611111111111 0.4461805555555556 0.05416666666666667 0.06944444444444445
2 0.18194444444444444 0.5208333333333334 0.06388888888888888 0.08333333333333333
2 0.2708333333333333 0.4175347222222222 0.041666666666666664 0.050347222222222224
2 0.32222222222222224 0.4401041666666667 0.06111111111111111 0.08506944444444445
3 0.4465277777777778 0.5737847222222222 0.10416666666666667 0.13020833333333334
3 0.7777777777777778 0.6605902777777778 0.1 0.16145833333333334
3 0.43194444444444446 0.6649305555555556 0.10833333333333334 0.12152777777777778
2 0.28194444444444444 0.390625 0.044444444444444446 0.0625
2 0.7048611111111112 0.5069444444444444 0.07083333333333333 0.09375
3 0.1673611111111111 0.6736111111111112 0.13472222222222222 0.1527777777777778
2 0.6930555555555555 0.3880208333333333 0.03611111111111111 0.0642361111111111
2 0.2777777777777778 0.5234375 0.08055555555555556 0.0920138888888889
1 0.23125 0.5807291666666666 0.0875 0.11979166666666667
2 0.46875 0.3975694444444444 0.04583333333333333 0.0763888888888889
2 0.7513888888888889 0.4739583333333333 0.05555555555555555 0.09027777777777778
1 0.1326388888888889 0.5824652777777778 0.09027777777777778 0.11631944444444445
