2 0.6368055555555555 0.3932291666666667 0.04027777777777778 0.06770833333333333
1 0.06111111111111111 0.6736111111111112 0.10833333333333334 0.14930555555555555
3 0.7256944444444444 0.5772569444444444 0.08472222222222223 0.109375
1 0.17152777777777778 0.6753472222222222 0.13194444444444445 0.16319444444444445
2 0.3486111111111111 0.3932291666666667 0.05 0.06770833333333333
1 0.1361111111111111 0.5850694444444444 0.08611111111111111 0.11458333333333333
3 0.9229166666666667 0.6519097222222222 0.12361111111111112 0.16145833333333334
3 0.27708333333333335 0.5243055555555556 0.08472222222222223 0.09027777777777778
2 0.4465277777777778 0.5737847222222222 0.09861111111111111 0.1267361111111111
1 0.46319444444444446 0.5217013888888888 0.0763888888888889 0.0954861111111111
2 0.55625 0.5668402777777778 0.09583333333333334 0.11979166666666667
2 0.6520833333333333 0.421875 0.043055555555555555 0.06944444444444445
3 0.5527777777777778 0.5104166666666666 0.08888888888888889 0.11458333333333333
2 0.4597222222222222 0.390625 0.041666666666666664 0.06944444444444445
3 0.8423611111111111 0.5607638888888888 0.08194444444444444 0.11805555555555555
3 0.7027777777777777 0.5121527777777778 0.06666666666666667 0.09375
1 0.23333333333333334 0.5824652777777778 0.08611111111111111 0.11631944444444445
2 0.5319444444444444 0.3880208333333333 0.05277777777777778 0.07118055555555555
