2 0.32708333333333334 0.4383680555555556 0.05694444444444444 0.08506944444444445
2 0.5520833333333334 0.5017361111111112 0.0763888888888889 0.1111111111111111
3 0.12569444444444444 0.5763888888888888 0.09027777777777778 0.11805555555555555
2 0.45 0.5755208333333334 0.09722222222222222 0.1232638888888889
2 0.225 0.4852430555555556 0.05555555555555555 0.07118055555555555
2 0.46041666666666664 0.515625 0.07916666666666666 0.10069444444444445
2 0.34375 0.3888888888888889 0.04027777777777778 0.0625
2 0.2951388888888889 0.484375 0.05138888888888889 0.08333333333333333
2 0.5319444444444444 0.4730902777777778 0.05 0.08854166666666667
2 0.275 0.5225694444444444 0.07777777777777778 0.09722222222222222
2 0.5291666666666667 0.4357638888888889 0.06111111111111111 0.07291666666666667
3 0.16666666666666666 0.6727430555555556 0.12222222222222222 0.14756944444444445
3 0.5583333333333333 0.5703125 0.08888888888888889 0.11631944444444445
3 0.6993055555555555 0.5130208333333334 0.07083333333333333 0.0920138888888889
5 0.41180555555555554 0.4479166666666667 0.0625 0.10069444444444445
2 0.53125 0.3862847222222222 0.05138888888888889 0.06770833333333333
3 0.7277777777777777 0.5772569444444444 0.08611111111111111 0.10590277777777778
3 0.7784722222222222 0.6605902777777778 0.10138888888888889 0.1579861111111111
2 0.4708333333333333 0.4149305555555556 0.05 0.0625
2 0.27569444444444446 0.4201388888888889 0.043055555555555555 0.0625
2 0.43125 0.6666666666666666 0.1125 0.1388888888888889
1 0.2298611111111111 0.5798611111111112 0.09305555555555556 0.11458333333333333
2 0.25555555555555554 0.4453125 0.05277777777777778 0.07118055555555555
2 0.46458333333333335 0.3914930555555556 0.04861111111111111 0.06770833333333333
2 0.2833333333333333 0.3888888888888889 0.041666666666666664 0.059027777777777776
3 0.05694444444444444 0.6753472222222222 0.1 0.14930555555555555
2 0.6381944444444444 0.3923611111111111 0.043055555555555555 0.06597222222222222
