2 0.46319444444444446 0.3932291666666667 0.04027777777777778 0.0642361111111111
2 0.29791666666666666 0.484375 0.05694444444444444 0.08680555555555555
2 0.4284722222222222 0.6640625 0.1125 0.140625
2 0.5506944444444445 0.6640625 0.09305555555555556 0.1371527777777778
2 0.6951388888888889 0.3836805555555556 0.04027777777777778 0.0625
2 0.4625 0.4401041666666667 0.06111111111111111 0.07118055555555555
2 0.25625 0.4453125 0.05138888888888889 0.07465277777777778
2 0.32083333333333336 0.4427083333333333 0.06111111111111111 0.09027777777777778
2 0.7013888888888888 0.5121527777777778 0.06666666666666667 0.09722222222222222
2 0.7486111111111111 0.4739583333333333 0.06111111111111111 0.08680555555555555
2 0.8493055555555555 0.5668402777777778 0.09027777777777778 0.11284722222222222
2 0.2763888888888889 0.5243055555555556 0.075 0.09027777777777778
2 0.5361111111111111 0.4175347222222222 0.05555555555555555 0.06770833333333333
2 0.34097222222222223 0.4201388888888889 0.04583333333333333 0.059027777777777776
2 0.7868055555555555 0.5190972222222222 0.06805555555555555 0.09027777777777778
2 0.225 0.4861111111111111 0.05277777777777778 0.07291666666666667
2 0.34652777777777777 0.3862847222222222 0.04861111111111111 0.06770833333333333
2 0.4527777777777778 0.5807291666666666 0.09722222222222222 0.13368055555555555
2 0.29097222222222224 0.3897569444444444 0.04027777777777778 0.0642361111111111
2 0.23125 0.5815972222222222 0.08472222222222223 0.12152777777777778
2 0.5236111111111111 0.3871527777777778 0.041666666666666664 0.06597222222222222
2 0.12708333333333333 0.5842013888888888 0.09305555555555556 0.11631944444444445
2 0.7104166666666667 0.4210069444444444 0.043055555555555555 0.0642361111111111
2 0.5388888888888889 0.46875 0.06944444444444445 0.0798611111111111
2 0.4777777777777778 0.4071180555555556 0.041666666666666664 0.06076388888888889
2 0.6826388888888889 0.46875 0.05138888888888889 0.0798611111111111
2 0.6375 0.3949652777777778 0.041666666666666664 0.07465277777777778
2 0.05555555555555555 0.6692708333333334 0.10555555555555556 0.1440972222222222
2 0.55 0.5078125 0.07777777777777778 0.09895833333333333
2 0.6645833333333333 0.4262152777777778 0.05416666666666667 0.07118055555555555
2 0.9291666666666667 0.6493055555555556 0.1111111111111111 0.1388888888888889
2 0.5569444444444445 0.5755208333333334 0.10277777777777777 0.11284722222222222
2 0.46041666666666664 0.5121527777777778 0.0763888888888889 0.09722222222222222
2 0.17569444444444443 0.6736111111111112 0.12638888888888888 0.15625
2 0.18194444444444444 0.5225694444444444 0.06388888888888888 0.0798611111111111
2 0.27847222222222223 0.4201388888888889 0.04027777777777778 0.0625
2 0.7180555555555556 0.5720486111111112 0.07777777777777778 0.11284722222222222
