2 0.6722222222222223 0.25123762376237624 0.03611111111111111 0.07673267326732673
2 0.3958333333333333 0.34529702970297027 0.05 0.09158415841584158
2 0.7159722222222222 0.34034653465346537 0.059722222222222225 0.1311881188118812
2 0.30277777777777776 0.3502475247524752 0.05277777777777778 0.09653465346534654
2 0.7368055555555556 0.23638613861386137 0.04861111111111111 0.09158415841584158
2 0.325 0.5358910891089109 0.1 0.16584158415841585
2 0.29375 0.2400990099009901 0.04027777777777778 0.07425742574257425
2 0.15347222222222223 0.40470297029702973 0.06805555555555555 0.15099009900990099
2 0.21458333333333332 0.3341584158415842 0.05694444444444444 0.11386138613861387
2 0.6111111111111112 0.2871287128712871 0.05 0.09900990099009901
2 0.5993055555555555 0.23638613861386137 0.04027777777777778 0.08663366336633663
2 0.6194444444444445 0.349009900990099 0.05277777777777778 0.11386138613861387
2 0.6465277777777778 0.43316831683168316 0.0625 0.12376237623762376
2 0.6888888888888889 0.5396039603960396 0.08055555555555556 0.15841584158415842
2 0.7083333333333334 0.2103960396039604 0.03888888888888889 0.07425742574257425
2 0.6569444444444444 0.2079207920792079 0.03888888888888889 0.06930693069306931
2 0.37222222222222223 0.20173267326732675 0.041666666666666664 0.07673267326732673
2 0.20694444444444443 0.5247524752475248 0.09166666666666666 0.17326732673267325
2 0.35555555555555557 0.2400990099009901 0.03611111111111111 0.07920792079207921
2 0.07708333333333334 0.5086633663366337 0.0875 0.1707920792079208
2 0.8125 0.3465346534653465 0.05277777777777778 0.10396039603960396
2 0.43333333333333335 0.24628712871287128 0.03333333333333333 0.07673267326732673
2 0.36319444444444443 0.4183168316831683 0.059722222222222225 0.1188118811881188
2 0.8673611111111111 0.4381188118811881 0.07083333333333333 0.1188118811881188
2 0.6875 0.29207920792079206 0.04722222222222222 0.09405940594059406
2 0.3347222222222222 0.2784653465346535 0.05555555555555555 0.10148514851485149
2 0.41597222222222224 0.27351485148514854 0.05138888888888889 0.09653465346534654
2 0.7569444444444444 0.4306930693069307 0.06388888888888888 0.13366336633663367
2 0.7715277777777778 0.28589108910891087 0.05416666666666667 0.10148514851485149
2 0.4326388888888889 0.2004950495049505 0.043055555555555555 0.07920792079207921
2 0.9458333333333333 0.5334158415841584 0.08888888888888889 0.18564356435643564
2 0.3138888888888889 0.20668316831683167 0.03888888888888889 0.07178217821782178
2 0.25972222222222224 0.41707920792079206 0.06666666666666667 0.12623762376237624
2 0.2652777777777778 0.275990099009901 0.04722222222222222 0.09158415841584158
2 0.5777777777777777 0.20915841584158415 0.03611111111111111 0.07178217821782178
2 0.8055555555555556 0.5383663366336634 0.08611111111111111 0.18564356435643564
