2 0.7486111111111111 0.4739583333333333 0.06388888888888888 0.09375
2 0.4284722222222222 0.6640625 0.1125 0.140625
2 0.6479166666666667 0.4149305555555556 0.04027777777777778 0.0625
2 0.8097222222222222 0.6579861111111112 0.1 0.13194444444444445
2 0.3458333333333333 0.3888888888888889 0.05 0.06597222222222222
2 0.46041666666666664 0.5130208333333334 0.0763888888888889 0.09895833333333333
2 0.3416666666666667 0.4210069444444444 0.044444444444444446 0.057291666666666664
2 0.2777777777777778 0.5225694444444444 0.07222222222222222 0.08680555555555555
2 0.4583333333333333 0.4375 0.05277777777777778 0.06597222222222222
2 0.5270833333333333 0.390625 0.04861111111111111 0.0625
2 0.5506944444444445 0.5078125 0.07916666666666666 0.0954861111111111
2 0.2326388888888889 0.5798611111111112 0.08194444444444444 0.12152777777777778
2 0.7 0.5112847222222222 0.06388888888888888 0.09895833333333333
2 0.18333333333333332 0.5234375 0.06666666666666667 0.08506944444444445
2 0.12708333333333333 0.5842013888888888 0.09583333333333334 0.11284722222222222
2 0.2777777777777778 0.4210069444444444 0.041666666666666664 0.06076388888888889
2 0.32013888888888886 0.4435763888888889 0.059722222222222225 0.08506944444444445
2 0.7118055555555556 0.4210069444444444 0.043055555555555555 0.0642361111111111
2 0.5340277777777778 0.4192708333333333 0.05694444444444444 0.07118055555555555
2 0.5555555555555556 0.5763888888888888 0.1 0.12152777777777778
2 0.2916666666666667 0.3897569444444444 0.041666666666666664 0.0642361111111111
2 0.6951388888888889 0.3845486111111111 0.04027777777777778 0.0642361111111111
2 0.8416666666666667 0.5677083333333334 0.10833333333333334 0.11805555555555555
2 0.5388888888888889 0.4696180555555556 0.07222222222222222 0.08159722222222222
2 0.6381944444444444 0.3949652777777778 0.043055555555555555 0.078125
2 0.4777777777777778 0.4088541666666667 0.044444444444444446 0.0642361111111111
2 0.7881944444444444 0.5199652777777778 0.07083333333333333 0.0920138888888889
2 0.05625 0.6692708333333334 0.10694444444444444 0.1440972222222222
2 0.17847222222222223 0.6744791666666666 0.12638888888888888 0.16493055555555555
2 0.6694444444444444 0.4348958333333333 0.05277777777777778 0.08159722222222222
2 0.2569444444444444 0.4453125 0.05277777777777778 0.07118055555555555
2 0.55 0.6631944444444444 0.09444444444444444 0.13541666666666666
2 0.29791666666666666 0.4852430555555556 0.05694444444444444 0.08506944444444445
2 0.9270833333333334 0.6553819444444444 0.11805555555555555 0.1371527777777778
2 0.4666666666666667 0.3923611111111111 0.044444444444444446 0.0625
2 0.45208333333333334 0.578125 0.10138888888888889 0.13194444444444445
2 0.68125 0.4696180555555556 0.05416666666666667 0.08506944444444445
2 0.22430555555555556 0.4869791666666667 0.05416666666666667 0.06770833333333333
