2 0.525625 0.6473799126637555 0.08875 0.15502183406113537
2 0.2925 0.5927947598253275 0.065 0.14192139737991266
2 0.255625 0.4890829694323144 0.04875 0.10043668122270742
2 0.6925 0.6582969432314411 0.075 0.15065502183406113
2 0.698125 0.48253275109170307 0.04625 0.10480349344978165
2 0.763125 0.5829694323144105 0.06125 0.1222707423580786
2 0.405 0.7587336244541485 0.1 0.185589519650655
2 0.310625 0.5338427947598253 0.06875 0.12882096069868995
2 0.435 0.5349344978165939 0.0675 0.11353711790393013
2 0.326875 0.48580786026200873 0.04625 0.10698689956331878
2 0.184375 0.5906113537117904 0.06625 0.1331877729257642
2 0.65625 0.5283842794759825 0.065 0.10480349344978165
2 0.14125 0.6626637554585153 0.075 0.16375545851528384
2 0.25 0.6626637554585153 0.08 0.15502183406113537
2 0.810625 0.6582969432314411 0.07125 0.13755458515283842
2 0.536875 0.759825327510917 0.11375 0.17903930131004367
2 0.745 0.7631004366812227 0.09 0.15938864628820962
2 0.21125 0.777292576419214 0.105 0.17467248908296942
2 0.63 0.47925764192139736 0.045 0.10262008733624454
2 0.518125 0.5305676855895196 0.06125 0.10043668122270742
2 0.433125 0.584061135371179 0.06625 0.1331877729257642
2 0.440625 0.47925764192139736 0.05875 0.10262008733624454
2 0.223125 0.5349344978165939 0.06375 0.1222707423580786
2 0.860625 0.759825327510917 0.09125 0.16593886462882096
2 0.655 0.5884279475982532 0.06 0.12882096069868995
2 0.08125 0.7685589519650655 0.0975 0.20087336244541484
2 0.51875 0.5851528384279476 0.0625 0.10480349344978165
2 0.721875 0.5262008733624454 0.06625 0.1222707423580786
2 0.518125 0.48034934497816595 0.05625 0.10480349344978165
2 0.413125 0.6517467248908297 0.07625 0.15065502183406113
