2 0.32625 0.48580786026200873 0.0475 0.10698689956331878
2 0.810625 0.6593886462882096 0.06875 0.13537117903930132
2 0.6975 0.4836244541484716 0.0475 0.10262008733624454
2 0.2575 0.4890829694323144 0.05 0.10480349344978165
2 0.53625 0.759825327510917 0.1125 0.17467248908296942
2 0.7625 0.5829694323144105 0.0625 0.1222707423580786
2 0.07875 0.7718340611353712 0.0975 0.2074235807860262
2 0.21375 0.7729257641921398 0.105 0.1703056768558952
2 0.655625 0.5338427947598253 0.05625 0.08951965065502183
2 0.654375 0.5884279475982532 0.05875 0.12882096069868995
2 0.860625 0.7620087336244541 0.08875 0.1615720524017467
2 0.51875 0.47925764192139736 0.0575 0.10698689956331878
2 0.43875 0.5360262008733624 0.065 0.11135371179039301
2 0.41375 0.6550218340611353 0.0775 0.15283842794759825
2 0.72125 0.5262008733624454 0.065 0.1222707423580786
2 0.225 0.5349344978165939 0.065 0.13100436681222707
2 0.519375 0.5327510917030568 0.05875 0.09606986899563319
2 0.14375 0.6582969432314411 0.075 0.15938864628820962
2 0.52375 0.648471615720524 0.085 0.14847161572052403
2 0.441875 0.48034934497816595 0.05875 0.10480349344978165
2 0.745625 0.7641921397379913 0.09125 0.1572052401746725
2 0.249375 0.6626637554585153 0.08375 0.1462882096069869
2 0.4325 0.5851528384279476 0.0675 0.13537117903930132
2 0.63375 0.47925764192139736 0.0525 0.10262008733624454
2 0.405 0.7620087336244541 0.1025 0.17903930131004367
2 0.185625 0.5917030567685589 0.06375 0.13537117903930132
2 0.52 0.5851528384279476 0.0675 0.1091703056768559
2 0.2925 0.5938864628820961 0.0675 0.13973799126637554
2 0.31 0.5338427947598253 0.0675 0.12882096069868995
2 0.691875 0.6582969432314411 0.07375 0.15065502183406113
