2 0.225625 0.5360262008733624 0.06125 0.12882096069868995
2 0.655 0.537117903930131 0.05 0.09170305676855896
2 0.213125 0.7729257641921398 0.10625 0.1703056768558952
2 0.32625 0.48580786026200873 0.0475 0.10698689956331878
2 0.6975 0.4836244541484716 0.0475 0.10262008733624454
2 0.2575 0.4890829694323144 0.05 0.10480349344978165
2 0.524375 0.648471615720524 0.08625 0.14410480349344978
2 0.6925 0.6582969432314411 0.075 0.15065502183406113
2 0.7625 0.584061135371179 0.0625 0.12445414847161572
2 0.53625 0.759825327510917 0.115 0.17467248908296942
2 0.52 0.5305676855895196 0.06 0.09606986899563319
2 0.860625 0.7620087336244541 0.08875 0.1615720524017467
2 0.431875 0.5851528384279476 0.06875 0.13537117903930132
2 0.51875 0.47925764192139736 0.0575 0.10698689956331878
2 0.2925 0.5927947598253275 0.0675 0.14192139737991266
2 0.633125 0.47925764192139736 0.05125 0.10262008733624454
2 0.413125 0.6528384279475983 0.07875 0.15283842794759825
2 0.18625 0.5906113537117904 0.0625 0.1331877729257642
2 0.72125 0.5262008733624454 0.065 0.11790393013100436
2 0.14375 0.6582969432314411 0.075 0.15938864628820962
2 0.441875 0.48034934497816595 0.05875 0.10480349344978165
2 0.439375 0.5360262008733624 0.06375 0.11135371179039301
2 0.405625 0.7620087336244541 0.10125 0.17903930131004367
2 0.249375 0.6626637554585153 0.08375 0.1462882096069869
2 0.81125 0.6604803493449781 0.07 0.13755458515283842
2 0.745 0.7641921397379913 0.09 0.1572052401746725
2 0.52 0.5851528384279476 0.0675 0.1091703056768559
2 0.65375 0.5873362445414847 0.06 0.13100436681222707
2 0.079375 0.769650655021834 0.09875 0.20305676855895197
2 0.310625 0.5360262008733624 0.06875 0.12882096069868995
