2 0.2575 0.4868995633187773 0.05 0.1091703056768559
2 0.224375 0.5338427947598253 0.06375 0.12882096069868995
2 0.6975 0.4836244541484716 0.0475 0.10262008733624454
2 0.213125 0.7740174672489083 0.10625 0.16812227074235808
2 0.7625 0.5829694323144105 0.0625 0.1222707423580786
2 0.524375 0.6495633187772926 0.08875 0.15065502183406113
2 0.72125 0.5251091703056768 0.065 0.12008733624454149
2 0.6925 0.6593886462882096 0.075 0.14847161572052403
2 0.654375 0.5906113537117904 0.05875 0.12445414847161572
2 0.43125 0.5851528384279476 0.07 0.13537117903930132
2 0.6325 0.47925764192139736 0.05 0.10262008733624454
2 0.51875 0.4781659388646288 0.0575 0.10480349344978165
2 0.655625 0.5327510917030568 0.05625 0.09606986899563319
2 0.519375 0.5305676855895196 0.06125 0.10043668122270742
2 0.43875 0.5360262008733624 0.065 0.11135371179039301
2 0.14375 0.6593886462882096 0.075 0.1572052401746725
2 0.185625 0.5917030567685589 0.06375 0.13100436681222707
2 0.07875 0.7707423580786026 0.0975 0.2052401746724891
2 0.311875 0.5349344978165939 0.06375 0.12663755458515283
2 0.535625 0.7587336244541485 0.11375 0.17685589519650655
2 0.441875 0.48034934497816595 0.05875 0.10480349344978165
2 0.32625 0.4868995633187773 0.0475 0.1091703056768559
2 0.745625 0.7641921397379913 0.09125 0.1572052401746725
2 0.249375 0.6626637554585153 0.08375 0.1462882096069869
2 0.81125 0.6604803493449781 0.07 0.13755458515283842
2 0.405 0.7620087336244541 0.1025 0.17903930131004367
2 0.4125 0.6528384279475983 0.0775 0.15283842794759825
2 0.860625 0.7620087336244541 0.08875 0.16593886462882096
2 0.52 0.5851528384279476 0.0675 0.1091703056768559
2 0.291875 0.5927947598253275 0.06625 0.14192139737991266
