2 0.86125 0.7620087336244541 0.09 0.16593886462882096
2 0.52 0.4781659388646288 0.0575 0.1091703056768559
2 0.411875 0.6550218340611353 0.08625 0.14847161572052403
2 0.521875 0.584061135371179 0.06375 0.0982532751091703
2 0.08375 0.7652838427947598 0.095 0.20305676855895197
2 0.259375 0.490174672489083 0.05375 0.10698689956331878
2 0.633125 0.4759825327510917 0.04875 0.10480349344978165
2 0.719375 0.5229257641921398 0.06125 0.12008733624454149
2 0.18625 0.5917030567685589 0.065 0.13537117903930132
2 0.521875 0.5327510917030568 0.06125 0.09606986899563319
2 0.69375 0.6593886462882096 0.075 0.14847161572052403
2 0.439375 0.47925764192139736 0.05875 0.10262008733624454
2 0.691875 0.4836244541484716 0.04625 0.10262008733624454
2 0.805 0.6582969432314411 0.0725 0.14192139737991266
2 0.145 0.6604803493449781 0.0875 0.16375545851528384
2 0.224375 0.5393013100436681 0.05875 0.12663755458515283
2 0.433125 0.5862445414847162 0.06375 0.1331877729257642
2 0.74625 0.7652838427947598 0.0925 0.15938864628820962
2 0.6475 0.5938864628820961 0.0575 0.13100436681222707
2 0.41 0.7587336244541485 0.0975 0.1812227074235808
2 0.314375 0.5360262008733624 0.06125 0.12882096069868995
2 0.76 0.5851528384279476 0.0625 0.13100436681222707
2 0.65 0.5262008733624454 0.055 0.10043668122270742
2 0.435 0.5360262008733624 0.065 0.11135371179039301
2 0.525625 0.648471615720524 0.08625 0.1615720524017467
2 0.2925 0.5938864628820961 0.065 0.13973799126637554
2 0.328125 0.48799126637554585 0.04375 0.10262008733624454
5 0.253125 0.7117903930131004 0.09625 0.26200873362445415
2 0.534375 0.759825327510917 0.10875 0.17467248908296942
