2 0.216875 0.7740174672489083 0.11125 0.17248908296943233
2 0.435 0.5349344978165939 0.065 0.10480349344978165
2 0.761875 0.5851528384279476 0.06125 0.12663755458515283
2 0.25125 0.665938864628821 0.085 0.15283842794759825
2 0.525625 0.5851528384279476 0.06625 0.10480349344978165
2 0.695 0.6593886462882096 0.075 0.14410480349344978
2 0.256875 0.48799126637554585 0.05375 0.0982532751091703
2 0.655625 0.5895196506550219 0.06375 0.13100436681222707
2 0.696875 0.4868995633187773 0.04875 0.1091703056768559
2 0.861875 0.7620087336244541 0.09125 0.16593886462882096
2 0.519375 0.4781659388646288 0.05875 0.1091703056768559
2 0.185 0.5906113537117904 0.0675 0.1331877729257642
2 0.523125 0.648471615720524 0.08125 0.15283842794759825
2 0.084375 0.7652838427947598 0.09375 0.20305676855895197
2 0.314375 0.5349344978165939 0.06125 0.13100436681222707
2 0.74625 0.7652838427947598 0.0925 0.15938864628820962
2 0.4375 0.4814410480349345 0.0625 0.10262008733624454
2 0.4125 0.6539301310043668 0.0875 0.15065502183406113
2 0.721875 0.5229257641921398 0.06125 0.11572052401746726
2 0.631875 0.4781659388646288 0.04625 0.10043668122270742
2 0.22375 0.537117903930131 0.0575 0.13100436681222707
2 0.5325 0.7587336244541485 0.1125 0.16812227074235808
2 0.805625 0.6593886462882096 0.07125 0.13973799126637554
2 0.413125 0.759825327510917 0.08875 0.18340611353711792
2 0.65375 0.5283842794759825 0.065 0.11790393013100436
3 0.139375 0.6648471615720524 0.07875 0.15502183406113537
2 0.4325 0.5862445414847162 0.065 0.1331877729257642
2 0.52 0.5360262008733624 0.07 0.10262008733624454
2 0.328125 0.48799126637554585 0.04375 0.10698689956331878
2 0.291875 0.5927947598253275 0.06625 0.14192139737991266
