1 0.40625 0.6648471615720524 0.1125 0.15938864628820962
1 0.72875 0.5283842794759825 0.0775 0.1091703056768559
4 0.14 0.6572052401746725 0.075 0.14847161572052403
1 0.758125 0.5906113537117904 0.07875 0.12445414847161572
1 0.53375 0.7827510917030568 0.1325 0.16375545851528384
1 0.14125 0.6572052401746725 0.075 0.14847161572052403
1 0.516875 0.5927947598253275 0.08625 0.10262008733624454
1 0.18375 0.5982532751091703 0.0675 0.15283842794759825
2 0.63 0.4836244541484716 0.0425 0.0982532751091703
1 0.439375 0.5349344978165939 0.07125 0.11353711790393013
2 0.654375 0.5316593886462883 0.06125 0.10698689956331878
1 0.86375 0.767467248908297 0.12 0.15502183406113537
1 0.079375 0.7663755458515283 0.10625 0.2096069868995633
1 0.29 0.6026200873362445 0.085 0.15283842794759825
1 0.440625 0.49563318777292575 0.07125 0.09170305676855896
1 0.211875 0.7794759825327511 0.11125 0.1703056768558952
1 0.80375 0.6703056768558951 0.1 0.14847161572052403
1 0.224375 0.5447598253275109 0.06875 0.12882096069868995
1 0.519375 0.4945414847161572 0.08125 0.08951965065502183
1 0.521875 0.6724890829694323 0.11375 0.15283842794759825
0 0.25375 0.5120087336244541 0.06 0.07641921397379912
1 0.405 0.7794759825327511 0.125 0.18777292576419213
1 0.69 0.6681222707423581 0.1 0.15283842794759825
0 0.325 0.5010917030567685 0.065 0.08951965065502183
1 0.740625 0.7805676855895196 0.12125 0.17248908296943233
1 0.2525 0.675764192139738 0.0925 0.15938864628820962
1 0.51875 0.5403930131004366 0.0725 0.11135371179039301
1 0.656875 0.5960698689956332 0.07375 0.12663755458515283
1 0.655625 0.5524017467248908 0.06625 0.13100436681222707
1 0.433125 0.5917030567685589 0.07625 0.15283842794759825
1 0.70125 0.4868995633187773 0.06 0.09606986899563319
