1 0.655 0.5393013100436681 0.06 0.10043668122270742
1 0.63125 0.4847161572052402 0.06 0.10480349344978165
1 0.31375 0.5305676855895196 0.0675 0.14410480349344978
1 0.141875 0.6713973799126638 0.07625 0.17248908296943233
1 0.21125 0.7816593886462883 0.1125 0.18777292576419213
1 0.7325 0.5414847161572053 0.08 0.08296943231441048
1 0.534375 0.777292576419214 0.13125 0.17903930131004367
1 0.083125 0.7652838427947598 0.09625 0.18995633187772926
1 0.68875 0.6692139737991266 0.1075 0.15065502183406113
1 0.4375 0.5382096069868996 0.0775 0.11135371179039301
1 0.521875 0.6572052401746725 0.11375 0.1615720524017467
1 0.43875 0.4912663755458515 0.0725 0.09170305676855896
1 0.40625 0.6648471615720524 0.11 0.15938864628820962
1 0.519375 0.5382096069868996 0.07125 0.10698689956331878
1 0.740625 0.7827510917030568 0.12125 0.17248908296943233
1 0.2225 0.5469432314410481 0.0725 0.1331877729257642
1 0.251875 0.675764192139738 0.09625 0.15502183406113537
1 0.18375 0.6037117903930131 0.0675 0.14192139737991266
1 0.405 0.7805676855895196 0.1275 0.18995633187772926
1 0.51625 0.4945414847161572 0.0725 0.09388646288209607
1 0.86375 0.7707423580786026 0.125 0.15283842794759825
1 0.80125 0.6681222707423581 0.1 0.15283842794759825
1 0.655 0.5938864628820961 0.0775 0.12663755458515283
1 0.431875 0.5917030567685589 0.07875 0.14410480349344978
1 0.255 0.5087336244541485 0.0575 0.08296943231441048
1 0.7575 0.5927947598253275 0.0775 0.12445414847161572
1 0.51875 0.5960698689956332 0.0875 0.10043668122270742
1 0.70375 0.48799126637554585 0.065 0.09388646288209607
1 0.286875 0.6026200873362445 0.08875 0.14847161572052403
