1 0.703125 0.4890829694323144 0.06625 0.10043668122270742
1 0.18375 0.6026200873362445 0.07 0.15283842794759825
1 0.5175 0.5949781659388647 0.09 0.0982532751091703
1 0.223125 0.5458515283842795 0.07125 0.13100436681222707
1 0.523125 0.6528384279475983 0.11625 0.1703056768558952
1 0.326875 0.49890829694323147 0.06375 0.09388646288209607
1 0.64875 0.537117903930131 0.065 0.10480349344978165
0 0.2525 0.5120087336244541 0.06 0.07641921397379912
1 0.864375 0.7729257641921398 0.12125 0.14847161572052403
1 0.40625 0.665938864628821 0.1125 0.1615720524017467
1 0.251875 0.6713973799126638 0.09625 0.15065502183406113
1 0.4325 0.5927947598253275 0.075 0.15065502183406113
1 0.079375 0.769650655021834 0.10625 0.19868995633187772
1 0.14125 0.6681222707423581 0.08 0.17467248908296942
1 0.436875 0.5360262008733624 0.07625 0.11572052401746726
1 0.439375 0.4945414847161572 0.07375 0.08951965065502183
1 0.5175 0.5360262008733624 0.06 0.0982532751091703
1 0.535 0.7805676855895196 0.1325 0.16375545851528384
1 0.311875 0.5327510917030568 0.06625 0.13537117903930132
1 0.80375 0.6703056768558951 0.0975 0.14847161572052403
1 0.7425 0.7783842794759825 0.12 0.17685589519650655
1 0.63 0.4868995633187773 0.0525 0.10043668122270742
0 0.73 0.5436681222707423 0.0825 0.08733624454148471
1 0.28875 0.601528384279476 0.0825 0.15502183406113537
1 0.75875 0.5938864628820961 0.0825 0.1222707423580786
1 0.688125 0.6735807860262009 0.11125 0.13755458515283842
1 0.654375 0.5960698689956332 0.07625 0.12663755458515283
1 0.515625 0.490174672489083 0.05875 0.09388646288209607
1 0.21 0.7849344978165939 0.115 0.185589519650655
1 0.404375 0.7827510917030568 0.12875 0.185589519650655
