1 0.63125 0.4868995633187773 0.06 0.10480349344978165
1 0.436875 0.5349344978165939 0.07625 0.11353711790393013
1 0.2875 0.6026200873362445 0.085 0.15283842794759825
1 0.184375 0.601528384279476 0.06875 0.15502183406113537
1 0.251875 0.6713973799126638 0.09625 0.15502183406113537
1 0.803125 0.6724890829694323 0.09625 0.14847161572052403
1 0.210625 0.7827510917030568 0.11375 0.185589519650655
0 0.251875 0.5109170305676856 0.06375 0.07423580786026202
1 0.75875 0.5927947598253275 0.085 0.12008733624454149
1 0.1425 0.6703056768558951 0.0775 0.1703056768558952
1 0.404375 0.787117903930131 0.12875 0.17685589519650655
1 0.224375 0.5469432314410481 0.07125 0.12882096069868995
1 0.694375 0.6735807860262009 0.10625 0.1331877729257642
1 0.40625 0.665938864628821 0.1125 0.1615720524017467
0 0.730625 0.5436681222707423 0.08125 0.08733624454148471
1 0.08 0.7718340611353712 0.1075 0.1943231441048035
1 0.863125 0.769650655021834 0.12125 0.15938864628820962
1 0.519375 0.537117903930131 0.07375 0.10480349344978165
1 0.520625 0.49344978165938863 0.07125 0.09170305676855896
1 0.431875 0.5938864628820961 0.07625 0.15283842794759825
1 0.519375 0.5982532751091703 0.08875 0.10043668122270742
1 0.44 0.4945414847161572 0.075 0.08951965065502183
1 0.651875 0.5971615720524017 0.08875 0.17685589519650655
1 0.319375 0.5087336244541485 0.06375 0.10043668122270742
2 0.185 0.6026200873362445 0.0675 0.15283842794759825
1 0.74125 0.7805676855895196 0.1225 0.17248908296943233
1 0.310625 0.5360262008733624 0.06375 0.1331877729257642
1 0.534375 0.7838427947598253 0.13375 0.15283842794759825
1 0.521875 0.6604803493449781 0.11125 0.15938864628820962
1 0.70375 0.4890829694323144 0.0675 0.09606986899563319
