0 0.731875 0.5425764192139738 0.08125 0.08951965065502183
1 0.325625 0.490174672489083 0.05625 0.10698689956331878
1 0.703125 0.4868995633187773 0.06875 0.10043668122270742
1 0.523125 0.6582969432314411 0.11875 0.16375545851528384
1 0.5225 0.49344978165938863 0.075 0.09170305676855896
1 0.43875 0.5327510917030568 0.075 0.1222707423580786
0 0.2525 0.5131004366812227 0.055 0.07423580786026202
1 0.63125 0.4868995633187773 0.07 0.11353711790393013
1 0.519375 0.5949781659388647 0.08875 0.10262008733624454
1 0.0825 0.7729257641921398 0.1025 0.1965065502183406
1 0.224375 0.5447598253275109 0.06875 0.12445414847161572
1 0.740625 0.7783842794759825 0.11875 0.17248908296943233
1 0.185625 0.5982532751091703 0.07125 0.15283842794759825
1 0.535625 0.7794759825327511 0.13625 0.16593886462882096
1 0.521875 0.5436681222707423 0.07625 0.09170305676855896
1 0.758125 0.5960698689956332 0.08375 0.1222707423580786
1 0.65875 0.5927947598253275 0.0825 0.1331877729257642
1 0.311875 0.5360262008733624 0.06375 0.1331877729257642
1 0.29 0.5993449781659389 0.0825 0.15502183406113537
1 0.689375 0.6790393013100436 0.11125 0.13973799126637554
1 0.866875 0.7641921397379913 0.11875 0.1615720524017467
1 0.439375 0.4912663755458515 0.07375 0.09170305676855896
1 0.141875 0.6692139737991266 0.07875 0.17248908296943233
1 0.405625 0.6637554585152838 0.10875 0.1615720524017467
1 0.801875 0.6692139737991266 0.09375 0.15065502183406113
1 0.4075 0.7729257641921398 0.12 0.18340611353711792
1 0.431875 0.5927947598253275 0.07375 0.1462882096069869
1 0.251875 0.6692139737991266 0.09875 0.15938864628820962
1 0.21125 0.7827510917030568 0.1125 0.185589519650655
