1 0.8025 0.6735807860262009 0.0975 0.14192139737991266
1 0.755625 0.5971615720524017 0.08125 0.10698689956331878
0 0.13875 0.6954148471615721 0.0925 0.10698689956331878
0 0.214375 0.7903930131004366 0.12875 0.14847161572052403
0 0.430625 0.601528384279476 0.08875 0.0982532751091703
0 0.52125 0.6004366812227074 0.1025 0.10043668122270742
1 0.70125 0.48799126637554585 0.06 0.09388646288209607
2 0.30625 0.5349344978165939 0.0675 0.13973799126637554
0 0.246875 0.6844978165938864 0.10375 0.12445414847161572
1 0.62625 0.48799126637554585 0.07 0.10698689956331878
1 0.32625 0.49344978165938863 0.055 0.10480349344978165
1 0.653125 0.5414847161572053 0.06625 0.10480349344978165
0 0.2175 0.5469432314410481 0.08 0.13755458515283842
0 0.173125 0.6222707423580786 0.10375 0.08733624454148471
1 0.686875 0.6779475982532751 0.10625 0.14192139737991266
0 0.52625 0.6724890829694323 0.1175 0.1222707423580786
1 0.744375 0.7751091703056768 0.10625 0.15283842794759825
0 0.410625 0.6703056768558951 0.09375 0.11353711790393013
1 0.863125 0.7631004366812227 0.11875 0.15065502183406113
1 0.519375 0.49344978165938863 0.07625 0.09170305676855896
0 0.733125 0.5349344978165939 0.08625 0.10043668122270742
1 0.65625 0.5993449781659389 0.0775 0.12445414847161572
1 0.44 0.49344978165938863 0.0725 0.09170305676855896
1 0.25625 0.5021834061135371 0.0575 0.09606986899563319
1 0.52625 0.7609170305676856 0.115 0.17248908296943233
0 0.28 0.6080786026200873 0.08 0.11135371179039301
1 0.4375 0.5349344978165939 0.08 0.11353711790393013
1 0.528125 0.5425764192139738 0.08125 0.09388646288209607
0 0.0825 0.7707423580786026 0.1 0.2052401746724891
