0 0.3225 0.49344978165938863 0.0625 0.10043668122270742
0 0.51625 0.50764192139738 0.085 0.07205240174672489
0 0.775 0.5993449781659389 0.085 0.0982532751091703
0 0.25375 0.5010917030567685 0.065 0.09388646288209607
0 0.6725 0.6058951965065502 0.07 0.11135371179039301
0 0.8075 0.675764192139738 0.1075 0.1331877729257642
1 0.651875 0.5360262008733624 0.05375 0.0982532751091703
0 0.521875 0.6779475982532751 0.11875 0.12882096069868995
0 0.211875 0.7947598253275109 0.13125 0.13973799126637554
0 0.526875 0.5567685589519651 0.08375 0.07423580786026202
2 0.144375 0.6648471615720524 0.08125 0.15502183406113537
0 0.42875 0.5906113537117904 0.09 0.12008733624454149
0 0.18875 0.62117903930131 0.09 0.08951965065502183
1 0.631875 0.4847161572052402 0.05125 0.08733624454148471
0 0.696875 0.6965065502183406 0.10625 0.09606986899563319
1 0.07875 0.7641921397379913 0.11 0.19213973799126638
0 0.526875 0.7882096069868996 0.13875 0.1222707423580786
0 0.305 0.5556768558951966 0.0775 0.0851528384279476
0 0.7025 0.4912663755458515 0.0625 0.08733624454148471
0 0.40125 0.7685589519650655 0.115 0.1703056768558952
0 0.51875 0.5960698689956332 0.0825 0.10480349344978165
0 0.735 0.5338427947598253 0.085 0.10262008733624454
0 0.224375 0.5502183406113537 0.06375 0.11353711790393013
0 0.743125 0.7794759825327511 0.12625 0.15283842794759825
0 0.86875 0.7914847161572053 0.125 0.11572052401746726
0 0.2825 0.6069868995633187 0.085 0.11790393013100436
0 0.408125 0.6812227074235808 0.10875 0.11790393013100436
0 0.44 0.5360262008733624 0.0775 0.11135371179039301
0 0.249375 0.6823144104803494 0.10125 0.12445414847161572
