0 0.4275 0.5917030567685589 0.0875 0.11353711790393013
0 0.51875 0.49890829694323147 0.08 0.08951965065502183
0 0.22625 0.5513100436681223 0.0625 0.11572052401746726
0 0.25 0.6801310043668122 0.105 0.12882096069868995
0 0.863125 0.777292576419214 0.11125 0.14847161572052403
0 0.2825 0.6069868995633187 0.085 0.12663755458515283
0 0.705625 0.49344978165938863 0.06625 0.08733624454148471
0 0.52125 0.5949781659388647 0.0875 0.12008733624454149
0 0.529375 0.5578602620087336 0.08125 0.07641921397379912
1 0.655 0.5393013100436681 0.0525 0.09606986899563319
0 0.1875 0.62117903930131 0.0875 0.0851528384279476
0 0.4075 0.6855895196506551 0.11 0.11790393013100436
0 0.44 0.5349344978165939 0.0775 0.10043668122270742
0 0.7475 0.7838427947598253 0.1225 0.1572052401746725
0 0.524375 0.675764192139738 0.12125 0.13755458515283842
0 0.775625 0.5960698689956332 0.08625 0.10480349344978165
0 0.530625 0.787117903930131 0.13125 0.12445414847161572
1 0.078125 0.7685589519650655 0.11125 0.18777292576419213
0 0.6725 0.6080786026200873 0.0725 0.11135371179039301
0 0.306875 0.5611353711790393 0.08125 0.09170305676855896
0 0.255 0.5021834061135371 0.0625 0.09606986899563319
0 0.695625 0.6943231441048034 0.11125 0.10480349344978165
1 0.6325 0.4868995633187773 0.055 0.08733624454148471
0 0.4 0.7718340611353712 0.115 0.185589519650655
0 0.213125 0.7969432314410481 0.13375 0.14410480349344978
0 0.809375 0.6779475982532751 0.10125 0.12882096069868995
0 0.3225 0.49672489082969434 0.065 0.0982532751091703
0 0.73625 0.537117903930131 0.0825 0.1091703056768559
