0 0.428125 0.5851528384279476 0.08875 0.13973799126637554
0 0.66625 0.6004366812227074 0.085 0.11353711790393013
0 0.739375 0.7958515283842795 0.12375 0.13755458515283842
0 0.734375 0.5349344978165939 0.08625 0.10043668122270742
0 0.07625 0.769650655021834 0.1125 0.2074235807860262
0 0.135625 0.6724890829694323 0.08625 0.15283842794759825
0 0.525 0.6801310043668122 0.1225 0.12008733624454149
0 0.399375 0.7751091703056768 0.11375 0.1572052401746725
0 0.18375 0.6244541484716157 0.0825 0.08296943231441048
1 0.256875 0.4890829694323144 0.06125 0.10480349344978165
3 0.704375 0.4814410480349345 0.06375 0.10698689956331878
0 0.3075 0.5589519650655022 0.075 0.09170305676855896
0 0.775 0.5884279475982532 0.0875 0.12008733624454149
0 0.53125 0.7991266375545851 0.135 0.13100436681222707
0 0.2825 0.6080786026200873 0.085 0.11572052401746726
0 0.221875 0.5458515283842795 0.07375 0.11790393013100436
0 0.525625 0.5480349344978166 0.07875 0.08733624454148471
0 0.860625 0.7882096069868996 0.11875 0.1222707423580786
0 0.43875 0.5 0.075 0.07860262008733625
0 0.52375 0.49890829694323147 0.0725 0.07641921397379912
0 0.21 0.7893013100436681 0.1375 0.1462882096069869
0 0.798125 0.6790393013100436 0.10125 0.13537117903930132
2 0.635625 0.4836244541484716 0.05125 0.10698689956331878
1 0.648125 0.5393013100436681 0.06625 0.08733624454148471
0 0.516875 0.6048034934497817 0.09875 0.09606986899563319
0 0.69625 0.6965065502183406 0.11 0.09606986899563319
1 0.321875 0.490174672489083 0.05625 0.10262008733624454
0 0.406875 0.6888646288209607 0.10625 0.10698689956331878
0 0.253125 0.6801310043668122 0.09125 0.12882096069868995
