0 0.73375 0.537117903930131 0.0875 0.09606986899563319
0 0.31 0.5633187772925764 0.0725 0.08296943231441048
0 0.7975 0.6834061135371179 0.1 0.12663755458515283
1 0.436875 0.5393013100436681 0.07875 0.11790393013100436
0 0.29125 0.6091703056768559 0.0775 0.11353711790393013
0 0.525 0.6790393013100436 0.1225 0.1222707423580786
0 0.31625 0.4978165938864629 0.055 0.09606986899563319
0 0.70375 0.48580786026200873 0.0675 0.09388646288209607
0 0.52 0.5021834061135371 0.0725 0.07423580786026202
0 0.399375 0.7740174672489083 0.11375 0.15938864628820962
1 0.439375 0.5021834061135371 0.07375 0.08296943231441048
0 0.739375 0.7969432314410481 0.12375 0.13973799126637554
0 0.2625 0.49344978165938863 0.0575 0.09170305676855896
1 0.07875 0.769650655021834 0.11 0.19868995633187772
0 0.65 0.5480349344978166 0.0675 0.08733624454148471
1 0.225625 0.7609170305676856 0.10625 0.16375545851528384
0 0.18375 0.6233624454148472 0.0825 0.0851528384279476
0 0.691875 0.6965065502183406 0.10625 0.09606986899563319
0 0.254375 0.6713973799126638 0.10375 0.15938864628820962
0 0.406875 0.6812227074235808 0.10625 0.11353711790393013
1 0.42875 0.5796943231441049 0.09 0.14192139737991266
0 0.076875 0.7707423580786026 0.10625 0.2052401746724891
0 0.85625 0.777292576419214 0.115 0.14410480349344978
0 0.225 0.5458515283842795 0.065 0.11353711790393013
0 0.52375 0.5524017467248908 0.075 0.07860262008733625
0 0.66625 0.6037117903930131 0.0925 0.10698689956331878
0 0.426875 0.5873362445414847 0.09375 0.13537117903930132
0 0.138125 0.6724890829694323 0.08375 0.1572052401746725
0 0.519375 0.5971615720524017 0.08625 0.10262008733624454
1 0.6325 0.4868995633187773 0.0625 0.10043668122270742
0 0.530625 0.7991266375545851 0.13625 0.13100436681222707
0 0.77625 0.5927947598253275 0.0875 0.10698689956331878
0 0.440625 0.49672489082969434 0.07125 0.07641921397379912
