2 0.1925 0.5877777777777777 0.115 0.21555555555555556
2 0.25 0.25333333333333335 0.0625 0.12444444444444444
2 0.815625 0.30333333333333334 0.05625 0.13111111111111112
2 0.456875 0.8611111111111112 0.12875 0.26
2 0.626875 0.87 0.13625 0.23333333333333334
2 0.599375 0.6033333333333334 0.10625 0.2111111111111111
2 0.584375 0.45666666666666667 0.07375 0.14888888888888888
2 0.565625 0.2733333333333333 0.06875 0.12444444444444444
2 0.119375 0.8466666666666667 0.12625 0.22666666666666666
2 0.29375 0.33 0.07 0.15333333333333332
2 0.13375 0.44333333333333336 0.0825 0.15333333333333332
2 0.251875 0.43777777777777777 0.07875 0.1688888888888889
2 0.47375 0.3377777777777778 0.0825 0.14222222222222222
2 0.340625 0.26666666666666666 0.07125 0.12
2 0.736875 0.29444444444444445 0.06625 0.12222222222222222
2 0.056875 0.59 0.10125 0.19777777777777777
2 0.8575 0.3811111111111111 0.06 0.13111111111111112
2 0.484375 0.2644444444444444 0.07125 0.12444444444444444
2 0.81875 0.4822222222222222 0.0825 0.1688888888888889
2 0.558125 0.34444444444444444 0.06625 0.1511111111111111
2 0.481875 0.5977777777777777 0.12125 0.21333333333333335
2 0.760625 0.3688888888888889 0.06375 0.14222222222222222
2 0.9075 0.49333333333333335 0.08 0.1688888888888889
2 0.483125 0.4444444444444444 0.10375 0.1688888888888889
2 0.209375 0.3377777777777778 0.06125 0.1288888888888889
2 0.890625 0.6533333333333333 0.10125 0.18222222222222223
