1 0.3175 0.49344978165938863 0.0525 0.10480349344978165
0 0.858125 0.7882096069868996 0.11875 0.1222707423580786
1 0.19 0.7849344978165939 0.095 0.15938864628820962
0 0.44125 0.5065502183406113 0.075 0.06986899563318777
0 0.7 0.6899563318777293 0.1175 0.10043668122270742
0 0.66375 0.6048034934497817 0.0925 0.10480349344978165
1 0.080625 0.7663755458515283 0.09875 0.1965065502183406
0 0.250625 0.6746724890829694 0.09375 0.13537117903930132
0 0.40875 0.6899563318777293 0.1 0.1091703056768559
0 0.735 0.5382096069868996 0.0825 0.09388646288209607
0 0.426875 0.5982532751091703 0.08875 0.1091703056768559
0 0.52125 0.5043668122270742 0.075 0.07860262008733625
0 0.649375 0.5491266375545851 0.07875 0.08951965065502183
0 0.4 0.7729257641921398 0.115 0.1615720524017467
0 0.7025 0.49563318777292575 0.0675 0.07860262008733625
0 0.776875 0.5960698689956332 0.09125 0.10480349344978165
0 0.523125 0.7805676855895196 0.11875 0.15065502183406113
1 0.138125 0.6604803493449781 0.08375 0.1462882096069869
1 0.26125 0.4890829694323144 0.0625 0.09606986899563319
0 0.80875 0.6779475982532751 0.1025 0.12882096069868995
0 0.73875 0.7947598253275109 0.1225 0.13537117903930132
0 0.52 0.6626637554585153 0.11 0.15938864628820962
0 0.22125 0.5447598253275109 0.07 0.10698689956331878
0 0.186875 0.6048034934497817 0.07625 0.1222707423580786
0 0.52 0.5873362445414847 0.0775 0.10480349344978165
0 0.626875 0.5 0.07375 0.07423580786026202
0 0.291875 0.5993449781659389 0.07875 0.1462882096069869
