0 0.62625 0.5010917030567685 0.075 0.07205240174672489
1 0.1375 0.6692139737991266 0.0825 0.15502183406113537
0 0.4275 0.5906113537117904 0.09 0.1331877729257642
0 0.521875 0.5054585152838428 0.07625 0.07641921397379912
0 0.52125 0.5829694323144105 0.0775 0.10480349344978165
0 0.398125 0.7729257641921398 0.11625 0.1615720524017467
0 0.52125 0.7805676855895196 0.1175 0.1462882096069869
0 0.440625 0.5120087336244541 0.07625 0.07641921397379912
1 0.318125 0.49344978165938863 0.05375 0.10480349344978165
0 0.520625 0.6615720524017468 0.10875 0.1572052401746725
2 0.25125 0.6692139737991266 0.095 0.17248908296943233
0 0.733125 0.5327510917030568 0.08125 0.10043668122270742
1 0.205 0.7794759825327511 0.12 0.1572052401746725
0 0.665 0.6048034934497817 0.09 0.10480349344978165
0 0.218125 0.5480349344978166 0.06875 0.10043668122270742
0 0.408125 0.6899563318777293 0.10125 0.10480349344978165
0 0.136875 0.6692139737991266 0.08625 0.15502183406113537
0 0.80875 0.6779475982532751 0.1025 0.12882096069868995
1 0.081875 0.7631004366812227 0.10125 0.1943231441048035
0 0.7025 0.49672489082969434 0.0675 0.08078602620087336
0 0.261875 0.4923580786026201 0.06375 0.09388646288209607
0 0.648125 0.5480349344978166 0.07625 0.09170305676855896
1 0.291875 0.5960698689956332 0.07875 0.14847161572052403
0 0.775625 0.5873362445414847 0.08125 0.11353711790393013
1 0.18625 0.5949781659388647 0.075 0.1331877729257642
0 0.6975 0.6899563318777293 0.12 0.10043668122270742
0 0.74 0.7947598253275109 0.1225 0.13537117903930132
0 0.8575 0.787117903930131 0.1175 0.12445414847161572
