1 0.428125 0.5938864628820961 0.08625 0.1572052401746725
1 0.078125 0.7718340611353712 0.11375 0.2074235807860262
1 0.653125 0.5251091703056768 0.06625 0.12445414847161572
1 0.691875 0.6844978165938864 0.10625 0.12882096069868995
1 0.65875 0.5982532751091703 0.0925 0.11353711790393013
1 0.4075 0.6735807860262009 0.11 0.1462882096069869
1 0.72625 0.5305676855895196 0.065 0.11353711790393013
1 0.20875 0.7816593886462883 0.1125 0.18340611353711792
1 0.745625 0.777292576419214 0.11625 0.1703056768558952
1 0.2575 0.4945414847161572 0.0625 0.10698689956331878
1 0.325 0.49344978165938863 0.055 0.10480349344978165
1 0.69625 0.4890829694323144 0.055 0.10043668122270742
1 0.14625 0.6692139737991266 0.085 0.17685589519650655
1 0.40625 0.7631004366812227 0.115 0.18995633187772926
1 0.62625 0.4890829694323144 0.055 0.11353711790393013
1 0.53 0.7794759825327511 0.1325 0.17467248908296942
1 0.253125 0.6637554585152838 0.09375 0.16593886462882096
1 0.864375 0.7609170305676856 0.12375 0.17248908296943233
1 0.18625 0.5971615720524017 0.07 0.15502183406113537
1 0.29 0.601528384279476 0.08 0.15065502183406113
1 0.225625 0.537117903930131 0.06875 0.1222707423580786
1 0.521875 0.5829694323144105 0.09375 0.14410480349344978
5 0.765625 0.62117903930131 0.08375 0.1943231441048035
1 0.3125 0.5403930131004366 0.065 0.11572052401746726
1 0.525 0.6692139737991266 0.1225 0.15065502183406113
1 0.44 0.4912663755458515 0.0675 0.09170305676855896
1 0.436875 0.5382096069868996 0.07375 0.11135371179039301
