1 0.65375 0.527292576419214 0.0675 0.12008733624454149
1 0.209375 0.777292576419214 0.11125 0.18777292576419213
1 0.225 0.537117903930131 0.07 0.1222707423580786
1 0.2525 0.6637554585152838 0.095 0.16593886462882096
1 0.07875 0.7707423580786026 0.1125 0.2052401746724891
1 0.525625 0.6692139737991266 0.12375 0.15065502183406113
1 0.6275 0.4868995633187773 0.0575 0.11353711790393013
1 0.313125 0.5414847161572053 0.06375 0.11790393013100436
1 0.72625 0.5305676855895196 0.0675 0.11790393013100436
1 0.406875 0.75764192139738 0.11375 0.17467248908296942
1 0.256875 0.49563318777292575 0.06375 0.1091703056768559
1 0.185625 0.5982532751091703 0.07125 0.1572052401746725
5 0.764375 0.6222707423580786 0.08375 0.1965065502183406
1 0.53 0.7805676855895196 0.135 0.17248908296943233
1 0.325625 0.4945414847161572 0.05625 0.10698689956331878
1 0.29 0.5993449781659389 0.08 0.15065502183406113
1 0.865 0.7609170305676856 0.12 0.17248908296943233
1 0.4075 0.6746724890829694 0.11 0.14410480349344978
1 0.52 0.49672489082969434 0.0825 0.08951965065502183
1 0.5225 0.5786026200873362 0.0925 0.14847161572052403
1 0.74625 0.7783842794759825 0.115 0.16812227074235808
1 0.435625 0.5382096069868996 0.07375 0.11572052401746726
1 0.4275 0.5917030567685589 0.09 0.14847161572052403
1 0.439375 0.4923580786026201 0.06625 0.08951965065502183
1 0.69 0.6855895196506551 0.11 0.13100436681222707
1 0.65875 0.5993449781659389 0.0925 0.11135371179039301
1 0.696875 0.4890829694323144 0.05375 0.10043668122270742
1 0.146875 0.6703056768558951 0.08625 0.17903930131004367
