1 0.291875 0.6037117903930131 0.07875 0.14192139737991266
1 0.729375 0.5349344978165939 0.06875 0.11790393013100436
1 0.406875 0.6790393013100436 0.11625 0.15283842794759825
1 0.315 0.5425764192139738 0.065 0.11572052401746726
1 0.43875 0.5403930131004366 0.07 0.11572052401746726
1 0.531875 0.7805676855895196 0.13375 0.17685589519650655
1 0.86125 0.7609170305676856 0.125 0.17248908296943233
1 0.2125 0.7762008733624454 0.1125 0.17685589519650655
1 0.74625 0.7783842794759825 0.1175 0.17248908296943233
1 0.079375 0.7751091703056768 0.10625 0.2052401746724891
1 0.52375 0.5873362445414847 0.0925 0.15283842794759825
1 0.42875 0.5971615720524017 0.0925 0.1462882096069869
1 0.225625 0.5458515283842795 0.07375 0.12663755458515283
1 0.441875 0.4945414847161572 0.06375 0.09388646288209607
1 0.65625 0.6026200873362445 0.0875 0.11790393013100436
5 0.769375 0.6255458515283843 0.08375 0.185589519650655
1 0.52875 0.6724890829694323 0.1175 0.14847161572052403
1 0.186875 0.601528384279476 0.06875 0.15502183406113537
1 0.3275 0.49563318777292575 0.055 0.11353711790393013
1 0.2575 0.49563318777292575 0.0625 0.11353711790393013
1 0.69125 0.6768558951965066 0.1 0.13537117903930132
1 0.628125 0.490174672489083 0.06125 0.11135371179039301
1 0.698125 0.4923580786026201 0.05375 0.10262008733624454
1 0.4075 0.7347161572052402 0.1175 0.17248908296943233
1 0.14875 0.675764192139738 0.095 0.17248908296943233
1 0.25375 0.6681222707423581 0.09 0.16593886462882096
1 0.653125 0.5283842794759825 0.06625 0.1222707423580786
