1 0.650625 0.5240174672489083 0.06375 0.11790393013100436
1 0.6975 0.490174672489083 0.055 0.0982532751091703
1 0.53125 0.7631004366812227 0.1375 0.20305676855895197
1 0.4275 0.5807860262008734 0.0825 0.13537117903930132
1 0.52125 0.5927947598253275 0.085 0.10698689956331878
1 0.406875 0.6713973799126638 0.11125 0.13755458515283842
1 0.29 0.5949781659388647 0.08 0.15065502183406113
1 0.8625 0.7565502183406113 0.125 0.16812227074235808
1 0.653125 0.5895196506550219 0.08125 0.12663755458515283
1 0.436875 0.5360262008733624 0.07125 0.12008733624454149
1 0.68875 0.6779475982532751 0.11 0.15065502183406113
1 0.20875 0.7816593886462883 0.1125 0.18340611353711792
2 0.52 0.5349344978165939 0.075 0.10480349344978165
1 0.439375 0.48799126637554585 0.06375 0.09388646288209607
1 0.525 0.6582969432314411 0.1175 0.16812227074235808
1 0.1475 0.6692139737991266 0.09 0.17248908296943233
1 0.62625 0.48799126637554585 0.055 0.10698689956331878
1 0.078125 0.769650655021834 0.10875 0.2074235807860262
1 0.2525 0.6637554585152838 0.095 0.1703056768558952
1 0.4075 0.7587336244541485 0.115 0.1812227074235808
1 0.725 0.5294759825327511 0.0675 0.11572052401746726
1 0.258125 0.4923580786026201 0.06125 0.10698689956331878
1 0.325625 0.4912663755458515 0.05625 0.1091703056768559
1 0.754375 0.584061135371179 0.07375 0.12882096069868995
2 0.314375 0.5414847161572053 0.06375 0.11790393013100436
1 0.186875 0.5993449781659389 0.06875 0.15502183406113537
2 0.793125 0.6593886462882096 0.08125 0.1615720524017467
1 0.223125 0.537117903930131 0.07125 0.1222707423580786
1 0.52 0.49563318777292575 0.08 0.09170305676855896
1 0.745625 0.7751091703056768 0.11875 0.17467248908296942
