1 0.5225 0.5851528384279476 0.085 0.1222707423580786
1 0.440625 0.4912663755458515 0.06875 0.09170305676855896
2 0.4075 0.7652838427947598 0.11 0.1943231441048035
1 0.65125 0.5240174672489083 0.0625 0.11790393013100436
1 0.431875 0.5796943231441049 0.07375 0.14192139737991266
1 0.146875 0.6670305676855895 0.08625 0.17685589519650655
1 0.69625 0.4890829694323144 0.0525 0.10043668122270742
1 0.29125 0.5971615720524017 0.08 0.15502183406113537
1 0.313125 0.537117903930131 0.05625 0.11790393013100436
1 0.186875 0.6004366812227074 0.06875 0.1572052401746725
1 0.524375 0.6550218340611353 0.11875 0.17903930131004367
1 0.74875 0.7740174672489083 0.12 0.17685589519650655
2 0.409375 0.6648471615720524 0.11375 0.17248908296943233
1 0.08 0.7685589519650655 0.1075 0.2096069868995633
1 0.52125 0.5327510917030568 0.075 0.10480349344978165
1 0.660625 0.5895196506550219 0.07375 0.12663755458515283
1 0.53625 0.7631004366812227 0.1375 0.20305676855895197
1 0.438125 0.5240174672489083 0.07125 0.10480349344978165
2 0.798125 0.6582969432314411 0.08625 0.16375545851528384
1 0.209375 0.7816593886462883 0.11375 0.19213973799126638
1 0.32375 0.4945414847161572 0.0575 0.11135371179039301
1 0.22375 0.5403930131004366 0.075 0.12445414847161572
1 0.723125 0.5294759825327511 0.06875 0.12445414847161572
2 0.86 0.7565502183406113 0.1175 0.16375545851528384
1 0.52 0.4945414847161572 0.0825 0.0982532751091703
1 0.688125 0.6779475982532751 0.10875 0.15065502183406113
1 0.6275 0.48799126637554585 0.0575 0.10698689956331878
1 0.755 0.5829694323144105 0.075 0.13100436681222707
1 0.258125 0.49563318777292575 0.05875 0.1091703056768559
1 0.2525 0.6626637554585153 0.0975 0.17248908296943233
