2 0.325 0.4912663755458515 0.0525 0.10480349344978165
2 0.52375 0.6539301310043668 0.0925 0.15502183406113537
2 0.259375 0.49563318777292575 0.05125 0.11353711790393013
2 0.29125 0.5949781659388647 0.0725 0.14192139737991266
2 0.41 0.7620087336244541 0.0925 0.16593886462882096
2 0.4375 0.5393013100436681 0.0625 0.10480349344978165
2 0.223125 0.5403930131004366 0.06125 0.12445414847161572
2 0.145625 0.6637554585152838 0.07125 0.1572052401746725
2 0.084375 0.7641921397379913 0.09625 0.2052401746724891
2 0.42875 0.5862445414847162 0.0725 0.12882096069868995
2 0.695625 0.4868995633187773 0.04875 0.1091703056768559
2 0.74875 0.7685589519650655 0.1 0.1572052401746725
2 0.62625 0.4814410480349345 0.0625 0.11135371179039301
2 0.725 0.5283842794759825 0.0625 0.11353711790393013
2 0.695 0.6735807860262009 0.075 0.1331877729257642
2 0.53375 0.75764192139738 0.1175 0.1703056768558952
2 0.210625 0.769650655021834 0.08625 0.16375545851528384
2 0.518125 0.5917030567685589 0.06625 0.1091703056768559
2 0.80125 0.6582969432314411 0.0725 0.1462882096069869
2 0.41125 0.6604803493449781 0.1 0.1462882096069869
2 0.656875 0.5349344978165939 0.05375 0.10043668122270742
2 0.76 0.5807860262008734 0.06 0.12663755458515283
2 0.310625 0.5393013100436681 0.06375 0.11353711790393013
2 0.861875 0.7641921397379913 0.08875 0.1703056768558952
2 0.51875 0.5349344978165939 0.065 0.10043668122270742
2 0.440625 0.48580786026200873 0.05875 0.09388646288209607
2 0.24875 0.6648471615720524 0.085 0.1462882096069869
2 0.51875 0.48253275109170307 0.0575 0.10043668122270742
2 0.6575 0.5873362445414847 0.0675 0.13100436681222707
2 0.1875 0.5949781659388647 0.0675 0.1331877729257642
