2 0.44125 0.4868995633187773 0.0625 0.09170305676855896
2 0.659375 0.5338427947598253 0.06125 0.10262008733624454
2 0.86125 0.767467248908297 0.085 0.15938864628820962
2 0.53625 0.5895196506550219 0.0675 0.11353711790393013
2 0.44 0.5403930131004366 0.06 0.10262008733624454
2 0.520625 0.5349344978165939 0.06375 0.1091703056768559
2 0.658125 0.5873362445414847 0.06875 0.13100436681222707
2 0.21125 0.769650655021834 0.0875 0.16812227074235808
2 0.629375 0.48580786026200873 0.04875 0.10698689956331878
2 0.25625 0.4923580786026201 0.0525 0.10262008733624454
2 0.22375 0.5414847161572053 0.06 0.1222707423580786
2 0.3225 0.48799126637554585 0.06 0.10262008733624454
2 0.304375 0.5676855895196506 0.06375 0.12663755458515283
2 0.41375 0.7652838427947598 0.105 0.16812227074235808
2 0.524375 0.6561135371179039 0.09625 0.15938864628820962
2 0.519375 0.4836244541484716 0.05875 0.10262008733624454
2 0.084375 0.7620087336244541 0.09375 0.2052401746724891
2 0.18625 0.5938864628820961 0.0625 0.13537117903930132
2 0.6975 0.6713973799126638 0.0825 0.14192139737991266
2 0.410625 0.6582969432314411 0.10125 0.15502183406113537
2 0.723125 0.5251091703056768 0.05625 0.11135371179039301
2 0.289375 0.5949781659388647 0.07625 0.14192139737991266
2 0.145625 0.6615720524017468 0.07375 0.1572052401746725
2 0.7525 0.769650655021834 0.095 0.15938864628820962
2 0.801875 0.6582969432314411 0.07625 0.14192139737991266
2 0.755625 0.5851528384279476 0.05875 0.1222707423580786
2 0.696875 0.4890829694323144 0.04625 0.10043668122270742
2 0.25 0.6681222707423581 0.085 0.15283842794759825
2 0.43125 0.5884279475982532 0.0675 0.12445414847161572
2 0.53625 0.7729257641921398 0.125 0.14847161572052403
2 0.315625 0.5425764192139738 0.05625 0.11572052401746726
