2 0.44125 0.48580786026200873 0.0575 0.08951965065502183
2 0.8625 0.767467248908297 0.0875 0.15938864628820962
2 0.700625 0.6703056768558951 0.07875 0.13973799126637554
2 0.65875 0.5884279475982532 0.0675 0.1331877729257642
2 0.72375 0.5251091703056768 0.0575 0.11572052401746726
2 0.4125 0.6572052401746725 0.0975 0.15283842794759825
2 0.6575 0.5338427947598253 0.055 0.0982532751091703
2 0.7525 0.7663755458515283 0.095 0.1572052401746725
2 0.629375 0.48580786026200873 0.04875 0.10698689956331878
2 0.5175 0.4836244541484716 0.055 0.10262008733624454
2 0.145625 0.6626637554585153 0.07375 0.15502183406113537
2 0.523125 0.5338427947598253 0.06875 0.10698689956331878
2 0.3125 0.5414847161572053 0.0575 0.1091703056768559
2 0.22375 0.5393013100436681 0.06 0.12663755458515283
2 0.8 0.6593886462882096 0.075 0.13973799126637554
2 0.2575 0.4923580786026201 0.05 0.10698689956331878
2 0.21125 0.7718340611353712 0.085 0.16375545851528384
2 0.695 0.4868995633187773 0.0475 0.10480349344978165
2 0.185625 0.5938864628820961 0.06375 0.13537117903930132
2 0.323125 0.4890829694323144 0.05375 0.1091703056768559
2 0.7575 0.584061135371179 0.0575 0.12445414847161572
2 0.290625 0.5949781659388647 0.07125 0.14192139737991266
2 0.523125 0.6561135371179039 0.09125 0.15938864628820962
2 0.4375 0.537117903930131 0.0625 0.1091703056768559
2 0.248125 0.665938864628821 0.08625 0.14410480349344978
2 0.413125 0.7620087336244541 0.10375 0.1703056768558952
2 0.085625 0.7631004366812227 0.09375 0.20305676855895197
2 0.53625 0.5906113537117904 0.0625 0.11572052401746726
2 0.53375 0.7641921397379913 0.1175 0.1572052401746725
2 0.43125 0.5895196506550219 0.0675 0.12663755458515283
