2 0.525 0.6528384279475983 0.085 0.1615720524017467
2 0.65375 0.5873362445414847 0.06 0.12663755458515283
2 0.43 0.5884279475982532 0.0675 0.1331877729257642
2 0.41125 0.6561135371179039 0.0975 0.15502183406113537
2 0.52 0.48580786026200873 0.0575 0.10262008733624454
2 0.534375 0.7652838427947598 0.11875 0.15938864628820962
2 0.535 0.5960698689956332 0.065 0.1091703056768559
2 0.248125 0.6637554585152838 0.08625 0.1572052401746725
2 0.289375 0.5949781659388647 0.07125 0.14192139737991266
2 0.759375 0.5807860262008734 0.06125 0.12663755458515283
2 0.314375 0.5414847161572053 0.05375 0.11353711790393013
2 0.4375 0.5360262008733624 0.07 0.11572052401746726
5 0.686875 0.631004366812227 0.09375 0.1965065502183406
2 0.406875 0.767467248908297 0.11625 0.15938864628820962
2 0.32 0.4890829694323144 0.0625 0.10043668122270742
2 0.863125 0.767467248908297 0.08625 0.15502183406113537
2 0.14625 0.6615720524017468 0.07 0.15283842794759825
2 0.18625 0.5927947598253275 0.0625 0.13755458515283842
2 0.629375 0.4847161572052402 0.05125 0.1091703056768559
2 0.521875 0.5360262008733624 0.05875 0.0982532751091703
2 0.224375 0.5403930131004366 0.05875 0.12008733624454149
2 0.8 0.6604803493449781 0.0725 0.13755458515283842
2 0.729375 0.5294759825327511 0.05125 0.11572052401746726
2 0.6575 0.5327510917030568 0.055 0.09606986899563319
2 0.25625 0.4912663755458515 0.05 0.10043668122270742
2 0.69625 0.48580786026200873 0.0475 0.09388646288209607
2 0.7525 0.7663755458515283 0.095 0.1615720524017467
2 0.440625 0.4868995633187773 0.05625 0.08733624454148471
2 0.21125 0.7707423580786026 0.085 0.1615720524017467
2 0.085 0.7641921397379913 0.095 0.20087336244541484
