2 0.521875 0.5360262008733624 0.06125 0.0982532751091703
2 0.44 0.4868995633187773 0.06 0.09170305676855896
1 0.795625 0.6572052401746725 0.08375 0.13973799126637554
2 0.658125 0.5349344978165939 0.05875 0.09606986899563319
2 0.25625 0.4912663755458515 0.0525 0.10043668122270742
2 0.249375 0.665938864628821 0.08625 0.14847161572052403
2 0.861875 0.7641921397379913 0.08625 0.1615720524017467
2 0.31375 0.5425764192139738 0.0575 0.11572052401746726
2 0.53125 0.5927947598253275 0.0725 0.11572052401746726
2 0.43625 0.5338427947598253 0.0625 0.10262008733624454
2 0.52375 0.6528384279475983 0.085 0.1572052401746725
2 0.695625 0.4868995633187773 0.04625 0.10043668122270742
2 0.145625 0.6648471615720524 0.07125 0.15502183406113537
2 0.759375 0.5807860262008734 0.06375 0.12663755458515283
2 0.085 0.7620087336244541 0.095 0.20087336244541484
2 0.430625 0.5917030567685589 0.06625 0.12663755458515283
2 0.321875 0.4890829694323144 0.05625 0.10043668122270742
2 0.223125 0.5382096069868996 0.05875 0.12445414847161572
2 0.7225 0.5283842794759825 0.0625 0.11353711790393013
2 0.751875 0.7631004366812227 0.09375 0.16375545851528384
2 0.63 0.48580786026200873 0.0525 0.10698689956331878
4 0.689375 0.6637554585152838 0.07625 0.14847161572052403
2 0.40625 0.7740174672489083 0.12 0.15502183406113537
2 0.184375 0.5938864628820961 0.06375 0.13537117903930132
2 0.52 0.48580786026200873 0.06 0.10262008733624454
1 0.534375 0.7543668122270742 0.12125 0.17685589519650655
2 0.410625 0.6593886462882096 0.09375 0.1572052401746725
2 0.290625 0.5949781659388647 0.07375 0.14192139737991266
2 0.21125 0.767467248908297 0.0875 0.16375545851528384
2 0.655625 0.5895196506550219 0.06125 0.12663755458515283
