2 0.2275 0.5382096069868996 0.0675 0.12445414847161572
2 0.33375 0.48799126637554585 0.0425 0.10262008733624454
2 0.72375 0.517467248908297 0.055 0.12663755458515283
1 0.408125 0.6637554585152838 0.10125 0.15283842794759825
1 0.75 0.7762008733624454 0.115 0.17685589519650655
2 0.760625 0.5764192139737991 0.07125 0.13100436681222707
2 0.319375 0.5338427947598253 0.06125 0.12882096069868995
1 0.659375 0.5807860262008734 0.07125 0.13100436681222707
2 0.253125 0.665938864628821 0.08875 0.17467248908296942
2 0.254375 0.49344978165938863 0.04625 0.1091703056768559
2 0.525625 0.5818777292576419 0.07125 0.11572052401746726
4 0.434375 0.4596069868995633 0.07125 0.16812227074235808
2 0.52375 0.6473799126637555 0.105 0.15938864628820962
4 0.414375 0.75 0.09875 0.1943231441048035
2 0.18625 0.5873362445414847 0.07 0.13973799126637554
4 0.69125 0.6724890829694323 0.0925 0.13973799126637554
4 0.1375 0.6648471615720524 0.095 0.15938864628820962
2 0.520625 0.5283842794759825 0.05625 0.09606986899563319
4 0.42625 0.5807860262008734 0.0925 0.17467248908296942
1 0.655 0.5382096069868996 0.0575 0.10262008733624454
1 0.86875 0.767467248908297 0.125 0.16375545851528384
4 0.80125 0.6561135371179039 0.085 0.16375545851528384
4 0.516875 0.4672489082969432 0.06125 0.13100436681222707
2 0.291875 0.5938864628820961 0.07875 0.15283842794759825
4 0.630625 0.48253275109170307 0.05875 0.11353711790393013
4 0.5225 0.7456331877729258 0.1425 0.1943231441048035
2 0.69625 0.4814410480349345 0.04 0.08951965065502183
4 0.216875 0.7707423580786026 0.10375 0.1703056768558952
