1 0.439375 0.490174672489083 0.06375 0.0982532751091703
1 0.313125 0.5414847161572053 0.06875 0.11790393013100436
1 0.525 0.6648471615720524 0.12 0.16812227074235808
1 0.800625 0.6713973799126638 0.09375 0.15065502183406113
1 0.69625 0.48799126637554585 0.0525 0.0982532751091703
1 0.86625 0.7652838427947598 0.1225 0.16375545851528384
1 0.65875 0.5338427947598253 0.06 0.10262008733624454
1 0.225 0.5425764192139738 0.0775 0.12445414847161572
1 0.2925 0.6037117903930131 0.08 0.1462882096069869
5 0.04875 0.7117903930131004 0.0925 0.31004366812227074
1 0.406875 0.675764192139738 0.11125 0.15502183406113537
1 0.755625 0.5851528384279476 0.07625 0.1222707423580786
1 0.4325 0.5960698689956332 0.075 0.15283842794759825
1 0.523125 0.5818777292576419 0.09625 0.14192139737991266
1 0.63125 0.4912663755458515 0.06 0.1091703056768559
1 0.52125 0.490174672489083 0.0625 0.11572052401746726
1 0.749375 0.777292576419214 0.10875 0.17903930131004367
1 0.40625 0.769650655021834 0.1225 0.21179039301310043
1 0.659375 0.5895196506550219 0.06875 0.1222707423580786
1 0.688125 0.6746724890829694 0.10875 0.15283842794759825
1 0.3225 0.49344978165938863 0.0575 0.10043668122270742
1 0.1875 0.5993449781659389 0.0725 0.1462882096069869
1 0.4375 0.5382096069868996 0.075 0.11572052401746726
1 0.724375 0.5262008733624454 0.05625 0.11790393013100436
1 0.256875 0.4945414847161572 0.05875 0.10698689956331878
1 0.531875 0.7783842794759825 0.13625 0.185589519650655
1 0.251875 0.6724890829694323 0.09625 0.1615720524017467
1 0.21375 0.7805676855895196 0.1225 0.1812227074235808
1 0.144375 0.6735807860262009 0.08625 0.17248908296943233
