2 0.7225 0.5251091703056768 0.0525 0.12008733624454149
2 0.52 0.5906113537117904 0.075 0.10698689956331878
2 0.75375 0.584061135371179 0.0775 0.12445414847161572
2 0.523125 0.6561135371179039 0.11375 0.15938864628820962
2 0.2575 0.4945414847161572 0.055 0.11135371179039301
2 0.228125 0.537117903930131 0.06875 0.12663755458515283
2 0.313125 0.5425764192139738 0.06375 0.11572052401746726
2 0.40875 0.6637554585152838 0.105 0.17903930131004367
2 0.188125 0.5917030567685589 0.06625 0.13537117903930132
2 0.085625 0.7685589519650655 0.09375 0.1965065502183406
2 0.43875 0.48799126637554585 0.0675 0.0982532751091703
2 0.2125 0.7762008733624454 0.12 0.17685589519650655
2 0.32375 0.490174672489083 0.055 0.10262008733624454
2 0.53375 0.7532751091703057 0.11 0.17467248908296942
2 0.291875 0.5938864628820961 0.07125 0.13973799126637554
2 0.145625 0.6670305676855895 0.08125 0.17248908296943233
2 0.25 0.6615720524017468 0.09 0.15283842794759825
2 0.434375 0.5305676855895196 0.06375 0.1091703056768559
2 0.40375 0.7729257641921398 0.1175 0.19213973799126638
2 0.655 0.5218340611353712 0.055 0.11353711790393013
2 0.516875 0.537117903930131 0.06625 0.10043668122270742
2 0.686875 0.6735807860262009 0.09875 0.1462882096069869
2 0.626875 0.4868995633187773 0.05875 0.11790393013100436
2 0.8 0.6692139737991266 0.0925 0.1462882096069869
2 0.750625 0.7707423580786026 0.10875 0.16593886462882096
2 0.4325 0.5884279475982532 0.0675 0.12882096069868995
2 0.656875 0.5873362445414847 0.06375 0.12663755458515283
2 0.696875 0.4868995633187773 0.04875 0.09170305676855896
2 0.868125 0.7663755458515283 0.12375 0.1572052401746725
2 0.519375 0.48253275109170307 0.06125 0.10043668122270742
