2 0.721875 0.5251091703056768 0.05125 0.12008733624454149
2 0.656875 0.5884279475982532 0.06375 0.12882096069868995
2 0.655625 0.5207423580786026 0.05375 0.11135371179039301
2 0.799375 0.6724890829694323 0.09375 0.14410480349344978
2 0.5175 0.537117903930131 0.065 0.10043668122270742
2 0.4325 0.5906113537117904 0.065 0.12882096069868995
2 0.31375 0.5414847161572053 0.065 0.11790393013100436
2 0.75 0.7631004366812227 0.1025 0.15065502183406113
2 0.533125 0.7620087336244541 0.10875 0.17903930131004367
2 0.75375 0.584061135371179 0.0775 0.12445414847161572
2 0.213125 0.7762008733624454 0.12125 0.17685589519650655
2 0.148125 0.6604803493449781 0.08375 0.16375545851528384
2 0.25875 0.49344978165938863 0.0575 0.11353711790393013
2 0.6975 0.48580786026200873 0.05 0.09388646288209607
2 0.32375 0.4890829694323144 0.0525 0.10480349344978165
2 0.625625 0.4847161572052402 0.05625 0.11353711790393013
2 0.43875 0.48799126637554585 0.0675 0.0982532751091703
2 0.435 0.5327510917030568 0.0675 0.1091703056768559
2 0.291875 0.5938864628820961 0.07125 0.13973799126637554
2 0.408125 0.6604803493449781 0.10875 0.17248908296943233
2 0.52375 0.6593886462882096 0.115 0.1703056768558952
2 0.685625 0.6735807860262009 0.09625 0.15065502183406113
2 0.521875 0.5895196506550219 0.07875 0.10480349344978165
2 0.25 0.6626637554585153 0.09 0.15502183406113537
2 0.40375 0.7751091703056768 0.1175 0.19213973799126638
2 0.228125 0.5382096069868996 0.06875 0.12445414847161572
2 0.188125 0.5917030567685589 0.06375 0.13537117903930132
2 0.868125 0.7718340611353712 0.12375 0.16375545851528384
2 0.519375 0.4836244541484716 0.06125 0.10262008733624454
2 0.086875 0.769650655021834 0.09375 0.19868995633187772
