2 0.228125 0.5414847161572053 0.07125 0.12663755458515283
2 0.656875 0.5906113537117904 0.06375 0.12882096069868995
2 0.865625 0.767467248908297 0.12375 0.1462882096069869
5 0.7475 0.48799126637554585 0.0625 0.18995633187772926
2 0.515625 0.5382096069868996 0.06875 0.10262008733624454
2 0.51875 0.4814410480349345 0.06 0.10698689956331878
1 0.1875 0.5971615720524017 0.07 0.12882096069868995
2 0.251875 0.6550218340611353 0.08875 0.1572052401746725
2 0.41125 0.6615720524017468 0.105 0.17467248908296942
4 0.31625 0.46943231441048033 0.07 0.15283842794759825
2 0.53 0.75764192139738 0.1175 0.18340611353711792
4 0.081875 0.759825327510917 0.11375 0.2052401746724891
2 0.690625 0.665938864628821 0.07375 0.13537117903930132
2 0.145625 0.6615720524017468 0.07125 0.15283842794759825
2 0.754375 0.5862445414847162 0.07625 0.12445414847161572
2 0.695625 0.48580786026200873 0.04875 0.0982532751091703
2 0.333125 0.4868995633187773 0.04625 0.1091703056768559
2 0.516875 0.6517467248908297 0.09125 0.15502183406113537
2 0.628125 0.48253275109170307 0.06625 0.1091703056768559
2 0.314375 0.5447598253275109 0.06125 0.12008733624454149
2 0.29875 0.5917030567685589 0.0625 0.14410480349344978
4 0.25625 0.4912663755458515 0.0575 0.1222707423580786
2 0.216875 0.7707423580786026 0.10375 0.1615720524017467
2 0.401875 0.777292576419214 0.11875 0.1965065502183406
2 0.746875 0.7652838427947598 0.09125 0.15502183406113537
2 0.6575 0.5251091703056768 0.065 0.11572052401746726
4 0.434375 0.4683406113537118 0.07125 0.15065502183406113
2 0.4325 0.5862445414847162 0.07 0.1462882096069869
2 0.434375 0.537117903930131 0.06875 0.11790393013100436
2 0.801875 0.6648471615720524 0.10125 0.14192139737991266
2 0.523125 0.5796943231441049 0.05875 0.10262008733624454
