2 0.3125 0.5425764192139738 0.0625 0.11572052401746726
2 0.750625 0.7663755458515283 0.09875 0.1572052401746725
2 0.51875 0.5316593886462883 0.06 0.10262008733624454
2 0.65625 0.5917030567685589 0.06 0.12663755458515283
2 0.69375 0.6648471615720524 0.0725 0.1331877729257642
2 0.431875 0.5884279475982532 0.06875 0.13755458515283842
2 0.523125 0.6561135371179039 0.08875 0.15502183406113537
2 0.5225 0.5917030567685589 0.075 0.1091703056768559
2 0.628125 0.4836244541484716 0.05125 0.0982532751091703
2 0.405625 0.7707423580786026 0.11375 0.1703056768558952
2 0.8 0.6692139737991266 0.09 0.13755458515283842
2 0.08625 0.7685589519650655 0.0925 0.20087336244541484
2 0.293125 0.5938864628820961 0.07125 0.13973799126637554
2 0.755625 0.584061135371179 0.07125 0.11572052401746726
2 0.4125 0.6572052401746725 0.08 0.15283842794759825
2 0.1425 0.6615720524017468 0.0725 0.1572052401746725
2 0.698125 0.4890829694323144 0.05375 0.10043668122270742
2 0.53125 0.7620087336244541 0.11 0.17467248908296942
2 0.65625 0.5294759825327511 0.06 0.0982532751091703
2 0.435625 0.5327510917030568 0.06375 0.1091703056768559
2 0.220625 0.767467248908297 0.09375 0.16375545851528384
2 0.86375 0.7631004366812227 0.0875 0.15502183406113537
2 0.519375 0.4836244541484716 0.05625 0.0982532751091703
2 0.2275 0.537117903930131 0.0675 0.13100436681222707
2 0.256875 0.4912663755458515 0.05125 0.10043668122270742
2 0.321875 0.4912663755458515 0.05375 0.10043668122270742
2 0.18625 0.5917030567685589 0.0675 0.13537117903930132
2 0.24875 0.665938864628821 0.085 0.15283842794759825
2 0.439375 0.4868995633187773 0.05875 0.09170305676855896
2 0.724375 0.5283842794759825 0.06375 0.1222707423580786
