2 0.656875 0.5884279475982532 0.06375 0.12882096069868995
2 0.65625 0.5382096069868996 0.06 0.0982532751091703
2 0.255 0.4923580786026201 0.0525 0.10262008733624454
2 0.1425 0.6681222707423581 0.0775 0.16593886462882096
2 0.32125 0.4912663755458515 0.0575 0.10043668122270742
2 0.694375 0.665938864628821 0.07625 0.13100436681222707
2 0.226875 0.5393013100436681 0.06875 0.12663755458515283
2 0.18625 0.5949781659388647 0.0675 0.12882096069868995
2 0.31 0.5393013100436681 0.055 0.1091703056768559
2 0.86375 0.7631004366812227 0.085 0.17248908296943233
2 0.631875 0.4847161572052402 0.05625 0.10043668122270742
2 0.406875 0.767467248908297 0.11375 0.16812227074235808
2 0.5225 0.6582969432314411 0.09 0.15502183406113537
2 0.22 0.7685589519650655 0.0925 0.16593886462882096
2 0.250625 0.665938864628821 0.08125 0.15283842794759825
2 0.698125 0.4868995633187773 0.04375 0.10043668122270742
2 0.8 0.6670305676855895 0.09 0.1331877729257642
2 0.085625 0.769650655021834 0.09625 0.19868995633187772
2 0.755625 0.5851528384279476 0.07125 0.11790393013100436
2 0.725625 0.5262008733624454 0.06375 0.1222707423580786
2 0.293125 0.5960698689956332 0.07125 0.13973799126637554
2 0.75 0.7685589519650655 0.1 0.15283842794759825
2 0.51875 0.48253275109170307 0.055 0.10043668122270742
2 0.521875 0.5971615720524017 0.08125 0.10698689956331878
2 0.440625 0.4868995633187773 0.06125 0.08733624454148471
2 0.4125 0.6572052401746725 0.0825 0.14847161572052403
2 0.51875 0.5360262008733624 0.0625 0.10262008733624454
2 0.4325 0.5917030567685589 0.065 0.13100436681222707
2 0.5325 0.7685589519650655 0.11 0.1572052401746725
2 0.436875 0.5338427947598253 0.07125 0.11135371179039301
