2 0.32375 0.490174672489083 0.05 0.10262008733624454
2 0.43625 0.5360262008733624 0.07 0.11135371179039301
2 0.25 0.6648471615720524 0.0825 0.15065502183406113
2 0.523125 0.6561135371179039 0.08875 0.15938864628820962
2 0.655625 0.5382096069868996 0.06125 0.09388646288209607
2 0.531875 0.759825327510917 0.11375 0.18340611353711792
2 0.411875 0.6572052401746725 0.08125 0.15283842794759825
2 0.69375 0.6670305676855895 0.0775 0.1331877729257642
2 0.656875 0.5873362445414847 0.06375 0.13537117903930132
2 0.69875 0.4868995633187773 0.0475 0.09606986899563319
2 0.6325 0.4847161572052402 0.055 0.10043668122270742
2 0.31 0.5393013100436681 0.055 0.1091703056768559
2 0.865625 0.7652838427947598 0.08875 0.16812227074235808
2 0.406875 0.767467248908297 0.11375 0.16812227074235808
2 0.800625 0.6692139737991266 0.09125 0.1331877729257642
2 0.2925 0.5960698689956332 0.07 0.13973799126637554
2 0.44 0.48580786026200873 0.06 0.08951965065502183
2 0.08625 0.7685589519650655 0.095 0.1965065502183406
2 0.51875 0.5927947598253275 0.085 0.11135371179039301
2 0.518125 0.5349344978165939 0.06625 0.10480349344978165
2 0.725 0.5262008733624454 0.0625 0.12663755458515283
2 0.749375 0.7685589519650655 0.09875 0.14847161572052403
2 0.22 0.7685589519650655 0.0925 0.1615720524017467
2 0.143125 0.6681222707423581 0.07875 0.16593886462882096
2 0.18625 0.5927947598253275 0.065 0.1331877729257642
2 0.75625 0.5851528384279476 0.0725 0.11790393013100436
2 0.25625 0.490174672489083 0.0525 0.0982532751091703
2 0.226875 0.5425764192139738 0.06875 0.12882096069868995
2 0.51875 0.4847161572052402 0.055 0.09606986899563319
2 0.4325 0.5895196506550219 0.065 0.13100436681222707
