2 0.429375 0.5873362445414847 0.06875 0.13537117903930132
2 0.18625 0.5960698689956332 0.065 0.13100436681222707
2 0.43625 0.5360262008733624 0.0725 0.11572052401746726
2 0.43875 0.4978165938864629 0.0675 0.09606986899563319
2 0.52 0.4868995633187773 0.055 0.10043668122270742
2 0.630625 0.4836244541484716 0.05625 0.10698689956331878
2 0.226875 0.5360262008733624 0.06875 0.12882096069868995
5 0.760625 0.732532751091703 0.09875 0.2336244541484716
2 0.311875 0.5436681222707423 0.05375 0.11353711790393013
2 0.725 0.5283842794759825 0.0625 0.1091703056768559
1 0.724375 0.5262008733624454 0.06125 0.1091703056768559
2 0.533125 0.7587336244541485 0.12875 0.1812227074235808
2 0.3225 0.490174672489083 0.0525 0.0982532751091703
2 0.698125 0.48580786026200873 0.04625 0.0982532751091703
2 0.26 0.490174672489083 0.0475 0.10262008733624454
2 0.805 0.6626637554585153 0.0625 0.1331877729257642
2 0.755625 0.5818777292576419 0.07375 0.11572052401746726
2 0.25125 0.6615720524017468 0.085 0.1572052401746725
2 0.2925 0.5949781659388647 0.07 0.14192139737991266
2 0.4125 0.6528384279475983 0.085 0.15283842794759825
2 0.085625 0.769650655021834 0.09625 0.19868995633187772
2 0.52 0.5349344978165939 0.0625 0.10043668122270742
2 0.6575 0.5884279475982532 0.065 0.1331877729257642
2 0.143125 0.6681222707423581 0.07875 0.16593886462882096
2 0.420625 0.7620087336244541 0.08875 0.1703056768558952
2 0.690625 0.6713973799126638 0.08875 0.12882096069868995
2 0.223125 0.767467248908297 0.08875 0.16812227074235808
2 0.866875 0.7707423580786026 0.08625 0.1615720524017467
2 0.660625 0.5338427947598253 0.05625 0.0982532751091703
2 0.5275 0.6048034934497817 0.075 0.10480349344978165
2 0.526875 0.6451965065502183 0.08125 0.15938864628820962
