2 0.631875 0.4814410480349345 0.05875 0.10698689956331878
2 0.1425 0.6692139737991266 0.08 0.16812227074235808
2 0.52375 0.6451965065502183 0.105 0.15065502183406113
2 0.185625 0.5917030567685589 0.06875 0.13537117903930132
2 0.534375 0.7543668122270742 0.12875 0.18995633187772926
2 0.726875 0.5251091703056768 0.05875 0.11572052401746726
1 0.799375 0.6637554585152838 0.09375 0.15283842794759825
5 0.278125 0.6135371179039302 0.09375 0.24017467248908297
2 0.2575 0.4912663755458515 0.05 0.09606986899563319
2 0.4125 0.6572052401746725 0.0975 0.14847161572052403
2 0.656875 0.5851528384279476 0.06625 0.1222707423580786
2 0.311875 0.5403930131004366 0.05375 0.11572052401746726
2 0.52125 0.4836244541484716 0.0525 0.0982532751091703
2 0.5225 0.5807860262008734 0.095 0.14410480349344978
2 0.085 0.7685589519650655 0.095 0.19213973799126638
2 0.2225 0.5382096069868996 0.06 0.12445414847161572
1 0.52375 0.6604803493449781 0.105 0.15938864628820962
2 0.43125 0.5611353711790393 0.07 0.13537117903930132
2 0.696875 0.48580786026200873 0.04625 0.10262008733624454
2 0.656875 0.5327510917030568 0.05625 0.10043668122270742
2 0.3225 0.490174672489083 0.0525 0.10262008733624454
2 0.439375 0.48034934497816595 0.06625 0.1091703056768559
1 0.74875 0.7685589519650655 0.11 0.16593886462882096
2 0.219375 0.7685589519650655 0.09125 0.16593886462882096
2 0.415 0.7663755458515283 0.085 0.1703056768558952
1 0.686875 0.6713973799126638 0.09625 0.1331877729257642
2 0.76 0.5786026200873362 0.065 0.13100436681222707
2 0.86375 0.7620087336244541 0.0825 0.17467248908296942
