2 0.52125 0.5829694323144105 0.06 0.10480349344978165
2 0.696875 0.4868995633187773 0.04625 0.10043668122270742
2 0.520625 0.4847161572052402 0.05625 0.09606986899563319
2 0.14375 0.6681222707423581 0.08 0.16593886462882096
2 0.691875 0.6724890829694323 0.09875 0.13537117903930132
2 0.725 0.5251091703056768 0.06 0.11572052401746726
2 0.756875 0.584061135371179 0.06125 0.12445414847161572
2 0.750625 0.7663755458515283 0.08375 0.16593886462882096
2 0.521875 0.5316593886462883 0.06125 0.09388646288209607
2 0.186875 0.5906113537117904 0.06375 0.13755458515283842
2 0.3125 0.5393013100436681 0.0525 0.1091703056768559
2 0.085625 0.767467248908297 0.09375 0.19868995633187772
2 0.41125 0.6561135371179039 0.095 0.15502183406113537
2 0.865625 0.7685589519650655 0.08875 0.1572052401746725
2 0.323125 0.490174672489083 0.05375 0.0982532751091703
2 0.439375 0.48253275109170307 0.06875 0.1091703056768559
2 0.658125 0.5884279475982532 0.06875 0.12882096069868995
2 0.80125 0.6637554585152838 0.0975 0.14410480349344978
2 0.433125 0.5873362445414847 0.06625 0.13100436681222707
2 0.25875 0.4912663755458515 0.05 0.10043668122270742
2 0.248125 0.6593886462882096 0.08125 0.1572052401746725
2 0.409375 0.7565502183406113 0.09375 0.1812227074235808
2 0.63375 0.4814410480349345 0.06 0.10262008733624454
2 0.2275 0.537117903930131 0.07 0.12663755458515283
2 0.220625 0.7663755458515283 0.09125 0.16593886462882096
2 0.43625 0.5327510917030568 0.0675 0.10480349344978165
2 0.636875 0.5338427947598253 0.04875 0.10698689956331878
2 0.531875 0.759825327510917 0.12875 0.16593886462882096
2 0.29375 0.5938864628820961 0.0725 0.13973799126637554
2 0.523125 0.6528384279475983 0.09125 0.1572052401746725
