2 0.525 0.6528384279475983 0.0925 0.1572052401746725
2 0.655625 0.5240174672489083 0.05625 0.11353711790393013
2 0.729375 0.5262008733624454 0.06625 0.11353711790393013
2 0.52 0.5382096069868996 0.0625 0.08951965065502183
2 0.519375 0.4847161572052402 0.05375 0.09606986899563319
2 0.29375 0.5949781659388647 0.0725 0.13755458515283842
2 0.53 0.7609170305676856 0.115 0.15938864628820962
2 0.698125 0.48799126637554585 0.04875 0.10262008733624454
2 0.3125 0.5403930131004366 0.0525 0.10698689956331878
2 0.431875 0.5873362445414847 0.06625 0.13100436681222707
2 0.75625 0.5862445414847162 0.06 0.12008733624454149
2 0.628125 0.4847161572052402 0.05125 0.10480349344978165
2 0.521875 0.5895196506550219 0.06375 0.10480349344978165
2 0.436875 0.5349344978165939 0.06625 0.10480349344978165
2 0.656875 0.5906113537117904 0.06625 0.12882096069868995
2 0.41 0.7554585152838428 0.095 0.17903930131004367
2 0.219375 0.7663755458515283 0.09375 0.1615720524017467
2 0.751875 0.767467248908297 0.08375 0.15502183406113537
2 0.439375 0.4847161572052402 0.06625 0.10043668122270742
2 0.143125 0.665938864628821 0.07875 0.16593886462882096
2 0.2275 0.5393013100436681 0.0675 0.1222707423580786
2 0.411875 0.6572052401746725 0.09625 0.1572052401746725
2 0.256875 0.4912663755458515 0.05125 0.10043668122270742
2 0.691875 0.6724890829694323 0.10375 0.13537117903930132
2 0.3225 0.490174672489083 0.055 0.0982532751091703
2 0.18625 0.5927947598253275 0.065 0.1331877729257642
2 0.248125 0.6593886462882096 0.08375 0.15283842794759825
2 0.80125 0.665938864628821 0.095 0.13973799126637554
2 0.084375 0.7663755458515283 0.09625 0.19213973799126638
2 0.865 0.7707423580786026 0.09 0.1572052401746725
