2 0.1425 0.6692139737991266 0.08 0.16812227074235808
2 0.65625 0.5917030567685589 0.0675 0.1222707423580786
2 0.750625 0.7652838427947598 0.08375 0.15938864628820962
2 0.18625 0.5927947598253275 0.0625 0.1331877729257642
2 0.43125 0.5873362445414847 0.065 0.13100436681222707
2 0.25625 0.4912663755458515 0.05 0.09606986899563319
2 0.24625 0.6604803493449781 0.085 0.15065502183406113
2 0.311875 0.5403930131004366 0.05375 0.10698689956331878
2 0.410625 0.6572052401746725 0.09625 0.1572052401746725
2 0.756875 0.5873362445414847 0.06125 0.1222707423580786
2 0.690625 0.6724890829694323 0.09625 0.13537117903930132
2 0.52375 0.6561135371179039 0.0925 0.15502183406113537
2 0.629375 0.4836244541484716 0.05125 0.10262008733624454
2 0.65625 0.5251091703056768 0.06 0.10698689956331878
2 0.228125 0.5382096069868996 0.06875 0.12008733624454149
2 0.2925 0.5949781659388647 0.0725 0.14192139737991266
2 0.43875 0.4847161572052402 0.065 0.10043668122270742
2 0.865 0.767467248908297 0.0875 0.15938864628820962
2 0.436875 0.5327510917030568 0.06625 0.10480349344978165
2 0.52 0.4868995633187773 0.0525 0.09170305676855896
2 0.323125 0.4912663755458515 0.05375 0.10043668122270742
2 0.8025 0.6692139737991266 0.095 0.14192139737991266
2 0.085 0.767467248908297 0.095 0.1943231441048035
2 0.726875 0.5262008733624454 0.06125 0.11790393013100436
2 0.22 0.7685589519650655 0.0925 0.1615720524017467
2 0.6975 0.4868995633187773 0.0475 0.10043668122270742
2 0.52875 0.7631004366812227 0.1175 0.15938864628820962
2 0.521875 0.5884279475982532 0.06375 0.10698689956331878
2 0.409375 0.7554585152838428 0.09375 0.17903930131004367
2 0.52 0.5360262008733624 0.06 0.08951965065502183
