4 0.261875 0.4585152838427948 0.05625 0.17467248908296942
2 0.80125 0.6692139737991266 0.0925 0.14192139737991266
4 0.650625 0.5906113537117904 0.06625 0.12882096069868995
2 0.436875 0.5338427947598253 0.06875 0.10262008733624454
4 0.405625 0.7554585152838428 0.10125 0.18777292576419213
2 0.29375 0.5949781659388647 0.075 0.14192139737991266
4 0.43875 0.45414847161572053 0.065 0.18340611353711792
4 0.2175 0.5120087336244541 0.0875 0.16812227074235808
4 0.215625 0.7609170305676856 0.09375 0.16812227074235808
2 0.863125 0.7663755458515283 0.09375 0.16593886462882096
2 0.405625 0.7641921397379913 0.10125 0.1703056768558952
2 0.4325 0.5895196506550219 0.0625 0.13100436681222707
4 0.326875 0.4585152838427948 0.05375 0.16593886462882096
2 0.31375 0.5425764192139738 0.05 0.11572052401746726
4 0.509375 0.5665938864628821 0.08625 0.15938864628820962
2 0.1425 0.665938864628821 0.0775 0.1615720524017467
4 0.24625 0.6419213973799127 0.0925 0.19213973799126638
2 0.689375 0.6637554585152838 0.09625 0.15283842794759825
2 0.749375 0.7663755458515283 0.08125 0.16593886462882096
2 0.629375 0.48253275109170307 0.05375 0.10480349344978165
2 0.085625 0.7685589519650655 0.09375 0.19213973799126638
2 0.521875 0.48253275109170307 0.05625 0.10480349344978165
2 0.65875 0.5240174672489083 0.0625 0.11353711790393013
2 0.19 0.5949781659388647 0.0675 0.13755458515283842
4 0.514375 0.74235807860262 0.13875 0.19213973799126638
2 0.758125 0.5862445414847162 0.06125 0.12445414847161572
2 0.52125 0.6528384279475983 0.09 0.1572052401746725
4 0.728125 0.49563318777292575 0.05375 0.16593886462882096
4 0.408125 0.6495633187772926 0.10875 0.16375545851528384
