2 0.438125 0.48253275109170307 0.05875 0.10480349344978165
2 0.73125 0.527292576419214 0.05 0.12008733624454149
2 0.086875 0.7609170305676856 0.09875 0.19868995633187772
2 0.224375 0.5349344978165939 0.06875 0.13100436681222707
2 0.74875 0.7641921397379913 0.08 0.1572052401746725
2 0.760625 0.5829694323144105 0.06125 0.12663755458515283
2 0.52625 0.5393013100436681 0.065 0.10480349344978165
2 0.799375 0.6637554585152838 0.09375 0.1572052401746725
4 0.510625 0.5524017467248908 0.09625 0.19213973799126638
2 0.5225 0.6495633187772926 0.0875 0.15938864628820962
2 0.320625 0.48580786026200873 0.05875 0.10262008733624454
2 0.69875 0.48580786026200873 0.05 0.0982532751091703
4 0.2625 0.45087336244541487 0.0575 0.18995633187772926
4 0.408125 0.7521834061135371 0.10625 0.1812227074235808
4 0.52875 0.7434497816593887 0.1325 0.185589519650655
2 0.3175 0.5436681222707423 0.0475 0.11353711790393013
2 0.18625 0.5960698689956332 0.0625 0.13100436681222707
2 0.221875 0.769650655021834 0.09125 0.16375545851528384
2 0.521875 0.47925764192139736 0.06625 0.10698689956331878
4 0.6875 0.6604803493449781 0.075 0.1462882096069869
2 0.414375 0.6550218340611353 0.08625 0.15283842794759825
4 0.65375 0.5589519650655022 0.075 0.18340611353711792
2 0.63 0.48253275109170307 0.0475 0.10480349344978165
2 0.294375 0.5927947598253275 0.07375 0.12882096069868995
2 0.143125 0.6626637554585153 0.07625 0.16812227074235808
2 0.431875 0.5906113537117904 0.06375 0.1331877729257642
2 0.434375 0.5349344978165939 0.06625 0.10480349344978165
2 0.254375 0.6539301310043668 0.11875 0.185589519650655
2 0.863125 0.7663755458515283 0.08625 0.16593886462882096
