2 0.73125 0.5294759825327511 0.05 0.12008733624454149
2 0.43125 0.5873362445414847 0.0625 0.13100436681222707
2 0.185 0.5971615720524017 0.065 0.12882096069868995
2 0.75875 0.5862445414847162 0.06 0.12445414847161572
2 0.315625 0.5436681222707423 0.05125 0.11353711790393013
2 0.14375 0.6648471615720524 0.075 0.16812227074235808
2 0.323125 0.490174672489083 0.05625 0.0982532751091703
2 0.08625 0.7609170305676856 0.0975 0.19868995633187772
2 0.41125 0.6561135371179039 0.0975 0.15502183406113537
2 0.69125 0.6670305676855895 0.07 0.13755458515283842
2 0.63125 0.4836244541484716 0.05 0.10262008733624454
2 0.798125 0.6626637554585153 0.07625 0.13755458515283842
2 0.22125 0.767467248908297 0.0925 0.16375545851528384
2 0.52125 0.5349344978165939 0.0625 0.09606986899563319
2 0.74 0.7652838427947598 0.0925 0.15938864628820962
2 0.65875 0.5327510917030568 0.0625 0.10043668122270742
2 0.40875 0.7652838427947598 0.1025 0.16812227074235808
2 0.520625 0.4836244541484716 0.07625 0.10262008733624454
2 0.5275 0.7641921397379913 0.11 0.1615720524017467
2 0.438125 0.48799126637554585 0.06625 0.09388646288209607
2 0.225625 0.5349344978165939 0.07125 0.13537117903930132
2 0.293125 0.5971615720524017 0.07125 0.14192139737991266
2 0.435625 0.5338427947598253 0.06625 0.10698689956331878
2 0.24875 0.6648471615720524 0.0825 0.1462882096069869
2 0.52 0.5927947598253275 0.0775 0.11135371179039301
2 0.69625 0.4868995633187773 0.05 0.09606986899563319
2 0.86125 0.7652838427947598 0.0875 0.17248908296943233
2 0.65625 0.5927947598253275 0.0625 0.12008733624454149
2 0.256875 0.490174672489083 0.05125 0.0982532751091703
2 0.5225 0.6593886462882096 0.0925 0.14847161572052403
