2 0.09125 0.7587336244541485 0.095 0.21179039301310043
2 0.315625 0.5436681222707423 0.05125 0.11353711790393013
2 0.435625 0.5327510917030568 0.06875 0.10480349344978165
2 0.7975 0.6637554585152838 0.0825 0.13537117903930132
2 0.521875 0.537117903930131 0.06125 0.11353711790393013
2 0.256875 0.4923580786026201 0.04875 0.0982532751091703
2 0.406875 0.769650655021834 0.10375 0.16375545851528384
2 0.249375 0.6648471615720524 0.08375 0.15065502183406113
2 0.411875 0.6561135371179039 0.09625 0.15502183406113537
2 0.730625 0.5294759825327511 0.05125 0.12008733624454149
2 0.185 0.5971615720524017 0.0675 0.1331877729257642
2 0.86 0.7652838427947598 0.0875 0.17248908296943233
2 0.691875 0.6703056768558951 0.07375 0.13973799126637554
2 0.294375 0.5960698689956332 0.07375 0.13973799126637554
2 0.433125 0.5895196506550219 0.06375 0.12663755458515283
2 0.435625 0.48799126637554585 0.06625 0.0982532751091703
2 0.5325 0.7521834061135371 0.11 0.1812227074235808
2 0.2275 0.5338427947598253 0.075 0.1331877729257642
5 0.64625 0.5567685589519651 0.0775 0.20087336244541484
2 0.3225 0.48799126637554585 0.0575 0.10262008733624454
2 0.760625 0.5862445414847162 0.06375 0.12882096069868995
2 0.1425 0.6604803493449781 0.0675 0.15502183406113537
2 0.51625 0.5775109170305677 0.065 0.12445414847161572
2 0.698125 0.4890829694323144 0.04875 0.09606986899563319
2 0.22125 0.769650655021834 0.09 0.16812227074235808
2 0.74125 0.767467248908297 0.0925 0.16375545851528384
2 0.519375 0.490174672489083 0.07375 0.10262008733624454
2 0.51625 0.6539301310043668 0.0825 0.15065502183406113
