2 0.4325 0.5873362445414847 0.065 0.13100436681222707
2 0.65875 0.5305676855895196 0.055 0.09606986899563319
2 0.3225 0.48799126637554585 0.055 0.10698689956331878
2 0.2225 0.769650655021834 0.09 0.16375545851528384
2 0.416875 0.7707423580786026 0.08375 0.1615720524017467
2 0.25 0.6648471615720524 0.0825 0.15065502183406113
2 0.86125 0.7685589519650655 0.0875 0.16593886462882096
2 0.2575 0.4912663755458515 0.05 0.10043668122270742
2 0.2275 0.5349344978165939 0.0675 0.13973799126637554
2 0.293125 0.5949781659388647 0.07375 0.14192139737991266
2 0.694375 0.6724890829694323 0.09625 0.13973799126637554
2 0.798125 0.6615720524017468 0.07125 0.13973799126637554
2 0.760625 0.5829694323144105 0.06125 0.12663755458515283
2 0.143125 0.6626637554585153 0.07375 0.15938864628820962
2 0.725 0.5251091703056768 0.06 0.12008733624454149
2 0.186875 0.5927947598253275 0.06375 0.13755458515283842
2 0.695625 0.4814410480349345 0.04875 0.10262008733624454
2 0.3125 0.5403930131004366 0.0575 0.11572052401746726
2 0.525625 0.7609170305676856 0.11125 0.16375545851528384
2 0.518125 0.4836244541484716 0.06875 0.11135371179039301
2 0.43625 0.5349344978165939 0.065 0.10480349344978165
2 0.6625 0.5917030567685589 0.07 0.13100436681222707
2 0.5225 0.6539301310043668 0.0875 0.15502183406113537
2 0.4125 0.6561135371179039 0.0975 0.15938864628820962
2 0.746875 0.7652838427947598 0.09375 0.15938864628820962
2 0.520625 0.5349344978165939 0.06875 0.09606986899563319
2 0.439375 0.4836244541484716 0.06125 0.09388646288209607
2 0.08 0.7631004366812227 0.1075 0.20305676855895197
2 0.52375 0.5862445414847162 0.0725 0.11135371179039301
2 0.63 0.48580786026200873 0.0475 0.10262008733624454
