4 0.243125 0.6528384279475983 0.09375 0.16593886462882096
2 0.661875 0.5818777292576419 0.06875 0.1331877729257642
2 0.429375 0.5895196506550219 0.06625 0.13537117903930132
2 0.4125 0.6550218340611353 0.095 0.1572052401746725
4 0.65625 0.48253275109170307 0.0625 0.1703056768558952
2 0.31875 0.5425764192139738 0.0525 0.10698689956331878
2 0.435625 0.5360262008733624 0.07125 0.11572052401746726
2 0.320625 0.48799126637554585 0.05875 0.0982532751091703
2 0.226875 0.7663755458515283 0.08625 0.16593886462882096
2 0.76375 0.5829694323144105 0.0675 0.12663755458515283
2 0.225625 0.5327510917030568 0.07125 0.13973799126637554
4 0.28625 0.5884279475982532 0.09 0.1462882096069869
2 0.685 0.6648471615720524 0.0875 0.15502183406113537
2 0.796875 0.6604803493449781 0.07125 0.14192139737991266
4 0.43875 0.44541484716157204 0.0625 0.18777292576419213
2 0.2925 0.5938864628820961 0.075 0.13973799126637554
2 0.7475 0.7663755458515283 0.0925 0.1615720524017467
2 0.8625 0.7620087336244541 0.0875 0.1703056768558952
4 0.72875 0.5163755458515283 0.0625 0.12445414847161572
2 0.51875 0.48253275109170307 0.05 0.10043668122270742
2 0.41625 0.7751091703056768 0.0875 0.1615720524017467
2 0.69625 0.4814410480349345 0.0425 0.09388646288209607
2 0.525 0.5764192139737991 0.075 0.11353711790393013
4 0.086875 0.7521834061135371 0.09125 0.2074235807860262
4 0.514375 0.7347161572052402 0.12625 0.20305676855895197
2 0.25625 0.490174672489083 0.0475 0.10262008733624454
4 0.520625 0.6408296943231441 0.09375 0.15938864628820962
2 0.183125 0.5971615720524017 0.06125 0.1331877729257642
4 0.13625 0.6637554585152838 0.0775 0.15283842794759825
2 0.5275 0.5360262008733624 0.08 0.0982532751091703
