2 0.689375 0.6779475982532751 0.07375 0.13755458515283842
2 0.7975 0.6703056768558951 0.095 0.13100436681222707
1 0.696875 0.4868995633187773 0.05125 0.1091703056768559
1 0.65375 0.5349344978165939 0.06 0.10480349344978165
2 0.315625 0.5425764192139738 0.05375 0.12008733624454149
2 0.229375 0.5403930131004366 0.06375 0.12445414847161572
1 0.254375 0.49563318777292575 0.06375 0.10480349344978165
2 0.411875 0.6593886462882096 0.11625 0.16593886462882096
2 0.529375 0.6506550218340611 0.09375 0.17467248908296942
1 0.43125 0.5862445414847162 0.0675 0.13755458515283842
2 0.52 0.490174672489083 0.0675 0.0982532751091703
2 0.186875 0.5917030567685589 0.06875 0.13973799126637554
1 0.43875 0.4890829694323144 0.0675 0.09170305676855896
2 0.2925 0.5982532751091703 0.0825 0.1572052401746725
2 0.75375 0.5906113537117904 0.0775 0.1331877729257642
1 0.139375 0.6582969432314411 0.08625 0.16375545851528384
2 0.0725 0.7751091703056768 0.1025 0.1965065502183406
2 0.72625 0.5283842794759825 0.06 0.11790393013100436
1 0.628125 0.48799126637554585 0.05375 0.10698689956331878
2 0.441875 0.5425764192139738 0.06625 0.12445414847161572
2 0.41 0.7685589519650655 0.115 0.18777292576419213
2 0.324375 0.4923580786026201 0.06125 0.10262008733624454
2 0.525625 0.5938864628820961 0.07875 0.11353711790393013
1 0.661875 0.584061135371179 0.08125 0.12882096069868995
2 0.2475 0.6670305676855895 0.0975 0.15065502183406113
2 0.21375 0.7729257641921398 0.095 0.17903930131004367
2 0.520625 0.5436681222707423 0.07375 0.10480349344978165
2 0.8625 0.7565502183406113 0.1175 0.15502183406113537
2 0.741875 0.7707423580786026 0.11625 0.17467248908296942
2 0.533125 0.7641921397379913 0.12625 0.15283842794759825
