2 0.29 0.5938864628820961 0.0675 0.13973799126637554
2 0.428125 0.5862445414847162 0.06625 0.1331877729257642
2 0.435625 0.5327510917030568 0.06625 0.10480349344978165
2 0.725625 0.5262008733624454 0.05875 0.11353711790393013
2 0.2575 0.4912663755458515 0.05 0.10043668122270742
2 0.695 0.48799126637554585 0.0475 0.10262008733624454
2 0.323125 0.4912663755458515 0.05125 0.10043668122270742
2 0.660625 0.584061135371179 0.07625 0.1331877729257642
2 0.075625 0.7718340611353712 0.09625 0.19868995633187772
2 0.245625 0.6648471615720524 0.09375 0.1462882096069869
2 0.5325 0.7631004366812227 0.12 0.15065502183406113
2 0.756875 0.5829694323144105 0.06125 0.1222707423580786
2 0.52125 0.5349344978165939 0.055 0.09606986899563319
2 0.796875 0.6626637554585153 0.08375 0.12882096069868995
2 0.4375 0.4890829694323144 0.0675 0.09606986899563319
2 0.863125 0.7565502183406113 0.11375 0.15938864628820962
2 0.691875 0.6735807860262009 0.06875 0.1331877729257642
2 0.526875 0.6506550218340611 0.10125 0.16593886462882096
2 0.40875 0.769650655021834 0.1125 0.18995633187772926
2 0.213125 0.7762008733624454 0.08875 0.15938864628820962
2 0.628125 0.490174672489083 0.05875 0.10698689956331878
2 0.18625 0.6004366812227074 0.065 0.12663755458515283
2 0.741875 0.7663755458515283 0.08625 0.1615720524017467
2 0.225625 0.537117903930131 0.06875 0.12663755458515283
2 0.414375 0.6550218340611353 0.07875 0.14847161572052403
2 0.141875 0.6593886462882096 0.07875 0.1615720524017467
2 0.310625 0.5425764192139738 0.05625 0.12008733624454149
2 0.523125 0.5873362445414847 0.06625 0.10043668122270742
2 0.519375 0.48580786026200873 0.06625 0.0982532751091703
