5 0.500625 0.5480349344978166 0.07875 0.1965065502183406
2 0.250625 0.6604803493449781 0.08625 0.15938864628820962
2 0.438125 0.48799126637554585 0.05375 0.0851528384279476
2 0.185 0.5993449781659389 0.07 0.12445414847161572
2 0.425625 0.5862445414847162 0.06625 0.12882096069868995
2 0.415 0.6593886462882096 0.0775 0.14847161572052403
2 0.291875 0.5949781659388647 0.06625 0.13755458515283842
2 0.256875 0.4923580786026201 0.04875 0.0982532751091703
1 0.636875 0.48580786026200873 0.05875 0.10698689956331878
2 0.6925 0.6724890829694323 0.07 0.13100436681222707
2 0.32375 0.4923580786026201 0.05 0.10262008733624454
2 0.798125 0.6626637554585153 0.08625 0.12882096069868995
2 0.661875 0.584061135371179 0.07625 0.1331877729257642
2 0.5275 0.6561135371179039 0.0975 0.15938864628820962
2 0.7425 0.7652838427947598 0.0875 0.16375545851528384
2 0.43 0.5349344978165939 0.065 0.1091703056768559
2 0.8675 0.7587336244541485 0.1075 0.15938864628820962
2 0.30875 0.5425764192139738 0.06 0.11572052401746726
2 0.411875 0.7652838427947598 0.10375 0.15938864628820962
2 0.759375 0.584061135371179 0.05875 0.12445414847161572
2 0.533125 0.7609170305676856 0.11625 0.15502183406113537
2 0.20875 0.7707423580786026 0.0925 0.17467248908296942
2 0.726875 0.5283842794759825 0.06125 0.11353711790393013
2 0.2275 0.5382096069868996 0.07 0.12008733624454149
2 0.08125 0.7762008733624454 0.0875 0.20305676855895197
2 0.138125 0.6626637554585153 0.07625 0.16375545851528384
2 0.52125 0.4868995633187773 0.0425 0.09606986899563319
2 0.694375 0.4912663755458515 0.04625 0.1091703056768559
