2 0.871875 0.39555555555555555 0.05375 0.12
2 0.56875 0.27 0.065 0.12222222222222222
2 0.448125 0.8477777777777777 0.19125 0.2866666666666667
2 0.928125 0.5088888888888888 0.08125 0.15555555555555556
4 0.633125 0.8722222222222222 0.13125 0.2511111111111111
2 0.29375 0.3288888888888889 0.0675 0.1511111111111111
4 0.244375 0.25555555555555554 0.07125 0.13333333333333333
4 0.8175 0.3011111111111111 0.0775 0.14
2 0.49125 0.2677777777777778 0.07 0.12666666666666668
4 0.761875 0.36666666666666664 0.08125 0.15555555555555556
4 0.185 0.5911111111111111 0.1025 0.20444444444444446
4 0.200625 0.31444444444444447 0.07875 0.1711111111111111
2 0.339375 0.26 0.06625 0.1288888888888889
4 0.605 0.6 0.1 0.2222222222222222
4 0.8225 0.47444444444444445 0.085 0.17555555555555555
2 0.88125 0.6511111111111111 0.1 0.17777777777777778
2 0.058125 0.5888888888888889 0.10125 0.19111111111111112
2 0.243125 0.42777777777777776 0.07875 0.17555555555555555
2 0.470625 0.5966666666666667 0.13625 0.19777777777777777
4 0.55875 0.3511111111111111 0.065 0.14222222222222222
2 0.116875 0.8455555555555555 0.15125 0.23333333333333334
4 0.740625 0.29888888888888887 0.07125 0.12666666666666668
2 0.484375 0.44 0.09625 0.17333333333333334
2 0.139375 0.4477777777777778 0.06375 0.14
2 0.245625 0.25333333333333335 0.07125 0.12444444444444444
2 0.4725 0.33555555555555555 0.08 0.1511111111111111
2 0.5925 0.46111111111111114 0.0825 0.14444444444444443
