2 0.32375 0.490174672489083 0.05 0.10262008733624454
2 0.519375 0.5360262008733624 0.06375 0.10262008733624454
2 0.210625 0.7685589519650655 0.08875 0.1703056768558952
2 0.656875 0.5829694323144105 0.06625 0.13100436681222707
2 0.084375 0.7652838427947598 0.10875 0.20305676855895197
2 0.25625 0.490174672489083 0.05 0.0982532751091703
2 0.52875 0.6615720524017468 0.1025 0.14847161572052403
2 0.5175 0.490174672489083 0.0675 0.09388646288209607
2 0.434375 0.5360262008733624 0.07125 0.11135371179039301
2 0.229375 0.5360262008733624 0.06625 0.12445414847161572
2 0.291875 0.5949781659388647 0.06875 0.14192139737991266
2 0.745 0.767467248908297 0.085 0.16375545851528384
2 0.695625 0.4890829694323144 0.05125 0.10480349344978165
2 0.693125 0.665938864628821 0.07375 0.14410480349344978
2 0.53375 0.7641921397379913 0.1175 0.14847161572052403
2 0.864375 0.7609170305676856 0.10375 0.15938864628820962
2 0.414375 0.7685589519650655 0.10875 0.1572052401746725
2 0.7275 0.5283842794759825 0.0625 0.11790393013100436
2 0.415 0.6593886462882096 0.08 0.14847161572052403
2 0.655625 0.5360262008733624 0.05625 0.10262008733624454
2 0.24875 0.6637554585152838 0.0875 0.1572052401746725
2 0.144375 0.6626637554585153 0.07125 0.15938864628820962
2 0.79625 0.6615720524017468 0.0875 0.13100436681222707
2 0.526875 0.5884279475982532 0.06375 0.11572052401746726
2 0.628125 0.4912663755458515 0.05375 0.1091703056768559
2 0.438125 0.4912663755458515 0.05875 0.08733624454148471
2 0.7575 0.5862445414847162 0.0575 0.12008733624454149
2 0.428125 0.5906113537117904 0.06875 0.1331877729257642
2 0.309375 0.5393013100436681 0.05625 0.12663755458515283
2 0.185625 0.5982532751091703 0.06125 0.13537117903930132
