2 0.69625 0.4890829694323144 0.0475 0.10480349344978165
2 0.726875 0.5283842794759825 0.06125 0.11790393013100436
2 0.29 0.5938864628820961 0.0675 0.13973799126637554
2 0.65875 0.5338427947598253 0.0575 0.0982532751091703
2 0.31 0.5393013100436681 0.0575 0.12663755458515283
2 0.43625 0.5360262008733624 0.07 0.11135371179039301
2 0.65875 0.584061135371179 0.0675 0.12882096069868995
2 0.414375 0.7663755458515283 0.10875 0.1572052401746725
2 0.25625 0.4912663755458515 0.05 0.09606986899563319
2 0.229375 0.5360262008733624 0.06625 0.12445414847161572
2 0.745 0.767467248908297 0.085 0.16375545851528384
2 0.62875 0.490174672489083 0.0525 0.11135371179039301
2 0.533125 0.7641921397379913 0.11625 0.14847161572052403
2 0.864375 0.7609170305676856 0.10375 0.15938864628820962
2 0.756875 0.5862445414847162 0.05875 0.12008733624454149
2 0.43875 0.4912663755458515 0.06 0.08733624454148471
2 0.42875 0.5917030567685589 0.065 0.12663755458515283
2 0.6925 0.6670305676855895 0.0725 0.1462882096069869
2 0.14625 0.6561135371179039 0.0725 0.15938864628820962
2 0.2125 0.767467248908297 0.0925 0.16812227074235808
2 0.52875 0.6626637554585153 0.1025 0.15065502183406113
2 0.084375 0.7631004366812227 0.10625 0.2074235807860262
2 0.52625 0.5884279475982532 0.0625 0.12008733624454149
2 0.24875 0.6637554585152838 0.0875 0.1572052401746725
2 0.5175 0.49672489082969434 0.065 0.09388646288209607
2 0.51875 0.5338427947598253 0.065 0.10262008733624454
2 0.415 0.6582969432314411 0.08 0.15065502183406113
2 0.186875 0.5982532751091703 0.06125 0.13100436681222707
2 0.32375 0.4912663755458515 0.05 0.10043668122270742
2 0.7975 0.6615720524017468 0.0875 0.13100436681222707
