1 0.8625 0.7631004366812227 0.12 0.17248908296943233
1 0.079375 0.7685589519650655 0.11125 0.2096069868995633
1 0.14125 0.6593886462882096 0.0775 0.1703056768558952
1 0.655625 0.5316593886462883 0.06375 0.10262008733624454
1 0.525 0.5851528384279476 0.0825 0.11790393013100436
1 0.801875 0.6593886462882096 0.08875 0.15283842794759825
1 0.626875 0.48799126637554585 0.05375 0.12008733624454149
1 0.746875 0.7663755458515283 0.11125 0.1703056768558952
1 0.52 0.5316593886462883 0.0725 0.10262008733624454
1 0.65625 0.5895196506550219 0.075 0.13973799126637554
1 0.254375 0.4912663755458515 0.05875 0.1091703056768559
1 0.528125 0.6582969432314411 0.11125 0.16375545851528384
1 0.7525 0.5862445414847162 0.07 0.13755458515283842
1 0.52875 0.7729257641921398 0.125 0.18340611353711792
1 0.518125 0.4912663755458515 0.06875 0.09606986899563319
1 0.28875 0.601528384279476 0.075 0.1462882096069869
1 0.69875 0.48253275109170307 0.0475 0.10043668122270742
1 0.188125 0.5807860262008734 0.07125 0.1572052401746725
1 0.439375 0.5349344978165939 0.06875 0.1222707423580786
1 0.21 0.7740174672489083 0.1025 0.1943231441048035
1 0.7225 0.5251091703056768 0.0675 0.12445414847161572
1 0.413125 0.6637554585152838 0.10875 0.16593886462882096
1 0.686875 0.6637554585152838 0.09375 0.1572052401746725
1 0.3075 0.5382096069868996 0.065 0.12008733624454149
1 0.430625 0.5884279475982532 0.07375 0.14192139737991266
1 0.409375 0.759825327510917 0.11125 0.18777292576419213
1 0.230625 0.5360262008733624 0.06375 0.12445414847161572
1 0.251875 0.6692139737991266 0.08875 0.17248908296943233
1 0.438125 0.4868995633187773 0.06375 0.09606986899563319
1 0.321875 0.490174672489083 0.05625 0.11135371179039301
