2 0.255625 0.48799126637554585 0.04625 0.11135371179039301
2 0.6625 0.584061135371179 0.075 0.12882096069868995
2 0.32625 0.4912663755458515 0.0475 0.1091703056768559
2 0.308125 0.5393013100436681 0.06125 0.13100436681222707
2 0.528125 0.6572052401746725 0.11375 0.15283842794759825
2 0.290625 0.5949781659388647 0.06625 0.13755458515283842
2 0.66125 0.5338427947598253 0.0625 0.10698689956331878
2 0.143125 0.6626637554585153 0.07375 0.15938864628820962
2 0.40875 0.7707423580786026 0.115 0.19213973799126638
2 0.413125 0.6593886462882096 0.09125 0.15283842794759825
2 0.186875 0.5927947598253275 0.06375 0.13755458515283842
2 0.209375 0.7740174672489083 0.09375 0.16375545851528384
2 0.436875 0.537117903930131 0.06875 0.10480349344978165
2 0.523125 0.5327510917030568 0.06375 0.10043668122270742
2 0.43125 0.5895196506550219 0.07 0.13100436681222707
2 0.53375 0.7631004366812227 0.105 0.15502183406113537
2 0.79875 0.6593886462882096 0.07 0.13973799126637554
2 0.723125 0.527292576419214 0.05625 0.11572052401746726
2 0.68625 0.6703056768558951 0.1 0.13537117903930132
2 0.629375 0.48253275109170307 0.05125 0.1091703056768559
2 0.246875 0.6626637554585153 0.08875 0.15065502183406113
2 0.438125 0.4836244541484716 0.07375 0.11135371179039301
2 0.530625 0.5917030567685589 0.07375 0.1091703056768559
2 0.69625 0.4847161572052402 0.0475 0.10043668122270742
2 0.8625 0.7609170305676856 0.0875 0.16375545851528384
2 0.5175 0.490174672489083 0.06 0.09388646288209607
2 0.0825 0.7663755458515283 0.1025 0.2096069868995633
2 0.744375 0.7652838427947598 0.09375 0.15938864628820962
2 0.756875 0.5851528384279476 0.06125 0.12663755458515283
2 0.2275 0.5316593886462883 0.0675 0.14192139737991266
