2 0.860625 0.7620087336244541 0.08625 0.1615720524017467
2 0.745 0.7641921397379913 0.095 0.1572052401746725
2 0.213125 0.7729257641921398 0.09625 0.16593886462882096
2 0.436875 0.5349344978165939 0.06875 0.10480349344978165
2 0.413125 0.6561135371179039 0.08625 0.15065502183406113
2 0.52125 0.4890829694323144 0.07 0.09170305676855896
2 0.325625 0.4912663755458515 0.04875 0.10043668122270742
2 0.309375 0.5382096069868996 0.05875 0.12882096069868995
2 0.40875 0.7729257641921398 0.115 0.19213973799126638
2 0.5325 0.7652838427947598 0.105 0.15065502183406113
2 0.140625 0.6670305676855895 0.07875 0.16375545851528384
2 0.248125 0.6637554585152838 0.08875 0.15283842794759825
2 0.4325 0.5938864628820961 0.065 0.13100436681222707
2 0.75625 0.5873362445414847 0.0625 0.1222707423580786
2 0.525625 0.5338427947598253 0.05625 0.0982532751091703
2 0.226875 0.5305676855895196 0.06125 0.13537117903930132
2 0.8 0.665938864628821 0.07 0.13100436681222707
2 0.69 0.6713973799126638 0.085 0.13755458515283842
2 0.535 0.5927947598253275 0.0775 0.11135371179039301
2 0.0825 0.7740174672489083 0.1025 0.19868995633187772
2 0.185625 0.5960698689956332 0.06625 0.13537117903930132
2 0.725625 0.5218340611353712 0.05125 0.11790393013100436
2 0.66125 0.5851528384279476 0.075 0.13100436681222707
2 0.69125 0.4836244541484716 0.0425 0.09388646288209607
2 0.66125 0.5316593886462883 0.0725 0.11135371179039301
2 0.291875 0.5971615720524017 0.06625 0.14192139737991266
2 0.525 0.6615720524017468 0.1075 0.15283842794759825
2 0.630625 0.48253275109170307 0.05125 0.1091703056768559
2 0.259375 0.490174672489083 0.04625 0.10262008733624454
2 0.438125 0.48580786026200873 0.07375 0.10698689956331878
