0 0.248125 0.6637554585152838 0.09625 0.1615720524017467
0 0.698125 0.6932314410480349 0.09625 0.09388646288209607
1 0.07875 0.7729257641921398 0.1075 0.1965065502183406
0 0.528125 0.5534934497816594 0.08375 0.08078602620087336
0 0.285 0.6124454148471615 0.0775 0.10262008733624454
0 0.131875 0.6899563318777293 0.10125 0.1222707423580786
0 0.736875 0.7936681222707423 0.12375 0.1331877729257642
0 0.410625 0.6877729257641921 0.10875 0.11353711790393013
0 0.214375 0.5491266375545851 0.07625 0.12008733624454149
0 0.1725 0.62117903930131 0.0975 0.09388646288209607
0 0.408125 0.7893013100436681 0.10875 0.14192139737991266
0 0.700625 0.4923580786026201 0.06625 0.08951965065502183
0 0.64625 0.5469432314410481 0.0675 0.08078602620087336
0 0.205 0.7827510917030568 0.1125 0.15502183406113537
1 0.426875 0.5960698689956332 0.08875 0.1222707423580786
0 0.63875 0.49344978165938863 0.05 0.10480349344978165
0 0.546875 0.7893013100436681 0.12875 0.11135371179039301
0 0.770625 0.5873362445414847 0.08125 0.11353711790393013
0 0.315 0.49672489082969434 0.065 0.0982532751091703
0 0.865 0.7882096069868996 0.1225 0.11790393013100436
0 0.8025 0.6790393013100436 0.11 0.11790393013100436
0 0.5175 0.5043668122270742 0.0725 0.07423580786026202
0 0.53125 0.6790393013100436 0.1175 0.1222707423580786
0 0.6625 0.5982532751091703 0.0925 0.11790393013100436
0 0.733125 0.5393013100436681 0.07875 0.09606986899563319
0 0.253125 0.4945414847161572 0.06375 0.10262008733624454
1 0.435 0.537117903930131 0.08 0.11353711790393013
0 0.305 0.5665938864628821 0.0725 0.0851528384279476
0 0.521875 0.6069868995633187 0.10125 0.09606986899563319
