0 0.29 0.6157205240174672 0.0725 0.09606986899563319
0 0.2025 0.7860262008733624 0.115 0.14847161572052403
0 0.179375 0.6244541484716157 0.09625 0.09170305676855896
0 0.530625 0.6790393013100436 0.11625 0.1222707423580786
0 0.865 0.7903930131004366 0.1225 0.11353711790393013
1 0.435 0.537117903930131 0.0775 0.1091703056768559
0 0.526875 0.7893013100436681 0.12875 0.12008733624454149
0 0.7325 0.5382096069868996 0.075 0.0982532751091703
0 0.2125 0.5502183406113537 0.0775 0.1222707423580786
0 0.519375 0.6069868995633187 0.10125 0.09606986899563319
0 0.253125 0.4945414847161572 0.06375 0.10698689956331878
0 0.8 0.6801310043668122 0.1125 0.11572052401746726
0 0.404375 0.7925764192139738 0.11125 0.14410480349344978
1 0.42625 0.5949781659388647 0.09 0.12445414847161572
0 0.695625 0.6954148471615721 0.09875 0.08951965065502183
0 0.408125 0.6899563318777293 0.10875 0.1091703056768559
0 0.316875 0.49344978165938863 0.05875 0.09170305676855896
0 0.663125 0.5971615720524017 0.09375 0.12882096069868995
0 0.08 0.7729257641921398 0.1075 0.2052401746724891
0 0.249375 0.665938864628821 0.09375 0.1572052401746725
0 0.5175 0.5054585152838428 0.0725 0.07205240174672489
0 0.30375 0.5633187772925764 0.0725 0.08733624454148471
0 0.74875 0.7903930131004366 0.1175 0.13537117903930132
0 0.523125 0.5524017467248908 0.08125 0.07860262008733625
0 0.134375 0.6932314410480349 0.09875 0.11572052401746726
0 0.7725 0.5906113537117904 0.085 0.10698689956331878
0 0.700625 0.4923580786026201 0.05875 0.08951965065502183
