0 0.801875 0.6812227074235808 0.11375 0.11790393013100436
1 0.0775 0.7762008733624454 0.105 0.1943231441048035
1 0.425625 0.5960698689956332 0.08875 0.12663755458515283
0 0.6625 0.5971615720524017 0.095 0.12445414847161572
0 0.2475 0.6670305676855895 0.095 0.15502183406113537
0 0.5275 0.7882096069868996 0.13 0.11790393013100436
0 0.865 0.7903930131004366 0.1225 0.11353711790393013
0 0.7025 0.4945414847161572 0.0625 0.0851528384279476
1 0.435625 0.537117903930131 0.07875 0.11353711790393013
0 0.316875 0.4945414847161572 0.05875 0.09388646288209607
0 0.211875 0.5491266375545851 0.07875 0.12008733624454149
0 0.17875 0.6255458515283843 0.0975 0.08951965065502183
0 0.436875 0.5283842794759825 0.08125 0.09606986899563319
0 0.201875 0.7882096069868996 0.11625 0.14847161572052403
0 0.128125 0.6932314410480349 0.10625 0.11135371179039301
0 0.516875 0.6080786026200873 0.09625 0.09388646288209607
0 0.733125 0.5382096069868996 0.07625 0.0982532751091703
0 0.30375 0.5633187772925764 0.075 0.08733624454148471
0 0.405625 0.7903930131004366 0.11375 0.14410480349344978
0 0.29125 0.6157205240174672 0.0725 0.09606986899563319
0 0.7725 0.5895196506550219 0.085 0.1091703056768559
0 0.425625 0.5949781659388647 0.08875 0.12445414847161572
0 0.526875 0.5534934497816594 0.08625 0.08078602620087336
0 0.695625 0.6965065502183406 0.09875 0.09606986899563319
0 0.74875 0.7903930131004366 0.115 0.13100436681222707
0 0.41 0.6899563318777293 0.1075 0.1091703056768559
0 0.253125 0.49344978165938863 0.06375 0.10480349344978165
0 0.530625 0.6801310043668122 0.11625 0.12008733624454149
0 0.518125 0.5054585152838428 0.07625 0.07205240174672489
