2 0.45375 0.8644444444444445 0.135 0.26222222222222225
2 0.300625 0.3333333333333333 0.07375 0.1511111111111111
2 0.140625 0.45222222222222225 0.07375 0.13555555555555557
2 0.816875 0.4888888888888889 0.08625 0.16444444444444445
4 0.629375 0.8788888888888889 0.13625 0.23333333333333334
2 0.473125 0.33666666666666667 0.07875 0.14888888888888888
2 0.251875 0.25333333333333335 0.06375 0.12444444444444444
2 0.058125 0.5911111111111111 0.10625 0.19555555555555557
2 0.4825 0.4488888888888889 0.0975 0.1688888888888889
2 0.8825 0.6544444444444445 0.1 0.18444444444444444
4 0.474375 0.6022222222222222 0.09625 0.2
2 0.21375 0.33555555555555555 0.0675 0.13333333333333333
4 0.600625 0.6111111111111112 0.10375 0.21333333333333335
2 0.934375 0.5011111111111111 0.07875 0.15777777777777777
2 0.766875 0.37222222222222223 0.06875 0.13555555555555557
2 0.86125 0.3844444444444444 0.0675 0.13333333333333333
2 0.8225 0.30666666666666664 0.065 0.1288888888888889
4 0.235625 0.4411111111111111 0.09125 0.16666666666666666
2 0.4875 0.26555555555555554 0.0675 0.12666666666666668
2 0.568125 0.2733333333333333 0.06875 0.12444444444444444
2 0.558125 0.35 0.06875 0.14444444444444443
4 0.180625 0.6 0.10375 0.21333333333333335
2 0.34 0.2611111111111111 0.0675 0.13111111111111112
2 0.59 0.4588888888888889 0.0875 0.15333333333333332
4 0.745 0.29888888888888887 0.065 0.12222222222222222
2 0.113125 0.8533333333333334 0.13625 0.21777777777777776
