0 0.7425 0.5021834061135371 0.0575 0.07860262008733625
0 0.735 0.7008733624454149 0.0975 0.09170305676855896
0 0.445625 0.7925764192139738 0.10625 0.13537117903930132
0 0.446875 0.6910480349344978 0.10875 0.10698689956331878
1 0.4675 0.5960698689956332 0.0825 0.1222707423580786
0 0.575 0.5556768558951966 0.0825 0.08078602620087336
0 0.841875 0.6823144104803494 0.10875 0.12008733624454149
1 0.115625 0.7663755458515283 0.11375 0.1965065502183406
0 0.668125 0.49344978165938863 0.06875 0.09606986899563319
0 0.555 0.509825327510917 0.08 0.07641921397379912
0 0.17875 0.6888646288209607 0.0875 0.12882096069868995
0 0.324375 0.611353711790393 0.07875 0.10480349344978165
0 0.805 0.6004366812227074 0.09 0.10043668122270742
0 0.56 0.6069868995633187 0.095 0.09606986899563319
0 0.7825 0.7980349344978166 0.125 0.1331877729257642
0 0.346875 0.5469432314410481 0.06625 0.11572052401746726
0 0.709375 0.5971615720524017 0.07125 0.12445414847161572
1 0.4725 0.5403930131004366 0.08 0.11572052401746726
0 0.21625 0.62117903930131 0.0925 0.08951965065502183
0 0.77375 0.5447598253275109 0.0775 0.08951965065502183
0 0.258125 0.5534934497816594 0.07375 0.11135371179039301
0 0.294375 0.49672489082969434 0.06125 0.10262008733624454
0 0.90125 0.7893013100436681 0.125 0.1331877729257642
0 0.568125 0.6713973799126638 0.11125 0.15065502183406113
1 0.36 0.49344978165938863 0.06 0.09170305676855896
0 0.47375 0.5294759825327511 0.08 0.10262008733624454
0 0.28625 0.6670305676855895 0.0975 0.15065502183406113
0 0.238125 0.7827510917030568 0.12125 0.15065502183406113
0 0.564375 0.7794759825327511 0.13125 0.13973799126637554
