0 0.560625 0.6091703056768559 0.09875 0.09606986899563319
0 0.84375 0.6823144104803494 0.1075 0.12008733624454149
0 0.710625 0.5982532751091703 0.07125 0.12663755458515283
0 0.32375 0.6124454148471615 0.0775 0.10262008733624454
1 0.3525 0.5382096069868996 0.0675 0.11572052401746726
1 0.4675 0.5960698689956332 0.0825 0.1222707423580786
1 0.4725 0.5414847161572053 0.0825 0.10480349344978165
0 0.668125 0.49344978165938863 0.06875 0.09606986899563319
1 0.115625 0.7685589519650655 0.11375 0.1965065502183406
0 0.445625 0.6932314410480349 0.11125 0.11135371179039301
0 0.555 0.5087336244541485 0.08 0.07423580786026202
0 0.575 0.5556768558951966 0.08 0.08078602620087336
0 0.736875 0.7008733624454149 0.10125 0.09170305676855896
0 0.7425 0.5032751091703057 0.0575 0.08078602620087336
0 0.28625 0.6637554585152838 0.095 0.15283842794759825
0 0.77625 0.5436681222707423 0.0775 0.09170305676855896
0 0.295 0.49563318777292575 0.0625 0.10043668122270742
0 0.214375 0.62117903930131 0.09625 0.08951965065502183
0 0.565 0.7794759825327511 0.1325 0.13537117903930132
0 0.258125 0.5545851528384279 0.07375 0.1091703056768559
0 0.23875 0.7827510917030568 0.12 0.15065502183406113
0 0.900625 0.7903930131004366 0.12625 0.13100436681222707
0 0.44625 0.7914847161572053 0.1075 0.13755458515283842
1 0.359375 0.49344978165938863 0.06125 0.09170305676855896
0 0.56875 0.6692139737991266 0.11 0.15065502183406113
0 0.178125 0.6910480349344978 0.08875 0.12445414847161572
0 0.805 0.5993449781659389 0.09 0.10262008733624454
0 0.473125 0.5229257641921398 0.08125 0.10262008733624454
0 0.783125 0.7958515283842795 0.12875 0.1331877729257642
