0 0.165 0.6921397379912664 0.1025 0.12663755458515283
1 0.465625 0.5982532751091703 0.08625 0.1222707423580786
0 0.90375 0.7958515283842795 0.12 0.12882096069868995
0 0.44375 0.6921397379912664 0.1075 0.11353711790393013
1 0.360625 0.49563318777292575 0.05875 0.09606986899563319
0 0.565625 0.5294759825327511 0.08625 0.07205240174672489
0 0.245625 0.787117903930131 0.11125 0.15065502183406113
0 0.55875 0.509825327510917 0.0775 0.07641921397379912
0 0.571875 0.5567685589519651 0.09125 0.07860262008733625
0 0.7875 0.7969432314410481 0.12 0.13973799126637554
0 0.72875 0.6986899563318777 0.1075 0.09606986899563319
0 0.559375 0.5982532751091703 0.10125 0.1222707423580786
0 0.436875 0.7849344978165939 0.11375 0.15065502183406113
0 0.70125 0.5917030567685589 0.095 0.13973799126637554
0 0.47625 0.5262008733624454 0.08 0.08733624454148471
0 0.216875 0.6179039301310044 0.08875 0.09606986899563319
0 0.333125 0.6124454148471615 0.07875 0.10262008733624454
0 0.289375 0.6637554585152838 0.09375 0.1572052401746725
0 0.74125 0.4945414847161572 0.0675 0.09388646288209607
1 0.350625 0.527292576419214 0.07125 0.12008733624454149
0 0.666875 0.49672489082969434 0.07625 0.08951965065502183
1 0.471875 0.5425764192139738 0.08125 0.10698689956331878
0 0.769375 0.5458515283842795 0.07625 0.09170305676855896
0 0.566875 0.6790393013100436 0.11875 0.13100436681222707
0 0.576875 0.769650655021834 0.11375 0.14192139737991266
0 0.843125 0.6801310043668122 0.10875 0.12445414847161572
0 0.255 0.5524017467248908 0.075 0.1091703056768559
1 0.295 0.4923580786026201 0.0625 0.10698689956331878
1 0.121875 0.769650655021834 0.09875 0.1943231441048035
0 0.8 0.5971615720524017 0.0825 0.10698689956331878
0 0.685625 0.5513100436681223 0.06625 0.08078602620087336
