0 0.7025 0.5927947598253275 0.1 0.13755458515283842
0 0.163125 0.6855895196506551 0.09875 0.13537117903930132
1 0.361875 0.49563318777292575 0.04875 0.09170305676855896
0 0.905 0.7958515283842795 0.12 0.12882096069868995
0 0.775625 0.5393013100436681 0.07625 0.1091703056768559
0 0.465625 0.5949781659388647 0.08875 0.12445414847161572
0 0.289375 0.6681222707423581 0.09625 0.15283842794759825
0 0.79 0.7936681222707423 0.125 0.14192139737991266
0 0.350625 0.537117903930131 0.06625 0.11790393013100436
0 0.575625 0.7882096069868996 0.12875 0.11790393013100436
0 0.56375 0.6539301310043668 0.1075 0.16375545851528384
1 0.121875 0.7685589519650655 0.10125 0.18777292576419213
0 0.455 0.6855895196506551 0.1 0.1091703056768559
0 0.21875 0.6124454148471615 0.09 0.10262008733624454
0 0.255625 0.5524017467248908 0.07375 0.10480349344978165
0 0.81375 0.5982532751091703 0.09 0.10480349344978165
0 0.744375 0.5 0.05625 0.08296943231441048
1 0.67125 0.4923580786026201 0.0675 0.11135371179039301
0 0.24625 0.7816593886462883 0.1125 0.1572052401746725
0 0.4425 0.7805676855895196 0.1025 0.16375545851528384
0 0.56625 0.5513100436681223 0.085 0.08078602620087336
0 0.291875 0.5010917030567685 0.06625 0.08951965065502183
0 0.55875 0.5109170305676856 0.0775 0.07860262008733625
0 0.726875 0.6986899563318777 0.10875 0.09606986899563319
0 0.8425 0.6877729257641921 0.1125 0.11790393013100436
0 0.33125 0.6146288209606987 0.08 0.0982532751091703
1 0.474375 0.5393013100436681 0.07875 0.1091703056768559
