0 0.77625 0.5414847161572053 0.0775 0.09606986899563319
0 0.84125 0.6855895196506551 0.11 0.11353711790393013
0 0.56125 0.5393013100436681 0.07 0.09170305676855896
1 0.121875 0.7718340611353712 0.10125 0.1812227074235808
0 0.163125 0.6932314410480349 0.10625 0.12445414847161572
0 0.33125 0.6069868995633187 0.08 0.1091703056768559
0 0.554375 0.6091703056768559 0.08875 0.10480349344978165
0 0.571875 0.7947598253275109 0.13125 0.11353711790393013
0 0.44125 0.7816593886462883 0.1025 0.1572052401746725
0 0.47625 0.5294759825327511 0.0775 0.0982532751091703
0 0.905 0.7958515283842795 0.1175 0.12882096069868995
1 0.35 0.5393013100436681 0.0675 0.11353711790393013
0 0.701875 0.5927947598253275 0.09625 0.12882096069868995
0 0.243125 0.7794759825327511 0.11125 0.1572052401746725
0 0.2575 0.5545851528384279 0.0675 0.10043668122270742
0 0.788125 0.7958515283842795 0.12375 0.13755458515283842
1 0.35625 0.49563318777292575 0.0625 0.09170305676855896
0 0.29125 0.5032751091703057 0.0675 0.08951965065502183
0 0.28875 0.6582969432314411 0.1 0.17248908296943233
0 0.7275 0.6954148471615721 0.1025 0.0982532751091703
0 0.555625 0.5054585152838428 0.07125 0.07641921397379912
0 0.21625 0.6222707423580786 0.0875 0.09170305676855896
0 0.45375 0.6899563318777293 0.1025 0.10480349344978165
0 0.8125 0.5993449781659389 0.0875 0.10698689956331878
0 0.57125 0.6626637554585153 0.11 0.15502183406113537
0 0.465 0.5949781659388647 0.0875 0.12445414847161572
1 0.670625 0.490174672489083 0.06875 0.10262008733624454
0 0.743125 0.5010917030567685 0.05625 0.08078602620087336
