0 0.73625 0.4978165938864629 0.06 0.10043668122270742
0 0.723125 0.6997816593886463 0.11125 0.09388646288209607
2 0.47625 0.48580786026200873 0.075 0.11135371179039301
0 0.2575 0.5534934497816594 0.08 0.11572052401746726
0 0.844375 0.6812227074235808 0.10875 0.1091703056768559
0 0.665625 0.5010917030567685 0.07125 0.08951965065502183
1 0.469375 0.6037117903930131 0.08375 0.13755458515283842
0 0.564375 0.5087336244541485 0.07875 0.08733624454148471
1 0.444375 0.7707423580786026 0.11125 0.1703056768558952
1 0.47125 0.5458515283842795 0.0825 0.10480349344978165
1 0.350625 0.5425764192139738 0.06375 0.12445414847161572
5 0.793125 0.49563318777292575 0.07125 0.2052401746724891
1 0.35875 0.5 0.065 0.10480349344978165
1 0.290625 0.6670305676855895 0.08875 0.1462882096069869
0 0.90375 0.8024017467248908 0.125 0.11572052401746726
0 0.561875 0.7827510917030568 0.12375 0.1331877729257642
1 0.7025 0.5960698689956332 0.0925 0.13537117903930132
1 0.120625 0.7707423580786026 0.10125 0.20087336244541484
0 0.4475 0.6812227074235808 0.1075 0.13973799126637554
0 0.181875 0.6954148471615721 0.09125 0.12445414847161572
0 0.32625 0.6124454148471615 0.085 0.11135371179039301
4 0.29625 0.4606986899563319 0.0725 0.17467248908296942
1 0.244375 0.7729257641921398 0.10125 0.1615720524017467
0 0.216875 0.6255458515283843 0.09125 0.08951965065502183
0 0.56875 0.5622270742358079 0.08 0.07641921397379912
0 0.778125 0.7794759825327511 0.12375 0.14847161572052403
0 0.8 0.6048034934497817 0.085 0.11790393013100436
0 0.565 0.6670305676855895 0.1125 0.16812227074235808
