2 0.299375 0.33111111111111113 0.07125 0.15555555555555556
2 0.56875 0.27444444444444444 0.0725 0.12222222222222222
2 0.48125 0.2677777777777778 0.0725 0.12222222222222222
2 0.21125 0.33555555555555555 0.06 0.13333333333333333
2 0.251875 0.2544444444444444 0.06375 0.12666666666666668
2 0.4825 0.44333333333333336 0.1 0.16666666666666666
2 0.91375 0.49666666666666665 0.0775 0.15777777777777777
2 0.473125 0.33666666666666667 0.08625 0.14888888888888888
2 0.201875 0.5888888888888889 0.13625 0.21333333333333335
2 0.476875 0.6122222222222222 0.10125 0.19777777777777777
2 0.45875 0.8644444444444445 0.14 0.2577777777777778
2 0.853125 0.38333333333333336 0.07375 0.13111111111111112
2 0.339375 0.26 0.06125 0.13333333333333333
2 0.05875 0.59 0.1025 0.19777777777777777
2 0.604375 0.61 0.11375 0.20666666666666667
2 0.13125 0.45666666666666667 0.075 0.14
2 0.62625 0.8677777777777778 0.1625 0.24222222222222223
5 0.76875 0.4444444444444444 0.0775 0.23555555555555555
2 0.109375 0.8522222222222222 0.13875 0.22
2 0.566875 0.35 0.07375 0.14444444444444443
2 0.738125 0.29333333333333333 0.07375 0.12444444444444444
2 0.815625 0.30666666666666664 0.06375 0.12
2 0.885 0.6622222222222223 0.1025 0.1688888888888889
4 0.60125 0.45666666666666667 0.0775 0.14888888888888888
2 0.259375 0.4388888888888889 0.10125 0.17555555555555555
