1 0.25625 0.5458515283842795 0.0725 0.11790393013100436
1 0.796875 0.5917030567685589 0.08625 0.1222707423580786
0 0.55875 0.5065502183406113 0.08 0.07423580786026202
1 0.320625 0.5982532751091703 0.07375 0.12663755458515283
2 0.28875 0.665938864628821 0.0875 0.15283842794759825
4 0.29875 0.45633187772925765 0.0575 0.17903930131004367
0 0.838125 0.6844978165938864 0.11375 0.11572052401746726
1 0.359375 0.49344978165938863 0.05875 0.10043668122270742
2 0.764375 0.5305676855895196 0.06625 0.11790393013100436
0 0.6625 0.5010917030567685 0.065 0.08951965065502183
0 0.25625 0.5469432314410481 0.07 0.11572052401746726
2 0.349375 0.5338427947598253 0.06125 0.11572052401746726
0 0.5675 0.5502183406113537 0.0875 0.08733624454148471
4 0.7 0.5829694323144105 0.08 0.14410480349344978
1 0.465 0.5949781659388647 0.0875 0.12008733624454149
0 0.56375 0.6670305676855895 0.1125 0.15065502183406113
0 0.239375 0.7740174672489083 0.12125 0.16375545851528384
0 0.2125 0.6222707423580786 0.09 0.08733624454148471
0 0.77625 0.7805676855895196 0.1225 0.1462882096069869
0 0.738125 0.4868995633187773 0.06375 0.10043668122270742
4 0.476875 0.47925764192139736 0.06875 0.12445414847161572
1 0.441875 0.6768558951965066 0.10625 0.13973799126637554
0 0.72625 0.7008733624454149 0.105 0.09606986899563319
1 0.12 0.7707423580786026 0.1025 0.18777292576419213
0 0.1675 0.6932314410480349 0.105 0.12008733624454149
0 0.905 0.7958515283842795 0.1225 0.12445414847161572
1 0.46875 0.5414847161572053 0.0825 0.1091703056768559
0 0.441875 0.7805676855895196 0.10125 0.16812227074235808
0 0.555 0.6026200873362445 0.0725 0.09170305676855896
1 0.24 0.7718340611353712 0.12 0.16812227074235808
0 0.56125 0.7827510917030568 0.125 0.1331877729257642
