1 0.779375 0.777292576419214 0.12375 0.15283842794759825
1 0.468125 0.5949781659388647 0.08125 0.1331877729257642
1 0.74125 0.490174672489083 0.0575 0.0982532751091703
2 0.803125 0.5917030567685589 0.08875 0.13537117903930132
1 0.558125 0.5993449781659389 0.07875 0.0982532751091703
0 0.2225 0.6200873362445415 0.075 0.09170305676855896
2 0.445625 0.6670305676855895 0.10875 0.15938864628820962
1 0.123125 0.7641921397379913 0.10125 0.19213973799126638
1 0.17875 0.6637554585152838 0.085 0.1615720524017467
2 0.249375 0.7816593886462883 0.10125 0.1572052401746725
1 0.35625 0.490174672489083 0.06 0.10698689956331878
1 0.256875 0.5425764192139738 0.07875 0.12882096069868995
2 0.555625 0.4923580786026201 0.07625 0.10262008733624454
2 0.33 0.5960698689956332 0.075 0.14410480349344978
2 0.285 0.6626637554585153 0.0925 0.15065502183406113
2 0.91125 0.777292576419214 0.1275 0.14847161572052403
0 0.561875 0.7860262008733624 0.12625 0.1222707423580786
1 0.564375 0.6626637554585153 0.11375 0.15938864628820962
5 0.685 0.5600436681222707 0.0775 0.19868995633187772
1 0.47 0.5382096069868996 0.0675 0.10698689956331878
1 0.723125 0.6834061135371179 0.10625 0.1222707423580786
0 0.4425 0.7849344978165939 0.1025 0.16375545851528384
2 0.294375 0.490174672489083 0.05375 0.10262008733624454
1 0.475 0.49672489082969434 0.07 0.0851528384279476
1 0.83625 0.6746724890829694 0.105 0.13973799126637554
2 0.770625 0.5338427947598253 0.07875 0.11572052401746726
2 0.56 0.5393013100436681 0.065 0.10480349344978165
2 0.349375 0.5393013100436681 0.05875 0.11353711790393013
