0 0.56125 0.7849344978165939 0.125 0.12445414847161572
1 0.355625 0.4890829694323144 0.06125 0.10480349344978165
1 0.803125 0.5917030567685589 0.08875 0.13100436681222707
1 0.475 0.49563318777292575 0.07 0.08733624454148471
2 0.446875 0.6648471615720524 0.10875 0.15938864628820962
1 0.4675 0.5982532751091703 0.0825 0.1222707423580786
2 0.24875 0.7783842794759825 0.1025 0.15938864628820962
2 0.91125 0.7783842794759825 0.125 0.1462882096069869
1 0.47 0.537117903930131 0.0675 0.1091703056768559
2 0.329375 0.5960698689956332 0.07375 0.13973799126637554
2 0.293125 0.4912663755458515 0.05375 0.10043668122270742
0 0.223125 0.62117903930131 0.07375 0.08951965065502183
1 0.721875 0.6812227074235808 0.10625 0.12663755458515283
1 0.555 0.5949781659388647 0.07 0.0982532751091703
1 0.1225 0.7652838427947598 0.1025 0.18995633187772926
5 0.68625 0.5644104803493449 0.0725 0.20305676855895197
1 0.776875 0.777292576419214 0.12625 0.15283842794759825
2 0.349375 0.5393013100436681 0.05625 0.11353711790393013
2 0.28625 0.6648471615720524 0.09 0.15065502183406113
2 0.56 0.5425764192139738 0.0625 0.10262008733624454
1 0.739375 0.48799126637554585 0.05625 0.10262008733624454
0 0.4425 0.7838427947598253 0.1 0.1615720524017467
1 0.836875 0.6735807860262009 0.10625 0.13755458515283842
2 0.554375 0.4945414847161572 0.07625 0.0982532751091703
1 0.255 0.5414847161572053 0.0775 0.12663755458515283
2 0.76875 0.5327510917030568 0.0775 0.11790393013100436
1 0.174375 0.665938864628821 0.09125 0.1572052401746725
1 0.564375 0.6637554585152838 0.11625 0.15283842794759825
