1 0.55625 0.6004366812227074 0.0725 0.10480349344978165
2 0.70125 0.537117903930131 0.05 0.10043668122270742
1 0.17625 0.6670305676855895 0.0875 0.16375545851528384
1 0.470625 0.5403930131004366 0.06875 0.10698689956331878
4 0.29375 0.46943231441048033 0.0575 0.14847161572052403
1 0.800625 0.5949781659388647 0.08375 0.13755458515283842
2 0.666875 0.4868995633187773 0.04875 0.10480349344978165
1 0.743125 0.4912663755458515 0.05875 0.10480349344978165
0 0.8375 0.6779475982532751 0.1025 0.13755458515283842
2 0.909375 0.777292576419214 0.12125 0.15283842794759825
1 0.55875 0.49890829694323147 0.075 0.09388646288209607
0 0.723125 0.6888646288209607 0.10875 0.12008733624454149
1 0.769375 0.5393013100436681 0.07375 0.11353711790393013
0 0.4425 0.7849344978165939 0.1025 0.16812227074235808
2 0.285 0.665938864628821 0.0925 0.14847161572052403
1 0.356875 0.490174672489083 0.06125 0.10698689956331878
1 0.326875 0.5949781659388647 0.07625 0.1331877729257642
1 0.468125 0.601528384279476 0.08375 0.12445414847161572
1 0.120625 0.7663755458515283 0.10125 0.18777292576419213
1 0.4425 0.7827510917030568 0.1 0.17248908296943233
2 0.25 0.7805676855895196 0.105 0.15502183406113537
2 0.348125 0.5403930131004366 0.05875 0.11572052401746726
1 0.689375 0.5917030567685589 0.09125 0.13537117903930132
1 0.475 0.49563318777292575 0.07 0.09606986899563319
0 0.77875 0.7805676855895196 0.1275 0.15502183406113537
0 0.22375 0.6200873362445415 0.075 0.09170305676855896
1 0.44375 0.6713973799126638 0.105 0.15502183406113537
0 0.5625 0.777292576419214 0.125 0.15283842794759825
1 0.255625 0.5447598253275109 0.07625 0.12445414847161572
1 0.560625 0.5349344978165939 0.07375 0.11790393013100436
0 0.565 0.6735807860262009 0.1175 0.1462882096069869
