1 0.67125 0.4890829694323144 0.0475 0.09606986899563319
2 0.695625 0.5360262008733624 0.05875 0.11135371179039301
1 0.79375 0.5971615720524017 0.0775 0.12882096069868995
2 0.285625 0.665938864628821 0.08625 0.15283842794759825
1 0.84 0.6812227074235808 0.105 0.14410480349344978
5 0.581875 0.6058951965065502 0.10125 0.2336244541484716
1 0.470625 0.5382096069868996 0.06375 0.10698689956331878
1 0.123125 0.7609170305676856 0.10125 0.1943231441048035
1 0.3575 0.4923580786026201 0.0575 0.10262008733624454
1 0.260625 0.5414847161572053 0.06625 0.1222707423580786
0 0.566875 0.7882096069868996 0.13125 0.12663755458515283
1 0.448125 0.6681222707423581 0.09875 0.14410480349344978
0 0.904375 0.7794759825327511 0.11625 0.14410480349344978
1 0.466875 0.5960698689956332 0.08125 0.12663755458515283
2 0.5525 0.5360262008733624 0.0575 0.11572052401746726
2 0.25 0.777292576419214 0.1025 0.15283842794759825
1 0.776875 0.7740174672489083 0.09875 0.15065502183406113
2 0.295625 0.4912663755458515 0.06125 0.1091703056768559
2 0.32625 0.5927947598253275 0.0725 0.13755458515283842
2 0.35 0.537117903930131 0.0575 0.11353711790393013
1 0.441875 0.7751091703056768 0.09875 0.18340611353711792
1 0.769375 0.5338427947598253 0.07375 0.11135371179039301
2 0.228125 0.6004366812227074 0.06875 0.13537117903930132
1 0.725 0.6724890829694323 0.0725 0.12663755458515283
1 0.47875 0.49344978165938863 0.07 0.08296943231441048
0 0.739375 0.4912663755458515 0.05625 0.09170305676855896
1 0.180625 0.6648471615720524 0.08875 0.15938864628820962
2 0.69875 0.5949781659388647 0.07 0.12008733624454149
