2 0.839375 0.6746724890829694 0.09875 0.14847161572052403
2 0.68875 0.5382096069868996 0.0575 0.10262008733624454
2 0.69875 0.5927947598253275 0.0725 0.12008733624454149
2 0.72875 0.6746724890829694 0.0775 0.13100436681222707
0 0.731875 0.49344978165938863 0.05875 0.09170305676855896
2 0.47625 0.49344978165938863 0.07 0.09170305676855896
2 0.568125 0.7663755458515283 0.10875 0.15283842794759825
2 0.364375 0.490174672489083 0.04875 0.10262008733624454
2 0.561875 0.6735807860262009 0.11625 0.16375545851528384
2 0.28875 0.665938864628821 0.0875 0.14847161572052403
2 0.299375 0.4890829694323144 0.05625 0.10480349344978165
2 0.468125 0.5971615720524017 0.07875 0.12882096069868995
2 0.761875 0.5294759825327511 0.06125 0.12445414847161572
2 0.559375 0.5393013100436681 0.06625 0.10480349344978165
2 0.178125 0.6593886462882096 0.07625 0.15283842794759825
2 0.44375 0.7663755458515283 0.1075 0.18340611353711792
2 0.779375 0.769650655021834 0.09875 0.15938864628820962
2 0.67 0.48580786026200873 0.0475 0.10262008733624454
2 0.905 0.7718340611353712 0.11 0.15502183406113537
2 0.121875 0.7663755458515283 0.09875 0.18777292576419213
2 0.560625 0.5993449781659389 0.07125 0.0982532751091703
2 0.263125 0.5382096069868996 0.06375 0.1331877729257642
2 0.2275 0.5982532751091703 0.07 0.14847161572052403
2 0.79625 0.5895196506550219 0.0625 0.1222707423580786
2 0.328125 0.5927947598253275 0.07125 0.13755458515283842
2 0.44875 0.6648471615720524 0.0975 0.15502183406113537
2 0.471875 0.5393013100436681 0.07375 0.10480349344978165
2 0.55625 0.4890829694323144 0.0625 0.09606986899563319
2 0.353125 0.5414847161572053 0.05875 0.11790393013100436
2 0.2525 0.7663755458515283 0.105 0.1703056768558952
