1 0.6447916666666667 0.3328125 0.06458333333333334 0.115625
2 0.5614583333333333 0.34375 0.10625 0.1125
2 0.55625 0.4125 0.1125 0.125
2 0.17291666666666666 0.35625 0.0625 0.11875
1 0.228125 0.4328125 0.08958333333333333 0.146875
1 0.26458333333333334 0.3640625 0.08333333333333333 0.128125
2 0.5885416666666666 0.64375 0.12708333333333333 0.2
2 0.6875 0.4 0.09583333333333334 0.14375
2 0.565625 0.5078125 0.09791666666666667 0.146875
2 0.23645833333333333 0.2984375 0.052083333333333336 0.096875
1 0.275 0.265625 0.05 0.0875
2 0.6395833333333333 0.325 0.075 0.13125
1 0.05520833333333333 0.525 0.11041666666666666 0.1625
2 0.13020833333333334 0.4296875 0.09375 0.140625
2 0.7020833333333333 0.503125 0.1125 0.13125
2 0.625 0.2984375 0.07916666666666666 0.121875
2 0.540625 0.2515625 0.06041666666666667 0.096875
2 0.09895833333333333 0.6765625 0.16458333333333333 0.215625
2 0.31979166666666664 0.2921875 0.07291666666666667 0.115625
1 0.190625 0.5296875 0.12708333333333333 0.165625
2 0.346875 0.265625 0.052083333333333336 0.09375
