1 0.22916666666666666 0.3 0.075 0.1
1 0.059375 0.525 0.11875 0.18125
1 0.5385416666666667 0.2546875 0.07708333333333334 0.096875
2 0.12916666666666668 0.425 0.09583333333333334 0.14375
1 0.271875 0.3640625 0.08125 0.121875
1 0.27291666666666664 0.2640625 0.058333333333333334 0.096875
3 0.5625 0.4046875 0.09583333333333334 0.128125
1 0.6677083333333333 0.40625 0.09791666666666667 0.1375
1 0.22395833333333334 0.3875 0.09791666666666667 0.15625
2 0.6229166666666667 0.29375 0.075 0.125
1 0.5885416666666666 0.6796875 0.14791666666666667 0.221875
2 0.18125 0.5234375 0.09583333333333334 0.178125
2 0.16354166666666667 0.353125 0.06041666666666667 0.11875
1 0.084375 0.6875 0.16041666666666668 0.225
1 0.3177083333333333 0.2984375 0.06875 0.103125
2 0.6364583333333333 0.3234375 0.08125 0.128125
0 0.5885416666666666 0.678125 0.15208333333333332 0.21875
3 0.5583333333333333 0.50625 0.14166666666666666 0.1625
