1 0.3177083333333333 0.2984375 0.06458333333333334 0.103125
1 0.084375 0.6796875 0.16458333333333333 0.240625
5 0.5447916666666667 0.2234375 0.06875 0.140625
0 0.5875 0.6625 0.1875 0.18125
2 0.23229166666666667 0.29375 0.052083333333333336 0.1
1 0.2625 0.3671875 0.09166666666666666 0.128125
1 0.2760416666666667 0.2609375 0.06041666666666667 0.103125
2 0.178125 0.5140625 0.09791666666666667 0.165625
1 0.66875 0.403125 0.09583333333333334 0.1375
1 0.7125 0.5171875 0.12916666666666668 0.128125
2 0.5479166666666667 0.35 0.0625 0.10625
2 0.12395833333333334 0.421875 0.09375 0.14375
1 0.6260416666666667 0.3 0.08125 0.125
3 0.7364583333333333 0.6515625 0.12291666666666666 0.178125
2 0.16979166666666667 0.35 0.06875 0.125
1 0.06041666666666667 0.5234375 0.12083333333333333 0.178125
1 0.5677083333333334 0.5 0.14375 0.1625
