1 0.21875 0.4265625 0.08333333333333333 0.121875
5 0.5427083333333333 0.221875 0.06875 0.1375
1 0.26145833333333335 0.359375 0.08958333333333333 0.13125
2 0.16875 0.35 0.07083333333333333 0.125
2 0.23125 0.29375 0.05416666666666667 0.1
1 0.08333333333333333 0.68125 0.16666666666666666 0.2375
1 0.709375 0.5203125 0.12708333333333333 0.128125
3 0.5708333333333333 0.40625 0.0875 0.125
2 0.12395833333333334 0.421875 0.09375 0.14375
2 0.5427083333333333 0.2984375 0.05625 0.103125
1 0.6697916666666667 0.4046875 0.09375 0.140625
3 0.7385416666666667 0.653125 0.12291666666666666 0.18125
1 0.34270833333333334 0.2625 0.052083333333333336 0.09375
1 0.17916666666666667 0.528125 0.09583333333333334 0.175
1 0.31875 0.2984375 0.06666666666666667 0.103125
1 0.2760416666666667 0.2578125 0.06041666666666667 0.103125
0 0.5885416666666666 0.6625 0.18541666666666667 0.18125
1 0.565625 0.5015625 0.15208333333333332 0.159375
1 0.6395833333333333 0.33125 0.07916666666666666 0.11875
1 0.6302083333333334 0.2984375 0.08541666666666667 0.109375
2 0.06145833333333333 0.525 0.12291666666666666 0.175
