1 0.540625 0.2515625 0.07291666666666667 0.103125
2 0.06041666666666667 0.528125 0.11666666666666667 0.18125
1 0.275 0.2609375 0.05416666666666667 0.103125
1 0.603125 0.2640625 0.04791666666666667 0.090625
2 0.2635416666666667 0.365625 0.08958333333333333 0.125
2 0.12395833333333334 0.4234375 0.08958333333333333 0.146875
2 0.18125 0.5359375 0.09583333333333334 0.171875
3 0.7375 0.653125 0.12083333333333333 0.1875
2 0.32083333333333336 0.3015625 0.0625 0.096875
5 0.665625 0.3828125 0.08541666666666667 0.190625
1 0.6270833333333333 0.296875 0.07916666666666666 0.1125
1 0.084375 0.678125 0.16041666666666668 0.225
3 0.5739583333333333 0.4046875 0.08958333333333333 0.134375
2 0.17083333333333334 0.353125 0.07083333333333333 0.125
2 0.34375 0.265625 0.058333333333333334 0.1
1 0.5666666666666667 0.503125 0.14583333333333334 0.1625
2 0.2375 0.2921875 0.058333333333333334 0.103125
0 0.5916666666666667 0.6671875 0.17916666666666667 0.178125
1 0.21875 0.434375 0.0875 0.1125
0 0.7125 0.521875 0.12916666666666668 0.13125
