2 0.949375 0.5588888888888889 0.09625 0.25555555555555554
3 0.77 0.23666666666666666 0.065 0.12666666666666668
0 0.28625 0.40555555555555556 0.095 0.18
0 0.1025 0.5855555555555556 0.115 0.16666666666666666
0 0.36875 0.24666666666666667 0.0775 0.09777777777777778
0 0.37875 0.18222222222222223 0.0625 0.08
2 0.73625 0.17555555555555555 0.0525 0.09777777777777778
2 0.881875 0.4255555555555556 0.09125 0.16666666666666666
0 0.829375 0.3422222222222222 0.07125 0.10222222222222223
0 0.308125 0.1922222222222222 0.05625 0.07333333333333333
2 0.073125 0.41555555555555557 0.09625 0.17777777777777778
2 0.749375 0.7577777777777778 0.13375 0.27555555555555555
0 0.284375 0.22555555555555556 0.06125 0.11777777777777777
0 0.69125 0.23777777777777778 0.06 0.1111111111111111
0 0.13875 0.3288888888888889 0.075 0.12
0 0.22625 0.3322222222222222 0.0775 0.12222222222222222
0 0.82375 0.5955555555555555 0.1325 0.16
0 0.240625 0.5688888888888889 0.12625 0.2
0 0.65 0.4255555555555556 0.115 0.13555555555555557
2 0.905 0.32666666666666666 0.075 0.1288888888888889
1 0.811875 0.18333333333333332 0.05125 0.1
0 0.591875 0.18222222222222223 0.06875 0.09333333333333334
0 0.614375 0.24333333333333335 0.06375 0.1
0 0.17625 0.4311111111111111 0.105 0.16
0 0.45875 0.23555555555555555 0.0675 0.1288888888888889
0 0.631875 0.32555555555555554 0.08375 0.10888888888888888
0 0.21125 0.2288888888888889 0.0625 0.11555555555555555
1 0.8425 0.2388888888888889 0.06 0.1
0 0.720625 0.31777777777777777 0.08125 0.12444444444444444
2 0.42375 0.39555555555555555 0.0975 0.17777777777777778
0 0.666875 0.17777777777777778 0.06625 0.10222222222222223
0 0.771875 0.4222222222222222 0.10875 0.16444444444444445
0 0.330625 0.3333333333333333 0.07875 0.10222222222222223
1 0.241875 0.17555555555555555 0.04875 0.09333333333333334
0 0.9675 0.42333333333333334 0.0575 0.11777777777777777
