2 0.856875 0.42444444444444446 0.08625 0.14666666666666667
2 0.8975 0.79 0.13 0.20222222222222222
2 0.376875 0.5466666666666666 0.10875 0.20444444444444446
2 0.425 0.32 0.0625 0.1288888888888889
1 0.141875 0.32666666666666666 0.08125 0.1111111111111111
1 0.894375 0.31777777777777777 0.06375 0.1288888888888889
0 0.80625 0.18777777777777777 0.055 0.09555555555555556
2 0.379375 0.17 0.04875 0.10444444444444445
2 0.820625 0.5788888888888889 0.11875 0.2111111111111111
2 0.651875 0.17888888888888888 0.04875 0.1
2 0.773125 0.4177777777777778 0.08875 0.16444444444444445
2 0.695625 0.5644444444444444 0.12875 0.21333333333333335
1 0.631875 0.3022222222222222 0.07625 0.13333333333333333
2 0.253125 0.1811111111111111 0.04625 0.1
2 0.939375 0.5511111111111111 0.11125 0.2222222222222222
2 0.168125 0.7711111111111111 0.12125 0.2577777777777778
2 0.073125 0.5577777777777778 0.10625 0.1688888888888889
2 0.3925 0.39444444444444443 0.085 0.1622222222222222
2 0.243125 0.5588888888888889 0.13125 0.19777777777777777
2 0.58875 0.18222222222222223 0.065 0.10222222222222223
1 0.6825 0.24444444444444444 0.0525 0.10666666666666667
1 0.7125 0.31666666666666665 0.0875 0.14888888888888888
2 0.233125 0.31444444444444447 0.06375 0.14888888888888888
1 0.856875 0.24666666666666667 0.06375 0.10222222222222223
2 0.821875 0.31666666666666665 0.05875 0.11333333333333333
2 0.741875 0.17666666666666667 0.05625 0.1
1 0.65125 0.4022222222222222 0.11 0.16
1 0.165 0.4288888888888889 0.1125 0.16
2 0.29 0.38333333333333336 0.0925 0.18888888888888888
2 0.73875 0.76 0.1575 0.28888888888888886
1 0.769375 0.24222222222222223 0.06125 0.11555555555555555
2 0.968125 0.4166666666666667 0.06375 0.14888888888888888
2 0.290625 0.22333333333333333 0.05625 0.11333333333333333
2 0.33625 0.31555555555555553 0.07 0.12444444444444444
2 0.605625 0.2477777777777778 0.05375 0.10444444444444445
2 0.30875 0.17222222222222222 0.0475 0.11333333333333333
2 0.36625 0.22777777777777777 0.06 0.12222222222222222
2 0.445625 0.2311111111111111 0.07125 0.12
2 0.20625 0.23777777777777778 0.0625 0.1111111111111111
