0 0.808125 0.19111111111111112 0.05625 0.09777777777777778
2 0.25375 0.1811111111111111 0.045 0.1
1 0.63125 0.3055555555555556 0.085 0.14444444444444443
1 0.8975 0.3188888888888889 0.0725 0.13111111111111112
1 0.309375 0.17222222222222222 0.04875 0.10888888888888888
2 0.28875 0.22 0.0575 0.11555555555555555
0 0.85125 0.24444444444444444 0.075 0.10666666666666667
1 0.144375 0.33111111111111113 0.07625 0.1111111111111111
2 0.424375 0.32 0.05875 0.12
2 0.2425 0.5588888888888889 0.1325 0.20222222222222222
1 0.65125 0.4077777777777778 0.1125 0.16666666666666666
1 0.743125 0.17777777777777778 0.05125 0.10222222222222223
2 0.96875 0.4177777777777778 0.06 0.1511111111111111
2 0.695625 0.5655555555555556 0.13625 0.2111111111111111
2 0.73875 0.7611111111111111 0.165 0.2911111111111111
1 0.3925 0.39444444444444443 0.0825 0.1622222222222222
2 0.444375 0.23222222222222222 0.07125 0.12222222222222222
2 0.8975 0.7811111111111111 0.14 0.22
5 0.288125 0.3788888888888889 0.09375 0.18888888888888888
2 0.5875 0.1811111111111111 0.0625 0.10444444444444445
1 0.68375 0.24555555555555555 0.0475 0.11333333333333333
2 0.608125 0.24666666666666667 0.05875 0.11555555555555555
1 0.335 0.31777777777777777 0.0725 0.11555555555555555
2 0.168125 0.7677777777777778 0.12125 0.26
2 0.821875 0.58 0.11875 0.21333333333333335
2 0.21125 0.24222222222222223 0.0725 0.1111111111111111
2 0.650625 0.18 0.05125 0.10222222222222223
2 0.07375 0.5577777777777778 0.11 0.17777777777777778
2 0.773125 0.41888888888888887 0.09125 0.16666666666666666
2 0.369375 0.22777777777777777 0.05875 0.13111111111111112
2 0.23375 0.31444444444444447 0.0625 0.15333333333333332
2 0.94125 0.5522222222222222 0.1125 0.22
1 0.168125 0.4288888888888889 0.10875 0.1688888888888889
1 0.71375 0.31666666666666665 0.09 0.15333333333333332
2 0.824375 0.32222222222222224 0.05375 0.11555555555555555
2 0.854375 0.42444444444444446 0.09125 0.14666666666666667
1 0.769375 0.24666666666666667 0.06125 0.11555555555555555
2 0.38 0.17333333333333334 0.0475 0.10222222222222223
3 0.08 0.4 0.11 0.18222222222222223
2 0.37125 0.5577777777777778 0.13 0.21333333333333335
