2 0.1325 0.5133333333333333 0.07 0.18222222222222223
2 0.826875 0.41888888888888887 0.05375 0.13111111111111112
2 0.55375 0.2588888888888889 0.0375 0.07333333333333333
2 0.7425 0.43 0.0625 0.13555555555555557
2 0.6725 0.30666666666666664 0.04 0.08
2 0.2375 0.53 0.075 0.17555555555555555
2 0.289375 0.42 0.06375 0.14222222222222222
2 0.48375 0.2677777777777778 0.0375 0.06888888888888889
2 0.7125 0.2677777777777778 0.035 0.07777777777777778
2 0.7 0.3488888888888889 0.0525 0.11555555555555555
2 0.46625 0.3522222222222222 0.0525 0.10444444444444445
2 0.47625 0.4222222222222222 0.0625 0.13333333333333333
2 0.534375 0.29333333333333333 0.04125 0.09777777777777778
3 0.893125 0.5233333333333333 0.07625 0.17555555555555555
2 0.313125 0.26555555555555554 0.04125 0.07333333333333333
2 0.774375 0.35 0.04875 0.11777777777777777
2 0.355625 0.3022222222222222 0.04625 0.09333333333333334
2 0.539375 0.23222222222222222 0.03125 0.06888888888888889
2 0.250625 0.3566666666666667 0.04875 0.10444444444444445
2 0.46375 0.54 0.0875 0.2
2 0.324375 0.35444444444444445 0.05125 0.11333333333333333
2 0.4875 0.23 0.035 0.06888888888888889
5 0.563125 0.38555555555555554 0.07125 0.19777777777777777
2 0.803125 0.5355555555555556 0.08125 0.17333333333333334
2 0.365 0.26 0.0425 0.08444444444444445
2 0.478125 0.3088888888888889 0.04125 0.08
2 0.734375 0.29777777777777775 0.04625 0.1111111111111111
2 0.651875 0.2544444444444444 0.04375 0.09555555555555556
2 0.589375 0.5366666666666666 0.08625 0.19333333333333333
2 0.2825 0.3011111111111111 0.0425 0.08666666666666667
2 0.2075 0.41888888888888887 0.06 0.14
