2 0.775 0.3511111111111111 0.0475 0.11555555555555555
2 0.735625 0.2966666666666667 0.04625 0.11333333333333333
2 0.65125 0.25333333333333335 0.045 0.09333333333333334
2 0.8275 0.41888888888888887 0.0525 0.13555555555555557
3 0.89375 0.5266666666666666 0.075 0.1688888888888889
2 0.283125 0.3022222222222222 0.04125 0.08444444444444445
2 0.6725 0.30666666666666664 0.04 0.08
2 0.55375 0.2577777777777778 0.0375 0.07111111111111111
2 0.289375 0.42 0.06375 0.14222222222222222
2 0.48375 0.2677777777777778 0.0375 0.06888888888888889
2 0.7125 0.2677777777777778 0.035 0.07777777777777778
5 0.563125 0.3844444444444444 0.07125 0.2
2 0.539375 0.23222222222222222 0.03125 0.06888888888888889
2 0.534375 0.29444444444444445 0.04125 0.09555555555555556
2 0.236875 0.5288888888888889 0.07625 0.17777777777777778
2 0.7425 0.42777777777777776 0.0625 0.13555555555555557
2 0.324375 0.35444444444444445 0.05125 0.11333333333333333
2 0.59 0.5377777777777778 0.085 0.2
2 0.355 0.3022222222222222 0.0475 0.09333333333333334
2 0.4875 0.22777777777777777 0.0375 0.06888888888888889
2 0.7 0.35 0.0525 0.11777777777777777
2 0.1325 0.5111111111111111 0.07 0.18666666666666668
2 0.473125 0.4211111111111111 0.06375 0.13555555555555557
2 0.464375 0.54 0.08875 0.2
2 0.365625 0.2611111111111111 0.04125 0.08666666666666667
2 0.2075 0.42 0.06 0.14222222222222222
2 0.31375 0.26666666666666666 0.04 0.07111111111111111
2 0.478125 0.3088888888888889 0.04125 0.08
2 0.25125 0.35555555555555557 0.05 0.10222222222222223
2 0.4675 0.3511111111111111 0.0525 0.10222222222222223
2 0.803125 0.5366666666666666 0.08125 0.17555555555555555
