2 0.28375 0.3011111111111111 0.0425 0.08666666666666667
2 0.289375 0.4211111111111111 0.06375 0.14444444444444443
2 0.236875 0.53 0.07625 0.18
2 0.65125 0.25333333333333335 0.045 0.09333333333333334
2 0.46375 0.5411111111111111 0.0875 0.18888888888888888
2 0.7125 0.2677777777777778 0.035 0.07777777777777778
2 0.826875 0.4211111111111111 0.05375 0.13111111111111112
2 0.535 0.29444444444444445 0.0425 0.1
2 0.486875 0.23 0.03625 0.06888888888888889
2 0.476875 0.3088888888888889 0.04375 0.08
2 0.25125 0.3566666666666667 0.05 0.1
2 0.58875 0.5377777777777778 0.0875 0.19555555555555557
2 0.32375 0.35555555555555557 0.05 0.11555555555555555
2 0.551875 0.2577777777777778 0.03625 0.07111111111111111
2 0.355 0.3022222222222222 0.0475 0.09333333333333334
2 0.735625 0.29888888888888887 0.04625 0.11333333333333333
2 0.31375 0.26555555555555554 0.04 0.07333333333333333
2 0.134375 0.5133333333333333 0.06875 0.18666666666666668
2 0.67125 0.30666666666666664 0.04 0.08
2 0.483125 0.2688888888888889 0.03875 0.06666666666666667
2 0.47375 0.4211111111111111 0.065 0.13555555555555557
2 0.206875 0.4222222222222222 0.05875 0.13777777777777778
2 0.36625 0.2611111111111111 0.0425 0.08666666666666667
3 0.89375 0.5244444444444445 0.075 0.17333333333333334
2 0.803125 0.5366666666666666 0.08125 0.18
2 0.54 0.23333333333333334 0.0325 0.07111111111111111
2 0.775 0.3522222222222222 0.0475 0.11777777777777777
2 0.7 0.35 0.0525 0.11777777777777777
5 0.5625 0.38555555555555554 0.07 0.19777777777777777
2 0.741875 0.4288888888888889 0.06375 0.13777777777777778
2 0.4675 0.35333333333333333 0.0525 0.10222222222222223
