1 0.484375 0.2311111111111111 0.03625 0.07111111111111111
1 0.586875 0.5422222222222223 0.13125 0.19111111111111112
1 0.198125 0.42333333333333334 0.06625 0.14
1 0.666875 0.30777777777777776 0.05375 0.09111111111111111
1 0.310625 0.26666666666666666 0.04375 0.08888888888888889
1 0.7825 0.3522222222222222 0.0625 0.11777777777777777
1 0.285625 0.3088888888888889 0.05125 0.08888888888888889
1 0.561875 0.42444444444444446 0.07375 0.15555555555555556
1 0.535625 0.3 0.05875 0.1111111111111111
1 0.24875 0.36 0.0525 0.10222222222222223
1 0.651875 0.25666666666666665 0.05125 0.09555555555555556
1 0.73625 0.3 0.0575 0.11555555555555555
1 0.8925 0.5266666666666666 0.0825 0.17777777777777778
1 0.82625 0.42333333333333334 0.0675 0.14444444444444443
1 0.465625 0.35333333333333333 0.07125 0.11555555555555555
1 0.698125 0.3522222222222222 0.06375 0.12222222222222222
1 0.473125 0.4288888888888889 0.08875 0.13777777777777778
2 0.474375 0.43 0.08625 0.14
1 0.29125 0.42 0.0775 0.1511111111111111
1 0.47 0.3055555555555556 0.0525 0.08666666666666667
1 0.7375 0.43 0.08 0.14444444444444443
1 0.133125 0.5288888888888889 0.08625 0.16
1 0.543125 0.3655555555555556 0.06875 0.1
1 0.7975 0.5433333333333333 0.1 0.17555555555555555
1 0.46 0.5388888888888889 0.13 0.18888888888888888
1 0.231875 0.5322222222222223 0.09625 0.18
1 0.545 0.24666666666666667 0.06 0.09777777777777778
