1 0.560625 0.42333333333333334 0.07875 0.15333333333333332
1 0.798125 0.5444444444444444 0.10125 0.17333333333333334
1 0.24625 0.36 0.055 0.10222222222222223
1 0.484375 0.23333333333333334 0.03875 0.07555555555555556
1 0.73875 0.4288888888888889 0.08 0.14222222222222222
2 0.46625 0.35555555555555557 0.0725 0.11555555555555555
1 0.536875 0.3 0.06125 0.10666666666666667
1 0.3275 0.35777777777777775 0.0675 0.1111111111111111
1 0.735625 0.29888888888888887 0.05375 0.10444444444444445
1 0.234375 0.53 0.09125 0.18444444444444444
1 0.288125 0.4222222222222222 0.08125 0.14222222222222222
1 0.31375 0.2688888888888889 0.04 0.08888888888888889
1 0.354375 0.30666666666666664 0.05375 0.08888888888888889
1 0.651875 0.25666666666666665 0.05125 0.09555555555555556
1 0.460625 0.5377777777777778 0.12625 0.19111111111111112
1 0.285 0.3088888888888889 0.0475 0.08444444444444445
1 0.891875 0.5266666666666666 0.08125 0.17777777777777778
1 0.465625 0.35333333333333333 0.07125 0.11555555555555555
1 0.47125 0.4266666666666667 0.0925 0.14222222222222222
1 0.1325 0.5288888888888889 0.0875 0.16
1 0.541875 0.3622222222222222 0.06625 0.10222222222222223
1 0.200625 0.42444444444444446 0.07125 0.14222222222222222
1 0.3625 0.26555555555555554 0.045 0.08222222222222222
1 0.545 0.24444444444444444 0.0575 0.09333333333333334
1 0.780625 0.35333333333333333 0.06125 0.12
1 0.6975 0.3511111111111111 0.0625 0.12
1 0.48375 0.26555555555555554 0.04 0.07777777777777778
1 0.825 0.4255555555555556 0.065 0.13555555555555557
1 0.665625 0.31 0.05375 0.08666666666666667
1 0.5875 0.5411111111111111 0.1325 0.18444444444444444
