1 0.5425 0.3655555555555556 0.0675 0.10444444444444445
1 0.825 0.4288888888888889 0.065 0.13777777777777778
1 0.354375 0.30777777777777776 0.05875 0.09111111111111111
1 0.245625 0.35777777777777775 0.05625 0.10222222222222223
1 0.8925 0.5277777777777778 0.0875 0.17555555555555555
1 0.54625 0.24333333333333335 0.055 0.09555555555555556
1 0.288125 0.42333333333333334 0.08125 0.14444444444444443
1 0.736875 0.29888888888888887 0.05125 0.10444444444444445
1 0.5375 0.29888888888888887 0.0625 0.10888888888888888
1 0.651875 0.25555555555555554 0.05125 0.09777777777777778
1 0.56375 0.42333333333333334 0.075 0.14888888888888888
1 0.329375 0.35777777777777775 0.06625 0.10666666666666667
1 0.696875 0.3522222222222222 0.06375 0.12222222222222222
1 0.465625 0.35333333333333333 0.07375 0.11555555555555555
1 0.47 0.4288888888888889 0.0975 0.12444444444444444
1 0.781875 0.35444444444444445 0.06125 0.11777777777777777
1 0.585 0.5388888888888889 0.1325 0.18
1 0.73875 0.4288888888888889 0.0775 0.13777777777777778
1 0.13125 0.5344444444444445 0.0925 0.1622222222222222
1 0.364375 0.2633333333333333 0.04875 0.07777777777777778
1 0.1975 0.4222222222222222 0.0675 0.14222222222222222
1 0.796875 0.5444444444444444 0.09625 0.17333333333333334
1 0.283125 0.30777777777777776 0.04375 0.08666666666666667
1 0.23375 0.5288888888888889 0.0925 0.17777777777777778
1 0.48625 0.2311111111111111 0.035 0.07555555555555556
1 0.4725 0.3055555555555556 0.05 0.08666666666666667
1 0.46 0.5388888888888889 0.1275 0.19333333333333333
