1 0.2325 0.5322222222222223 0.095 0.18
1 0.325625 0.35888888888888887 0.07125 0.10444444444444445
1 0.464375 0.35333333333333333 0.07625 0.11555555555555555
1 0.7975 0.55 0.1 0.1711111111111111
1 0.1975 0.4222222222222222 0.065 0.14222222222222222
1 0.288125 0.42333333333333334 0.08125 0.14444444444444443
1 0.544375 0.36666666666666664 0.07125 0.10222222222222223
1 0.47 0.43 0.095 0.12222222222222222
1 0.459375 0.5433333333333333 0.13125 0.18888888888888888
1 0.894375 0.5244444444444445 0.08625 0.17333333333333334
1 0.651875 0.25666666666666665 0.04875 0.09555555555555556
1 0.35375 0.30666666666666664 0.0575 0.09333333333333334
1 0.82375 0.4288888888888889 0.0675 0.13777777777777778
1 0.313125 0.26666666666666666 0.04125 0.08444444444444445
1 0.486875 0.2311111111111111 0.03625 0.07111111111111111
1 0.54625 0.24222222222222223 0.0525 0.09333333333333334
1 0.365625 0.2644444444444444 0.04625 0.08
1 0.73625 0.3 0.0525 0.1111111111111111
1 0.5375 0.3 0.0625 0.10666666666666667
1 0.563125 0.42444444444444446 0.07375 0.14666666666666667
1 0.585 0.5388888888888889 0.135 0.18
1 0.740625 0.4288888888888889 0.08375 0.13777777777777778
1 0.283125 0.30777777777777776 0.04375 0.08666666666666667
1 0.246875 0.35444444444444445 0.05875 0.11333333333333333
1 0.780625 0.35333333333333333 0.06125 0.12
1 0.6975 0.35 0.06 0.12222222222222222
1 0.13125 0.5333333333333333 0.09 0.15555555555555556
