2 0.759375 0.36777777777777776 0.06375 0.14888888888888888
2 0.9275 0.5088888888888888 0.0875 0.14666666666666667
2 0.299375 0.3333333333333333 0.06625 0.14666666666666667
2 0.739375 0.29333333333333333 0.07375 0.12444444444444444
2 0.853125 0.38333333333333336 0.07125 0.12666666666666668
2 0.11625 0.8511111111111112 0.1275 0.21333333333333335
2 0.245625 0.43777777777777777 0.08125 0.17333333333333334
2 0.6025 0.61 0.115 0.20666666666666667
2 0.626875 0.8744444444444445 0.12625 0.22444444444444445
2 0.81625 0.3055555555555556 0.06 0.13555555555555557
2 0.47625 0.6055555555555555 0.1 0.19333333333333333
2 0.251875 0.25333333333333335 0.06125 0.1288888888888889
2 0.820625 0.4888888888888889 0.08375 0.15555555555555556
2 0.57 0.27444444444444444 0.075 0.12222222222222222
2 0.55875 0.3466666666666667 0.0625 0.14666666666666667
2 0.485 0.44555555555555554 0.0975 0.16666666666666666
2 0.485625 0.26666666666666666 0.07375 0.12444444444444444
5 0.073125 0.38222222222222224 0.10125 0.27555555555555555
2 0.596875 0.46111111111111114 0.08125 0.15333333333333332
2 0.470625 0.34 0.07875 0.1511111111111111
2 0.056875 0.5922222222222222 0.10375 0.19333333333333333
2 0.33625 0.2544444444444444 0.07 0.13111111111111112
5 0.475 0.85 0.125 0.2688888888888889
2 0.196875 0.59 0.11875 0.2111111111111111
2 0.8825 0.6522222222222223 0.1025 0.18
2 0.21125 0.3333333333333333 0.0625 0.13333333333333333
