1 0.28375 0.31 0.0425 0.08222222222222222
1 0.82375 0.43 0.0675 0.14
1 0.738125 0.4288888888888889 0.07875 0.13777777777777778
1 0.796875 0.5466666666666666 0.09875 0.1688888888888889
1 0.2875 0.4222222222222222 0.08 0.14222222222222222
1 0.780625 0.35444444444444445 0.06375 0.11777777777777777
1 0.365625 0.2633333333333333 0.04875 0.07777777777777778
1 0.73625 0.3022222222222222 0.055 0.10222222222222223
1 0.313125 0.27 0.04125 0.08666666666666667
1 0.46875 0.4311111111111111 0.0975 0.12444444444444444
1 0.473125 0.30777777777777776 0.05375 0.08222222222222222
1 0.544375 0.3611111111111111 0.07125 0.10888888888888888
1 0.355 0.3088888888888889 0.065 0.09333333333333334
1 0.65125 0.2577777777777778 0.0475 0.09777777777777778
1 0.89625 0.5266666666666666 0.0925 0.17777777777777778
1 0.696875 0.35444444444444445 0.06125 0.12222222222222222
1 0.200625 0.42 0.06875 0.13777777777777778
1 0.546875 0.2577777777777778 0.05375 0.08888888888888889
1 0.329375 0.35888888888888887 0.06625 0.11333333333333333
1 0.24875 0.3611111111111111 0.055 0.10444444444444445
1 0.136875 0.5366666666666666 0.08375 0.15333333333333332
1 0.561875 0.42444444444444446 0.07375 0.1511111111111111
1 0.231875 0.53 0.09125 0.18
1 0.485625 0.23 0.03625 0.06888888888888889
1 0.58375 0.5355555555555556 0.1325 0.18666666666666668
1 0.536875 0.30444444444444446 0.06125 0.09333333333333334
1 0.45875 0.5377777777777778 0.1225 0.18222222222222223
1 0.468125 0.35333333333333333 0.06625 0.1111111111111111
1 0.485 0.27111111111111114 0.0425 0.07111111111111111
