1 0.736875 0.29888888888888887 0.05125 0.1
1 0.230625 0.5322222222222223 0.09625 0.18
1 0.353125 0.31 0.06375 0.09555555555555556
1 0.781875 0.35333333333333333 0.06625 0.12
1 0.46875 0.3522222222222222 0.065 0.10888888888888888
1 0.5375 0.30444444444444446 0.0625 0.09333333333333334
1 0.485625 0.2311111111111111 0.03625 0.07111111111111111
1 0.33 0.3566666666666667 0.065 0.10888888888888888
1 0.563125 0.42333333333333334 0.07375 0.14888888888888888
1 0.45875 0.5377777777777778 0.125 0.18666666666666668
1 0.47 0.4288888888888889 0.095 0.12444444444444444
1 0.698125 0.35555555555555557 0.06125 0.1288888888888889
1 0.36625 0.2633333333333333 0.0475 0.07333333333333333
1 0.738125 0.4288888888888889 0.07875 0.14222222222222222
1 0.485 0.27 0.0425 0.07333333333333333
1 0.28375 0.31 0.045 0.07777777777777778
1 0.20125 0.4211111111111111 0.07 0.13555555555555557
1 0.825 0.43222222222222223 0.0675 0.14
1 0.135625 0.5377777777777778 0.08625 0.15555555555555556
1 0.545 0.24222222222222223 0.0525 0.09333333333333334
1 0.24875 0.3611111111111111 0.055 0.10444444444444445
1 0.47375 0.3088888888888889 0.0525 0.08444444444444445
1 0.54375 0.3622222222222222 0.0725 0.10666666666666667
1 0.79625 0.5455555555555556 0.0975 0.1711111111111111
1 0.58375 0.5355555555555556 0.1325 0.18666666666666668
1 0.650625 0.2577777777777778 0.04625 0.10222222222222223
1 0.71375 0.27666666666666667 0.0425 0.09111111111111111
1 0.89375 0.5288888888888889 0.09 0.18222222222222223
1 0.2875 0.4211111111111111 0.0825 0.14444444444444443
1 0.3125 0.2677777777777778 0.04 0.08222222222222222
