1 0.736875 0.29888888888888887 0.05125 0.1
1 0.738125 0.4288888888888889 0.07875 0.13777777777777778
1 0.484375 0.2311111111111111 0.03625 0.07111111111111111
1 0.665625 0.30777777777777776 0.05625 0.09111111111111111
1 0.249375 0.3611111111111111 0.05375 0.10444444444444445
1 0.54375 0.36444444444444446 0.0725 0.10222222222222223
1 0.899375 0.5311111111111111 0.09875 0.18222222222222223
1 0.28875 0.4222222222222222 0.08 0.14222222222222222
1 0.458125 0.54 0.12625 0.18666666666666668
1 0.465625 0.35333333333333333 0.06875 0.10666666666666667
1 0.53625 0.30333333333333334 0.0575 0.09111111111111111
1 0.56375 0.42333333333333334 0.075 0.14888888888888888
1 0.715625 0.2733333333333333 0.04375 0.08444444444444445
1 0.483125 0.2688888888888889 0.04375 0.07111111111111111
1 0.366875 0.26555555555555554 0.04625 0.07333333333333333
1 0.355 0.30777777777777776 0.06 0.1
1 0.545625 0.25222222222222224 0.05625 0.1
1 0.585625 0.5411111111111111 0.12625 0.16666666666666666
1 0.4725 0.30777777777777776 0.055 0.08222222222222222
1 0.233125 0.5322222222222223 0.09625 0.18444444444444444
1 0.698125 0.35444444444444445 0.06125 0.12222222222222222
1 0.825 0.43222222222222223 0.0675 0.14
1 0.779375 0.3522222222222222 0.06125 0.12222222222222222
1 0.796875 0.5455555555555556 0.09875 0.17555555555555555
1 0.2025 0.42777777777777776 0.0725 0.12666666666666668
1 0.46875 0.4311111111111111 0.0975 0.13333333333333333
1 0.3125 0.27 0.0425 0.08222222222222222
1 0.329375 0.3566666666666667 0.06625 0.10888888888888888
1 0.284375 0.30666666666666664 0.04875 0.08888888888888889
1 0.653125 0.2577777777777778 0.05125 0.09777777777777778
1 0.13375 0.5366666666666666 0.085 0.1622222222222222
