1 0.201875 0.4177777777777778 0.06125 0.13777777777777778
1 0.585 0.5277777777777778 0.09 0.20222222222222222
1 0.130625 0.5377777777777778 0.08875 0.16444444444444445
1 0.6975 0.35333333333333333 0.0625 0.1288888888888889
1 0.54125 0.23666666666666666 0.0375 0.06888888888888889
1 0.77875 0.3511111111111111 0.06 0.12
1 0.7975 0.5488888888888889 0.1075 0.1511111111111111
1 0.46625 0.5433333333333333 0.1175 0.17555555555555555
1 0.545 0.3622222222222222 0.0575 0.09777777777777778
1 0.4675 0.43 0.085 0.13555555555555557
1 0.4875 0.2311111111111111 0.0325 0.06222222222222222
1 0.285 0.30777777777777776 0.0425 0.09111111111111111
2 0.89375 0.5244444444444445 0.07 0.17333333333333334
1 0.561875 0.4255555555555556 0.06875 0.14444444444444443
1 0.540625 0.3088888888888889 0.06125 0.09777777777777778
1 0.251875 0.36333333333333334 0.04875 0.10888888888888888
1 0.74125 0.43 0.0825 0.13555555555555557
1 0.29 0.4255555555555556 0.075 0.14444444444444443
1 0.485 0.2688888888888889 0.045 0.07111111111111111
1 0.234375 0.5266666666666666 0.09625 0.1688888888888889
1 0.820625 0.42333333333333334 0.06625 0.13555555555555557
1 0.468125 0.35333333333333333 0.07125 0.12
1 0.54875 0.2677777777777778 0.0525 0.07333333333333333
