1 0.4775 0.4255555555555556 0.075 0.13111111111111112
2 0.591875 0.5444444444444444 0.10375 0.18666666666666668
1 0.738125 0.4255555555555556 0.07375 0.13555555555555557
1 0.46625 0.5411111111111111 0.12 0.19777777777777777
1 0.4725 0.31 0.055 0.09555555555555556
2 0.894375 0.5244444444444445 0.06625 0.1688888888888889
1 0.13375 0.5355555555555556 0.08 0.15555555555555556
1 0.311875 0.27111111111111114 0.04125 0.08444444444444445
2 0.255625 0.36 0.04625 0.09777777777777778
1 0.556875 0.4211111111111111 0.06625 0.14
6 0.6975 0.28555555555555556 0.125 0.10888888888888888
1 0.55 0.3622222222222222 0.0625 0.10222222222222223
2 0.47 0.35 0.055 0.10444444444444445
1 0.203125 0.42 0.07125 0.14222222222222222
2 0.280625 0.3011111111111111 0.04375 0.08666666666666667
1 0.775625 0.3477777777777778 0.05375 0.12222222222222222
1 0.796875 0.5344444444444445 0.10875 0.16666666666666666
1 0.821875 0.4255555555555556 0.07625 0.14444444444444443
1 0.538125 0.3055555555555556 0.05625 0.09555555555555556
1 0.485625 0.2722222222222222 0.04625 0.06888888888888889
1 0.35375 0.3022222222222222 0.06 0.10222222222222223
1 0.54 0.23222222222222222 0.0375 0.06888888888888889
1 0.55125 0.2677777777777778 0.0525 0.07777777777777778
1 0.699375 0.3522222222222222 0.06375 0.12222222222222222
1 0.220625 0.5188888888888888 0.07625 0.17555555555555555
2 0.4775 0.4266666666666667 0.0725 0.1288888888888889
1 0.485625 0.23 0.03125 0.06444444444444444
