2 0.698125 0.35 0.05375 0.10888888888888888
2 0.5875 0.5388888888888889 0.0925 0.19777777777777777
2 0.353125 0.3055555555555556 0.04625 0.08666666666666667
2 0.204375 0.42 0.05875 0.13777777777777778
2 0.73 0.2922222222222222 0.055 0.11777777777777777
2 0.82 0.41555555555555557 0.055 0.14222222222222222
2 0.13875 0.5133333333333333 0.0775 0.19111111111111112
2 0.5475 0.36 0.0525 0.09777777777777778
2 0.25375 0.3511111111111111 0.0525 0.10222222222222223
2 0.545 0.24 0.0375 0.08444444444444445
2 0.464375 0.5388888888888889 0.08625 0.18444444444444444
2 0.28375 0.3022222222222222 0.0425 0.08888888888888889
2 0.670625 0.3055555555555556 0.04125 0.08222222222222222
2 0.565625 0.4211111111111111 0.06875 0.14
2 0.774375 0.3477777777777778 0.04875 0.11333333333333333
2 0.475625 0.4311111111111111 0.06375 0.12
2 0.365625 0.26555555555555554 0.03875 0.07777777777777778
2 0.7975 0.5344444444444445 0.09 0.16666666666666666
2 0.48625 0.26555555555555554 0.0325 0.06888888888888889
5 0.46375 0.32 0.0675 0.17333333333333334
2 0.285625 0.42444444444444446 0.06375 0.14222222222222222
2 0.535625 0.29333333333333333 0.04625 0.10222222222222223
2 0.236875 0.5277777777777778 0.07625 0.1711111111111111
2 0.8925 0.5233333333333333 0.0725 0.17555555555555555
2 0.740625 0.42777777777777776 0.06375 0.13111111111111112
2 0.325625 0.35888888888888887 0.05125 0.10444444444444445
2 0.486875 0.23 0.03375 0.06888888888888889
2 0.314375 0.2677777777777778 0.04125 0.07777777777777778
2 0.651875 0.25555555555555554 0.04375 0.09333333333333334
