2 0.8 0.5411111111111111 0.09 0.16666666666666666
2 0.741875 0.42777777777777776 0.06375 0.13111111111111112
2 0.48625 0.26666666666666666 0.0325 0.07111111111111111
2 0.315 0.2677777777777778 0.0425 0.07333333333333333
2 0.589375 0.5388888888888889 0.09125 0.19777777777777777
2 0.3525 0.30666666666666664 0.045 0.08444444444444445
2 0.699375 0.35 0.05625 0.11333333333333333
2 0.71375 0.27111111111111114 0.035 0.07555555555555556
2 0.893125 0.5211111111111111 0.07125 0.1711111111111111
2 0.47625 0.43 0.0625 0.11777777777777777
2 0.775 0.3477777777777778 0.05 0.11333333333333333
2 0.54375 0.23555555555555555 0.0375 0.07555555555555556
2 0.67 0.3055555555555556 0.0425 0.08222222222222222
2 0.4675 0.5377777777777778 0.09 0.18666666666666668
2 0.1375 0.5133333333333333 0.075 0.18666666666666668
2 0.236875 0.5277777777777778 0.07625 0.17555555555555555
2 0.5475 0.36 0.055 0.09777777777777778
2 0.284375 0.3011111111111111 0.04125 0.08666666666666667
2 0.28625 0.42444444444444446 0.0625 0.14222222222222222
2 0.53625 0.2922222222222222 0.045 0.10444444444444445
5 0.46375 0.32222222222222224 0.065 0.17333333333333334
2 0.735 0.29555555555555557 0.045 0.1111111111111111
2 0.205625 0.42 0.05875 0.14222222222222222
2 0.820625 0.4177777777777778 0.05625 0.14222222222222222
2 0.2525 0.3511111111111111 0.0525 0.10222222222222223
2 0.486875 0.23 0.03375 0.06888888888888889
2 0.325 0.35888888888888887 0.0525 0.10888888888888888
2 0.365625 0.2644444444444444 0.03875 0.08
2 0.565625 0.4222222222222222 0.07125 0.13777777777777778
2 0.6525 0.25555555555555554 0.045 0.09333333333333334
