2 0.799375 0.5411111111111111 0.09125 0.16666666666666666
2 0.136875 0.5155555555555555 0.07625 0.18666666666666668
2 0.53625 0.29555555555555557 0.0475 0.10222222222222223
2 0.58875 0.5433333333333333 0.0925 0.19333333333333333
2 0.775625 0.3488888888888889 0.05125 0.11555555555555555
2 0.7 0.3488888888888889 0.0525 0.11555555555555555
2 0.485625 0.2677777777777778 0.03875 0.07333333333333333
2 0.465625 0.34 0.07625 0.13333333333333333
2 0.544375 0.36 0.04875 0.09777777777777778
2 0.286875 0.4255555555555556 0.06375 0.14
2 0.893125 0.5244444444444445 0.06875 0.17333333333333334
2 0.56625 0.4211111111111111 0.0725 0.14444444444444443
2 0.353125 0.30777777777777776 0.04375 0.08666666666666667
2 0.485 0.2311111111111111 0.04 0.07111111111111111
2 0.670625 0.3055555555555556 0.04125 0.08222222222222222
2 0.734375 0.2966666666666667 0.04625 0.11333333333333333
2 0.82 0.42333333333333334 0.055 0.13111111111111112
2 0.204375 0.4222222222222222 0.06125 0.13777777777777778
2 0.366875 0.2644444444444444 0.04625 0.07555555555555556
2 0.47625 0.43222222222222223 0.065 0.12222222222222222
2 0.544375 0.23555555555555555 0.03875 0.07555555555555556
2 0.2525 0.35555555555555557 0.0525 0.09777777777777778
2 0.31375 0.27 0.0425 0.07333333333333333
2 0.715 0.2677777777777778 0.035 0.07777777777777778
2 0.740625 0.42777777777777776 0.06375 0.13111111111111112
2 0.2825 0.30333333333333334 0.045 0.08666666666666667
2 0.325 0.35888888888888887 0.0525 0.10888888888888888
2 0.238125 0.5277777777777778 0.07625 0.1711111111111111
2 0.46625 0.54 0.09 0.18666666666666668
2 0.651875 0.25555555555555554 0.04375 0.09333333333333334
