2 0.798125 0.5422222222222223 0.08875 0.16
2 0.590625 0.5355555555555556 0.08875 0.19555555555555557
2 0.535625 0.29777777777777775 0.04875 0.10222222222222223
2 0.2075 0.42333333333333334 0.0575 0.14
2 0.46625 0.5377777777777778 0.085 0.18222222222222223
2 0.328125 0.35777777777777775 0.05125 0.10666666666666667
4 0.364375 0.26 0.05375 0.08444444444444445
2 0.47375 0.42333333333333334 0.0675 0.13555555555555557
2 0.5675 0.42 0.0675 0.13777777777777778
2 0.77625 0.3488888888888889 0.0525 0.1111111111111111
3 0.470625 0.3522222222222222 0.06125 0.11777777777777777
2 0.541875 0.23555555555555555 0.03625 0.07111111111111111
2 0.7425 0.42777777777777776 0.06 0.13111111111111112
1 0.5525 0.3611111111111111 0.055 0.10888888888888888
2 0.894375 0.5255555555555556 0.06875 0.16666666666666666
2 0.29375 0.42333333333333334 0.0575 0.14
2 0.554375 0.26555555555555554 0.03625 0.07333333333333333
3 0.4825 0.2633333333333333 0.0425 0.07333333333333333
2 0.733125 0.29555555555555557 0.04875 0.1111111111111111
2 0.820625 0.42444444444444446 0.05625 0.13333333333333333
2 0.3525 0.30777777777777776 0.05 0.08666666666666667
2 0.2625 0.3511111111111111 0.055 0.10222222222222223
2 0.240625 0.5244444444444445 0.07625 0.1688888888888889
2 0.31625 0.26 0.0425 0.08444444444444445
2 0.14125 0.5133333333333333 0.075 0.17777777777777778
2 0.714375 0.27111111111111114 0.03625 0.08
2 0.660625 0.30444444444444446 0.04125 0.08444444444444445
2 0.28625 0.3011111111111111 0.04 0.09111111111111111
2 0.698125 0.3511111111111111 0.05625 0.1111111111111111
