3 0.47625 0.8555555555555555 0.13 0.27555555555555555
2 0.741875 0.29333333333333333 0.07625 0.12444444444444444
2 0.921875 0.5 0.08625 0.15555555555555556
2 0.765625 0.37777777777777777 0.06375 0.12444444444444444
2 0.208125 0.33555555555555555 0.06125 0.1288888888888889
2 0.57 0.2777777777777778 0.0675 0.12444444444444444
2 0.88375 0.65 0.0975 0.18
2 0.251875 0.44222222222222224 0.08125 0.17777777777777778
2 0.47125 0.33666666666666667 0.08 0.14888888888888888
5 0.09 0.4033333333333333 0.09 0.21555555555555556
2 0.336875 0.25555555555555554 0.07125 0.1288888888888889
2 0.29875 0.3322222222222222 0.0675 0.14888888888888888
2 0.485625 0.45 0.09625 0.1622222222222222
2 0.62875 0.8722222222222222 0.1375 0.23333333333333334
2 0.489375 0.2688888888888889 0.06875 0.1288888888888889
3 0.06625 0.5888888888888889 0.1125 0.20444444444444446
3 0.198125 0.5988888888888889 0.11625 0.19777777777777777
2 0.54875 0.3477777777777778 0.065 0.14
2 0.479375 0.6066666666666667 0.09625 0.19555555555555557
2 0.605 0.61 0.115 0.20666666666666667
2 0.855625 0.37777777777777777 0.06625 0.12444444444444444
2 0.815625 0.3022222222222222 0.05875 0.13333333333333333
2 0.114375 0.8455555555555555 0.12875 0.22444444444444445
2 0.818125 0.4866666666666667 0.08875 0.16
2 0.246875 0.25333333333333335 0.06375 0.12444444444444444
2 0.5925 0.4577777777777778 0.08 0.1511111111111111
