1 0.7375 0.31 0.0525 0.10888888888888888
1 0.69625 0.3566666666666667 0.0625 0.12222222222222222
1 0.540625 0.36444444444444446 0.06125 0.08888888888888889
1 0.578125 0.43444444444444447 0.07375 0.14888888888888888
1 0.776875 0.35888888888888887 0.06125 0.12222222222222222
1 0.73875 0.4388888888888889 0.0775 0.12666666666666668
0 0.245625 0.3622222222222222 0.06125 0.08888888888888889
1 0.825625 0.42777777777777776 0.06375 0.14
1 0.483125 0.2722222222222222 0.04125 0.07333333333333333
0 0.593125 0.5688888888888889 0.14125 0.15555555555555556
1 0.475625 0.3188888888888889 0.04875 0.07777777777777778
0 0.65625 0.27111111111111114 0.055 0.07555555555555556
1 0.469375 0.43666666666666665 0.10125 0.11777777777777777
1 0.23 0.5322222222222223 0.1 0.18444444444444444
1 0.31375 0.27444444444444444 0.0475 0.08222222222222222
0 0.280625 0.31444444444444447 0.05375 0.08222222222222222
1 0.54375 0.3088888888888889 0.06 0.10222222222222223
0 0.13125 0.5411111111111111 0.0925 0.1622222222222222
0 0.460625 0.5622222222222222 0.12125 0.21777777777777776
1 0.791875 0.5488888888888889 0.11125 0.17333333333333334
0 0.32625 0.3611111111111111 0.08 0.11333333333333333
0 0.355 0.31333333333333335 0.06 0.08444444444444445
2 0.368125 0.2611111111111111 0.04125 0.09111111111111111
0 0.291875 0.43555555555555553 0.08625 0.13333333333333333
2 0.489375 0.23444444444444446 0.03125 0.06888888888888889
1 0.7125 0.2788888888888889 0.0425 0.08666666666666667
0 0.19875 0.43444444444444447 0.0725 0.12222222222222222
1 0.464375 0.36666666666666664 0.08125 0.10222222222222223
