1 0.6675 0.31 0.05 0.07777777777777778
2 0.47 0.5477777777777778 0.095 0.17555555555555555
1 0.823125 0.4311111111111111 0.06375 0.13777777777777778
0 0.25375 0.36444444444444446 0.0675 0.08444444444444445
1 0.484375 0.27111111111111114 0.04625 0.06222222222222222
1 0.313125 0.27 0.03875 0.07777777777777778
1 0.548125 0.2688888888888889 0.05375 0.07555555555555556
1 0.2825 0.30333333333333334 0.045 0.09555555555555556
1 0.469375 0.43222222222222223 0.09875 0.11333333333333333
1 0.2 0.42333333333333334 0.065 0.12222222222222222
1 0.2475 0.5388888888888889 0.09 0.18
1 0.695625 0.35888888888888887 0.06625 0.11777777777777777
1 0.720625 0.2722222222222222 0.04625 0.08666666666666667
0 0.32875 0.36 0.065 0.10666666666666667
0 0.348125 0.31333333333333335 0.06125 0.08444444444444445
1 0.5425 0.3655555555555556 0.05 0.09111111111111111
1 0.55875 0.4255555555555556 0.0675 0.14
0 0.283125 0.43555555555555553 0.07875 0.1288888888888889
1 0.466875 0.35777777777777775 0.08125 0.10666666666666667
2 0.5575 0.42777777777777776 0.0625 0.14
2 0.590625 0.5411111111111111 0.09125 0.18888888888888888
1 0.79125 0.54 0.095 0.16444444444444445
3 0.3675 0.26555555555555554 0.045 0.08666666666666667
0 0.904375 0.5566666666666666 0.08375 0.10888888888888888
1 0.1425 0.5233333333333333 0.0825 0.15777777777777777
1 0.536875 0.23666666666666666 0.03875 0.06444444444444444
1 0.741875 0.31 0.04875 0.08666666666666667
1 0.5375 0.3055555555555556 0.0675 0.08666666666666667
1 0.778125 0.35555555555555557 0.05375 0.1111111111111111
0 0.655625 0.26666666666666666 0.05125 0.08
1 0.47125 0.30777777777777776 0.055 0.08222222222222222
1 0.7375 0.43222222222222223 0.07 0.13555555555555557
