1 0.710625 0.2777777777777778 0.03625 0.07111111111111111
1 0.73875 0.43666666666666665 0.0725 0.13111111111111112
2 0.315 0.27111111111111114 0.0375 0.07555555555555556
0 0.3325 0.35888888888888887 0.0725 0.10444444444444445
2 0.556875 0.4311111111111111 0.06375 0.1288888888888889
2 0.739375 0.30777777777777776 0.05125 0.09111111111111111
0 0.201875 0.42777777777777776 0.07375 0.13555555555555557
0 0.28125 0.44222222222222224 0.085 0.12
1 0.535625 0.31 0.06625 0.08666666666666667
0 0.90375 0.5555555555555556 0.085 0.11555555555555555
0 0.144375 0.5155555555555555 0.11125 0.19111111111111112
1 0.485 0.2688888888888889 0.045 0.06666666666666667
0 0.255 0.36666666666666664 0.07 0.08888888888888889
0 0.35125 0.31222222222222223 0.06 0.09111111111111111
1 0.470625 0.43222222222222223 0.07375 0.13111111111111112
1 0.473125 0.3111111111111111 0.04875 0.08444444444444445
0 0.654375 0.2688888888888889 0.04875 0.07555555555555556
1 0.780625 0.3566666666666667 0.05625 0.11333333333333333
1 0.824375 0.43444444444444447 0.06125 0.14
2 0.3675 0.26 0.045 0.08444444444444445
1 0.781875 0.5333333333333333 0.07375 0.17777777777777778
2 0.590625 0.5411111111111111 0.09125 0.18888888888888888
0 0.69625 0.36333333333333334 0.0675 0.12222222222222222
0 0.535625 0.2388888888888889 0.04125 0.06444444444444444
2 0.4725 0.55 0.085 0.18
0 0.54875 0.2677777777777778 0.05 0.07333333333333333
1 0.24875 0.5411111111111111 0.0875 0.18
0 0.28875 0.31333333333333335 0.0525 0.08
1 0.46 0.3566666666666667 0.07 0.12222222222222222
