1 0.20875 0.4211111111111111 0.06 0.12666666666666668
2 0.739375 0.4288888888888889 0.06375 0.13333333333333333
1 0.13125 0.5122222222222222 0.09 0.18888888888888888
1 0.2875 0.42333333333333334 0.0725 0.15777777777777777
1 0.355625 0.3088888888888889 0.05625 0.09333333333333334
2 0.47 0.4222222222222222 0.07 0.13333333333333333
2 0.58375 0.54 0.1075 0.19111111111111112
1 0.2525 0.3477777777777778 0.0575 0.10444444444444445
1 0.27875 0.3055555555555556 0.045 0.09111111111111111
0 0.658125 0.2644444444444444 0.05375 0.08
5 0.563125 0.38555555555555554 0.07375 0.19333333333333333
1 0.32875 0.3566666666666667 0.055 0.1
2 0.47 0.35444444444444445 0.0625 0.1
1 0.53875 0.2311111111111111 0.035 0.06666666666666667
1 0.4725 0.30666666666666664 0.055 0.08444444444444445
1 0.48375 0.27111111111111114 0.0425 0.06222222222222222
1 0.726875 0.3 0.06375 0.11555555555555555
2 0.484375 0.23666666666666666 0.04625 0.07333333333333333
2 0.726875 0.3 0.06375 0.11555555555555555
2 0.30875 0.2633333333333333 0.0475 0.09111111111111111
1 0.2375 0.5266666666666666 0.0775 0.17333333333333334
2 0.7775 0.35 0.0525 0.10888888888888888
2 0.82375 0.43333333333333335 0.065 0.13333333333333333
2 0.535625 0.29555555555555557 0.04625 0.09777777777777778
2 0.46375 0.5433333333333333 0.0975 0.18888888888888888
1 0.694375 0.35444444444444445 0.06125 0.11777777777777777
2 0.3675 0.2588888888888889 0.0475 0.08222222222222222
2 0.89875 0.5255555555555556 0.065 0.15777777777777777
