2 0.328125 0.36333333333333334 0.06625 0.10444444444444445
2 0.48375 0.23555555555555555 0.045 0.07111111111111111
2 0.775625 0.3477777777777778 0.05375 0.10888888888888888
1 0.475625 0.3055555555555556 0.06125 0.08222222222222222
1 0.69625 0.3522222222222222 0.0625 0.11777777777777777
2 0.899375 0.5277777777777778 0.07125 0.1622222222222222
2 0.53125 0.3055555555555556 0.06 0.09555555555555556
1 0.214375 0.42444444444444446 0.06125 0.14222222222222222
1 0.14375 0.5088888888888888 0.0825 0.19111111111111112
0 0.666875 0.31666666666666665 0.04875 0.06888888888888889
2 0.25125 0.35333333333333333 0.0475 0.09333333333333334
2 0.474375 0.4222222222222222 0.06375 0.13333333333333333
2 0.734375 0.29888888888888887 0.04625 0.10888888888888888
2 0.738125 0.42777777777777776 0.06375 0.14
2 0.586875 0.5366666666666666 0.11125 0.19777777777777777
2 0.36625 0.26222222222222225 0.0425 0.08
5 0.565 0.4077777777777778 0.08 0.22
2 0.283125 0.31222222222222223 0.04375 0.08666666666666667
2 0.471875 0.35444444444444445 0.06125 0.1
2 0.236875 0.5244444444444445 0.07875 0.1688888888888889
1 0.29 0.43 0.08 0.16666666666666666
2 0.310625 0.26555555555555554 0.04375 0.09111111111111111
1 0.358125 0.31222222222222223 0.06125 0.09111111111111111
2 0.464375 0.54 0.10125 0.18666666666666668
0 0.658125 0.26555555555555554 0.05125 0.08222222222222222
2 0.821875 0.43222222222222223 0.06625 0.14444444444444443
