1 0.81625 0.4222222222222222 0.06 0.13777777777777778
1 0.739375 0.4288888888888889 0.07375 0.13777777777777778
1 0.55375 0.4255555555555556 0.075 0.13111111111111112
1 0.5875 0.5477777777777778 0.1325 0.1622222222222222
1 0.23625 0.5344444444444445 0.1 0.18
1 0.246875 0.3622222222222222 0.05375 0.10222222222222223
2 0.48375 0.23444444444444446 0.0425 0.07333333333333333
1 0.89625 0.54 0.0775 0.13777777777777778
1 0.774375 0.35555555555555557 0.05375 0.1111111111111111
1 0.2925 0.42333333333333334 0.08 0.14888888888888888
1 0.54875 0.3622222222222222 0.06 0.08888888888888889
1 0.355625 0.30777777777777776 0.05625 0.09111111111111111
2 0.470625 0.35555555555555557 0.06375 0.10222222222222223
1 0.129375 0.5355555555555556 0.09625 0.1511111111111111
1 0.55 0.26666666666666666 0.0525 0.07555555555555556
1 0.539375 0.23 0.03625 0.06888888888888889
1 0.313125 0.27444444444444444 0.04375 0.07777777777777778
1 0.474375 0.30777777777777776 0.05625 0.08222222222222222
1 0.28375 0.3111111111111111 0.0475 0.08
0 0.798125 0.5644444444444444 0.11125 0.15555555555555556
1 0.198125 0.4266666666666667 0.07125 0.1288888888888889
2 0.481875 0.2677777777777778 0.04125 0.06888888888888889
1 0.36375 0.2677777777777778 0.045 0.06888888888888889
1 0.536875 0.3088888888888889 0.05125 0.08
1 0.720625 0.2733333333333333 0.04125 0.08
1 0.739375 0.31222222222222223 0.04625 0.07333333333333333
1 0.655625 0.26 0.05125 0.09777777777777778
1 0.6975 0.35777777777777775 0.06 0.1111111111111111
1 0.461875 0.5511111111111111 0.11875 0.17777777777777778
1 0.465 0.43444444444444447 0.0925 0.12666666666666668
