1 0.284375 0.31 0.04625 0.08222222222222222
1 0.73875 0.31555555555555553 0.0525 0.06666666666666667
1 0.48375 0.2688888888888889 0.0425 0.06666666666666667
1 0.246875 0.35777777777777775 0.05125 0.09777777777777778
0 0.795625 0.5666666666666667 0.11625 0.14666666666666667
1 0.461875 0.5533333333333333 0.12125 0.18222222222222223
1 0.738125 0.4288888888888889 0.07375 0.13777777777777778
1 0.775625 0.35333333333333333 0.05625 0.1111111111111111
1 0.47375 0.31 0.0575 0.07777777777777778
1 0.12875 0.5344444444444445 0.095 0.15333333333333332
1 0.65625 0.25555555555555554 0.05 0.09333333333333334
1 0.539375 0.2311111111111111 0.03875 0.06666666666666667
1 0.353125 0.3055555555555556 0.06125 0.09555555555555556
2 0.484375 0.23333333333333334 0.04125 0.07111111111111111
1 0.56 0.43 0.075 0.12666666666666668
1 0.3175 0.27111111111111114 0.0475 0.07555555555555556
1 0.23625 0.5333333333333333 0.0975 0.17777777777777778
1 0.475 0.43555555555555553 0.08 0.13333333333333333
1 0.29125 0.4266666666666667 0.0825 0.14666666666666667
2 0.470625 0.3488888888888889 0.06375 0.11555555555555555
1 0.20375 0.4255555555555556 0.065 0.12666666666666668
1 0.5875 0.5444444444444444 0.1325 0.1688888888888889
1 0.36625 0.2733333333333333 0.04 0.06222222222222222
1 0.901875 0.5422222222222223 0.06875 0.14666666666666667
1 0.55 0.36444444444444446 0.065 0.08888888888888889
1 0.53375 0.30444444444444446 0.0475 0.08444444444444445
1 0.546875 0.26555555555555554 0.05375 0.07777777777777778
1 0.69875 0.35444444444444445 0.0625 0.12222222222222222
1 0.8175 0.4266666666666667 0.0575 0.13777777777777778
