1 0.73875 0.31333333333333335 0.05 0.07111111111111111
0 0.795625 0.5633333333333334 0.12125 0.15333333333333332
1 0.475 0.3111111111111111 0.0575 0.07555555555555556
1 0.565 0.4288888888888889 0.08 0.12444444444444444
1 0.246875 0.35888888888888887 0.05625 0.10444444444444445
1 0.290625 0.4255555555555556 0.08125 0.14888888888888888
1 0.236875 0.5333333333333333 0.09875 0.17777777777777778
1 0.3675 0.27444444444444444 0.0375 0.06444444444444444
1 0.59 0.5466666666666666 0.1325 0.17333333333333334
1 0.468125 0.43666666666666665 0.09625 0.12666666666666668
1 0.533125 0.3055555555555556 0.04875 0.08222222222222222
2 0.485625 0.23333333333333334 0.04125 0.07111111111111111
1 0.1975 0.4288888888888889 0.07 0.1288888888888889
1 0.463125 0.5533333333333333 0.12625 0.17333333333333334
1 0.484375 0.27111111111111114 0.04125 0.06666666666666667
1 0.55625 0.36333333333333334 0.0625 0.09111111111111111
1 0.7775 0.35555555555555557 0.0575 0.1111111111111111
1 0.9 0.5355555555555556 0.085 0.16444444444444445
1 0.13375 0.5333333333333333 0.0925 0.15555555555555556
1 0.8175 0.42444444444444446 0.06 0.13333333333333333
1 0.355 0.30777777777777776 0.0575 0.09555555555555556
1 0.539375 0.23222222222222222 0.03875 0.06888888888888889
1 0.32 0.2722222222222222 0.0475 0.07777777777777778
2 0.469375 0.3522222222222222 0.06375 0.11333333333333333
1 0.55 0.2677777777777778 0.0525 0.07777777777777778
1 0.284375 0.31 0.04875 0.08222222222222222
1 0.655625 0.2588888888888889 0.04875 0.09555555555555556
1 0.738125 0.4311111111111111 0.07375 0.14222222222222222
1 0.69875 0.35444444444444445 0.06 0.11777777777777777
