1 0.233125 0.5355555555555556 0.09875 0.19111111111111112
1 0.73625 0.4288888888888889 0.07 0.13777777777777778
1 0.2475 0.36 0.055 0.10666666666666667
4 0.89375 0.49 0.0975 0.24222222222222223
2 0.561875 0.43 0.07375 0.12666666666666668
1 0.465625 0.5477777777777778 0.13125 0.18888888888888888
1 0.355 0.30777777777777776 0.0625 0.09555555555555556
1 0.82125 0.4311111111111111 0.0575 0.13777777777777778
1 0.140625 0.5277777777777778 0.07375 0.15333333333333332
2 0.484375 0.2311111111111111 0.03875 0.07555555555555556
1 0.31 0.26555555555555554 0.045 0.08666666666666667
1 0.550625 0.3622222222222222 0.06375 0.09777777777777778
1 0.54375 0.24 0.05 0.07555555555555556
1 0.326875 0.35777777777777775 0.06375 0.1111111111111111
1 0.73 0.30777777777777776 0.055 0.09555555555555556
1 0.5525 0.27111111111111114 0.05 0.07111111111111111
1 0.6975 0.3522222222222222 0.0575 0.11777777777777777
2 0.531875 0.30444444444444446 0.05125 0.08888888888888889
1 0.470625 0.43444444444444447 0.08375 0.12666666666666668
1 0.475625 0.31222222222222223 0.05125 0.07777777777777778
1 0.28375 0.3088888888888889 0.05 0.08
2 0.48375 0.27444444444444444 0.035 0.06444444444444444
1 0.58 0.5355555555555556 0.1025 0.17777777777777778
2 0.470625 0.3566666666666667 0.05625 0.10444444444444445
1 0.788125 0.5355555555555556 0.07625 0.17777777777777778
1 0.293125 0.4211111111111111 0.07375 0.14
1 0.368125 0.26222222222222225 0.05625 0.08444444444444445
1 0.77875 0.3522222222222222 0.06 0.12222222222222222
