6 0.5075 0.3111111111111111 0.115 0.08444444444444445
1 0.793125 0.5344444444444445 0.09375 0.1622222222222222
1 0.314375 0.2677777777777778 0.04625 0.08222222222222222
1 0.560625 0.43555555555555553 0.08125 0.13777777777777778
1 0.540625 0.3688888888888889 0.05875 0.09333333333333334
3 0.131875 0.5411111111111111 0.08125 0.18444444444444444
1 0.77375 0.35333333333333333 0.0625 0.10666666666666667
2 0.793125 0.5344444444444445 0.09375 0.15333333333333332
2 0.7275 0.42777777777777776 0.0675 0.13555555555555557
6 0.293125 0.36333333333333334 0.10875 0.10444444444444445
0 0.204375 0.4255555555555556 0.06625 0.12666666666666668
1 0.47 0.5411111111111111 0.1075 0.18
2 0.895 0.5311111111111111 0.0775 0.1688888888888889
1 0.70125 0.3488888888888889 0.0575 0.12444444444444444
1 0.80875 0.4266666666666667 0.07 0.1288888888888889
1 0.471875 0.43777777777777777 0.09875 0.12444444444444444
3 0.583125 0.5544444444444444 0.09625 0.14
6 0.17875 0.5422222222222223 0.2025 0.19111111111111112
6 0.25125 0.4255555555555556 0.1575 0.15333333333333332
1 0.66375 0.2577777777777778 0.05 0.08444444444444445
6 0.516875 0.54 0.21125 0.18222222222222223
1 0.73625 0.30777777777777776 0.05 0.08666666666666667
0 0.473125 0.36666666666666664 0.07125 0.08888888888888889
1 0.6675 0.30666666666666664 0.05 0.08444444444444445
