1 0.54125 0.36333333333333334 0.0575 0.09111111111111111
1 0.533125 0.3055555555555556 0.05625 0.09111111111111111
6 0.521875 0.26666666666666666 0.09125 0.07555555555555556
4 0.466875 0.5344444444444445 0.09375 0.18888888888888888
3 0.661875 0.26222222222222225 0.05375 0.08888888888888889
1 0.474375 0.3622222222222222 0.06625 0.08888888888888889
2 0.738125 0.4311111111111111 0.06125 0.1288888888888889
1 0.26125 0.36 0.0575 0.09333333333333334
1 0.47 0.43777777777777777 0.1025 0.12444444444444444
4 0.59125 0.5344444444444445 0.0825 0.19777777777777777
1 0.365 0.2644444444444444 0.0425 0.08444444444444445
1 0.733125 0.30444444444444446 0.05375 0.10222222222222223
1 0.291875 0.43 0.09125 0.14444444444444443
1 0.671875 0.30777777777777776 0.04875 0.08222222222222222
3 0.5575 0.43222222222222223 0.0625 0.12222222222222222
1 0.769375 0.3566666666666667 0.04875 0.10444444444444445
1 0.820625 0.43555555555555553 0.06125 0.13333333333333333
6 0.190625 0.5433333333333333 0.17625 0.18888888888888888
1 0.79125 0.5322222222222223 0.08 0.17555555555555555
1 0.71125 0.3566666666666667 0.055 0.11333333333333333
6 0.285625 0.3622222222222222 0.10625 0.10222222222222223
1 0.476875 0.30666666666666664 0.04625 0.08
6 0.3425 0.26666666666666666 0.0875 0.08444444444444445
1 0.893125 0.5311111111111111 0.07125 0.1688888888888889
2 0.35875 0.30777777777777776 0.05 0.09111111111111111
