6 0.296875 0.34 0.12375 0.12444444444444444
6 0.520625 0.49444444444444446 0.21625 0.25555555555555554
7 0.35875 0.27 0.1375 0.1711111111111111
6 0.51625 0.32666666666666666 0.1425 0.1288888888888889
6 0.206875 0.4711111111111111 0.23625 0.26222222222222225
6 0.6825 0.27555555555555555 0.105 0.1111111111111111
6 0.5125 0.2388888888888889 0.1025 0.08666666666666667
6 0.726875 0.32222222222222224 0.13625 0.16444444444444445
2 0.315625 0.2644444444444444 0.04125 0.08888888888888889
6 0.8 0.48444444444444446 0.225 0.26666666666666666
