2 0.616875 0.8766666666666667 0.13375 0.22444444444444445
2 0.81875 0.48444444444444446 0.085 0.16444444444444445
2 0.883125 0.6566666666666666 0.10375 0.18
3 0.47 0.8511111111111112 0.12 0.28444444444444444
2 0.929375 0.5077777777777778 0.08125 0.14888888888888888
2 0.468125 0.33555555555555555 0.08625 0.14222222222222222
2 0.33625 0.26 0.0625 0.1288888888888889
2 0.253125 0.2511111111111111 0.06375 0.1288888888888889
2 0.810625 0.3022222222222222 0.05875 0.12444444444444444
2 0.596875 0.46111111111111114 0.07875 0.14888888888888888
2 0.480625 0.2633333333333333 0.07625 0.12666666666666668
2 0.11 0.85 0.1325 0.21555555555555556
2 0.059375 0.5911111111111111 0.10625 0.19111111111111112
2 0.758125 0.37333333333333335 0.07375 0.13777777777777778
5 0.405625 0.55 0.09875 0.29555555555555557
2 0.246875 0.44222222222222224 0.06625 0.1688888888888889
2 0.21 0.33666666666666667 0.0625 0.13111111111111112
2 0.12625 0.46111111111111114 0.0725 0.12666666666666668
2 0.73875 0.2922222222222222 0.07 0.12666666666666668
2 0.48625 0.4411111111111111 0.1 0.17555555555555555
2 0.295625 0.3322222222222222 0.06375 0.14
2 0.603125 0.6088888888888889 0.11875 0.2088888888888889
2 0.855 0.38 0.065 0.12444444444444444
2 0.198125 0.5944444444444444 0.11875 0.20222222222222222
2 0.56875 0.27444444444444444 0.0675 0.12222222222222222
2 0.558125 0.3466666666666667 0.06375 0.14666666666666667
