6 0.349375 0.2811111111111111 0.10875 0.12666666666666668
6 0.236875 0.4866666666666667 0.20625 0.24888888888888888
6 0.520625 0.4955555555555556 0.22375 0.26666666666666666
6 0.515 0.3377777777777778 0.15 0.14666666666666667
6 0.300625 0.34444444444444444 0.13125 0.13333333333333333
6 0.72625 0.3388888888888889 0.1375 0.13555555555555557
6 0.6875 0.27555555555555555 0.095 0.08888888888888889
6 0.808125 0.5 0.19875 0.2311111111111111
6 0.32625 0.31222222222222223 0.1175 0.12222222222222222
6 0.51625 0.2411111111111111 0.11 0.07777777777777778
