6 0.5175 0.2411111111111111 0.1075 0.07777777777777778
6 0.736875 0.3288888888888889 0.11125 0.14666666666666667
6 0.803125 0.4955555555555556 0.21625 0.24444444444444444
6 0.229375 0.4866666666666667 0.16875 0.24888888888888888
0 0.464375 0.45666666666666667 0.08625 0.1
6 0.34125 0.2833333333333333 0.105 0.12222222222222222
6 0.299375 0.34555555555555556 0.12375 0.12666666666666668
6 0.5175 0.4866666666666667 0.185 0.27111111111111114
6 0.511875 0.33555555555555555 0.12625 0.14222222222222222
1 0.82625 0.43333333333333335 0.06 0.12
7 0.568125 0.4266666666666667 0.25375 0.29333333333333333
