1 0.314375 0.2722222222222222 0.04375 0.07777777777777778
6 0.7375 0.32555555555555554 0.0925 0.14444444444444443
6 0.228125 0.4811111111111111 0.19375 0.24222222222222223
6 0.344375 0.2822222222222222 0.10625 0.12
6 0.799375 0.4777777777777778 0.20375 0.26666666666666666
6 0.525625 0.48444444444444446 0.22125 0.28
6 0.50875 0.33111111111111113 0.1275 0.13333333333333333
6 0.51375 0.24222222222222223 0.11 0.08888888888888889
7 0.584375 0.39111111111111113 0.22625 0.28
6 0.29625 0.3411111111111111 0.135 0.13111111111111112
