6 0.50625 0.3333333333333333 0.125 0.13333333333333333
6 0.538125 0.4766666666666667 0.21875 0.2866666666666667
0 0.28375 0.3277777777777778 0.0675 0.08222222222222222
6 0.51125 0.24555555555555555 0.1125 0.09555555555555556
6 0.343125 0.2777777777777778 0.09375 0.10222222222222223
7 0.558125 0.43666666666666665 0.26875 0.31777777777777777
6 0.221875 0.48 0.20625 0.25333333333333335
6 0.7275 0.32666666666666666 0.1075 0.14666666666666667
0 0.458125 0.43666666666666665 0.07625 0.12666666666666668
6 0.294375 0.3388888888888889 0.13125 0.11333333333333333
6 0.8 0.4822222222222222 0.2075 0.24
