6 0.506875 0.33444444444444443 0.12875 0.13111111111111112
6 0.343125 0.2733333333333333 0.09375 0.09333333333333334
6 0.73 0.32555555555555554 0.105 0.14
6 0.22375 0.4822222222222222 0.22 0.24888888888888888
6 0.513125 0.23666666666666666 0.10125 0.07777777777777778
0 0.286875 0.3244444444444444 0.05625 0.07111111111111111
6 0.536875 0.47888888888888886 0.21625 0.2822222222222222
0 0.33125 0.35555555555555557 0.0675 0.10666666666666667
7 0.559375 0.43444444444444447 0.26875 0.30444444444444446
6 0.80125 0.4888888888888889 0.21 0.24
0 0.458125 0.44222222222222224 0.07875 0.1111111111111111
1 0.485625 0.23333333333333334 0.03625 0.07111111111111111
