2 0.601875 0.6077777777777778 0.11875 0.20666666666666667
2 0.29875 0.33 0.0675 0.13555555555555557
2 0.808125 0.3 0.06375 0.13333333333333333
2 0.110625 0.8533333333333334 0.12375 0.21777777777777776
2 0.8575 0.3811111111111111 0.065 0.12222222222222222
2 0.2125 0.3411111111111111 0.0625 0.12666666666666668
2 0.47875 0.26666666666666666 0.07 0.12
2 0.62 0.8755555555555555 0.14 0.2311111111111111
2 0.73625 0.29333333333333333 0.065 0.12444444444444444
2 0.596875 0.46111111111111114 0.08125 0.14888888888888888
2 0.486875 0.4444444444444444 0.09875 0.17333333333333334
2 0.5575 0.3466666666666667 0.065 0.14666666666666667
2 0.466875 0.8522222222222222 0.12125 0.2733333333333333
2 0.47125 0.33666666666666667 0.0775 0.14444444444444443
2 0.123125 0.4677777777777778 0.07375 0.11777777777777777
2 0.931875 0.5066666666666667 0.07875 0.1511111111111111
2 0.5675 0.27 0.0625 0.12222222222222222
2 0.761875 0.3711111111111111 0.06875 0.13777777777777778
2 0.885 0.6566666666666666 0.1 0.18
2 0.18875 0.5944444444444444 0.0975 0.19333333333333333
2 0.058125 0.59 0.10625 0.18888888888888888
5 0.40875 0.5466666666666666 0.095 0.29777777777777775
2 0.816875 0.4866666666666667 0.08375 0.16
2 0.251875 0.25 0.06375 0.12666666666666668
2 0.335 0.26 0.065 0.1288888888888889
