6 0.34625 0.28444444444444444 0.1 0.12444444444444444
6 0.295625 0.3411111111111111 0.13375 0.12666666666666668
6 0.804375 0.47444444444444445 0.20875 0.2911111111111111
6 0.51375 0.24333333333333335 0.1075 0.09111111111111111
2 0.541875 0.24444444444444444 0.04875 0.07555555555555556
6 0.533125 0.49444444444444446 0.19625 0.2511111111111111
6 0.51 0.32666666666666666 0.13 0.1288888888888889
6 0.22125 0.47333333333333333 0.2075 0.25333333333333335
6 0.6825 0.2788888888888889 0.1075 0.11777777777777777
6 0.73 0.3288888888888889 0.145 0.14666666666666667
