6 0.22625 0.47555555555555556 0.2 0.26222222222222225
6 0.6825 0.2733333333333333 0.1075 0.09777777777777778
6 0.5175 0.4888888888888889 0.1575 0.27111111111111114
6 0.51625 0.24666666666666667 0.105 0.10222222222222223
6 0.804375 0.4722222222222222 0.21125 0.2777777777777778
6 0.51375 0.3277777777777778 0.1325 0.13111111111111112
6 0.29375 0.34444444444444444 0.135 0.12444444444444444
6 0.714375 0.33666666666666667 0.12375 0.13111111111111112
2 0.564375 0.4311111111111111 0.05625 0.13333333333333333
4 0.58375 0.5244444444444445 0.08 0.19555555555555557
6 0.345 0.28444444444444444 0.0975 0.14222222222222222
