6 0.235625 0.4777777777777778 0.20625 0.26666666666666666
2 0.565625 0.4311111111111111 0.06375 0.14666666666666667
2 0.47375 0.42333333333333334 0.06 0.14
6 0.814375 0.4811111111111111 0.18875 0.2644444444444444
6 0.34625 0.28555555555555556 0.0925 0.13555555555555557
1 0.25 0.3511111111111111 0.0475 0.10222222222222223
6 0.51875 0.25222222222222224 0.09 0.09111111111111111
4 0.468125 0.5366666666666666 0.08375 0.18888888888888888
6 0.711875 0.3111111111111111 0.13375 0.18222222222222223
6 0.51375 0.3388888888888889 0.1225 0.12222222222222222
4 0.58 0.53 0.0975 0.2111111111111111
