2 0.133125 0.5188888888888888 0.07375 0.17555555555555555
2 0.77375 0.35 0.0525 0.11333333333333333
1 0.35625 0.31333333333333335 0.055 0.08444444444444445
2 0.67 0.31333333333333335 0.04 0.07555555555555556
2 0.82125 0.42444444444444446 0.0575 0.13777777777777778
2 0.55125 0.2644444444444444 0.035 0.07555555555555556
2 0.715 0.2733333333333333 0.035 0.06666666666666667
2 0.54375 0.36 0.0525 0.09777777777777778
2 0.5375 0.2966666666666667 0.045 0.09555555555555556
2 0.795625 0.5388888888888889 0.08375 0.1622222222222222
2 0.74125 0.4255555555555556 0.0675 0.13111111111111112
2 0.55375 0.4311111111111111 0.0575 0.1288888888888889
2 0.2875 0.4166666666666667 0.0625 0.14
2 0.251875 0.35444444444444445 0.04875 0.10444444444444445
2 0.734375 0.3055555555555556 0.04625 0.09111111111111111
2 0.485 0.23333333333333334 0.0375 0.07111111111111111
2 0.65125 0.2577777777777778 0.0425 0.08888888888888889
2 0.49375 0.2677777777777778 0.035 0.07333333333333333
2 0.243125 0.5266666666666666 0.07625 0.18222222222222223
5 0.4775 0.3877777777777778 0.07 0.19777777777777777
2 0.588125 0.54 0.09125 0.18666666666666668
2 0.69875 0.3522222222222222 0.0525 0.10888888888888888
2 0.54 0.23444444444444446 0.0325 0.06888888888888889
2 0.28875 0.3088888888888889 0.0425 0.08
2 0.365 0.25666666666666665 0.0425 0.08666666666666667
2 0.311875 0.27111111111111114 0.03875 0.08
2 0.463125 0.5422222222222223 0.08625 0.17777777777777778
2 0.8975 0.53 0.0675 0.16666666666666666
2 0.208125 0.42444444444444446 0.06125 0.12444444444444444
2 0.33 0.36 0.055 0.10222222222222223
