1 0.3575 0.30666666666666664 0.0575 0.09333333333333334
1 0.29 0.4255555555555556 0.0775 0.14
1 0.666875 0.30444444444444446 0.04625 0.08888888888888889
1 0.28625 0.3088888888888889 0.0525 0.08444444444444445
0 0.461875 0.5455555555555556 0.13125 0.17555555555555555
1 0.48375 0.24555555555555555 0.0425 0.09111111111111111
1 0.821875 0.4166666666666667 0.05875 0.11777777777777777
1 0.36125 0.27 0.055 0.08222222222222222
1 0.201875 0.4211111111111111 0.07625 0.12666666666666668
1 0.545625 0.3688888888888889 0.07125 0.10222222222222223
1 0.776875 0.35444444444444445 0.05625 0.10444444444444445
2 0.24625 0.5233333333333333 0.075 0.18
0 0.32875 0.3655555555555556 0.0725 0.09555555555555556
1 0.478125 0.30666666666666664 0.05375 0.08888888888888889
1 0.65375 0.2588888888888889 0.05 0.09555555555555556
1 0.461875 0.36 0.07375 0.10666666666666667
1 0.73875 0.31 0.055 0.07777777777777778
1 0.541875 0.23555555555555555 0.04875 0.07555555555555556
1 0.74125 0.4255555555555556 0.0725 0.13555555555555557
2 0.894375 0.5288888888888889 0.07125 0.17333333333333334
1 0.30875 0.27111111111111114 0.0425 0.07555555555555556
2 0.588125 0.5411111111111111 0.10875 0.18
2 0.138125 0.5188888888888888 0.07375 0.1711111111111111
1 0.5425 0.29333333333333333 0.0625 0.10666666666666667
1 0.718125 0.27666666666666667 0.03625 0.07777777777777778
1 0.705 0.3522222222222222 0.07 0.11777777777777777
1 0.250625 0.3566666666666667 0.04875 0.09555555555555556
1 0.46875 0.4211111111111111 0.0775 0.15333333333333332
2 0.801875 0.5477777777777778 0.08875 0.17555555555555555
