1 0.720625 0.27555555555555555 0.05125 0.08
1 0.4875 0.2722222222222222 0.0425 0.07333333333333333
1 0.545625 0.36666666666666664 0.06875 0.09333333333333334
1 0.479375 0.31 0.05375 0.08666666666666667
0 0.328125 0.36444444444444446 0.07375 0.09333333333333334
2 0.8975 0.5277777777777778 0.07 0.1711111111111111
1 0.35875 0.3088888888888889 0.0575 0.09333333333333334
1 0.201875 0.4177777777777778 0.07375 0.1288888888888889
1 0.463125 0.35888888888888887 0.07375 0.10444444444444445
1 0.778125 0.3522222222222222 0.05625 0.10444444444444445
1 0.483125 0.23333333333333334 0.03625 0.06666666666666667
0 0.461875 0.5522222222222222 0.13625 0.1622222222222222
1 0.653125 0.2588888888888889 0.05125 0.09555555555555556
2 0.79875 0.5433333333333333 0.0775 0.16666666666666666
1 0.7425 0.43 0.0825 0.13555555555555557
1 0.735625 0.31 0.05875 0.08666666666666667
1 0.366875 0.26666666666666666 0.04875 0.07111111111111111
1 0.69875 0.3511111111111111 0.0675 0.12
1 0.816875 0.42 0.06875 0.14666666666666667
1 0.291875 0.4255555555555556 0.07625 0.14
1 0.46625 0.42333333333333334 0.0825 0.1622222222222222
2 0.141875 0.52 0.07375 0.1688888888888889
1 0.543125 0.24333333333333335 0.05625 0.08222222222222222
1 0.666875 0.30666666666666664 0.04375 0.08444444444444445
1 0.31125 0.27111111111111114 0.04 0.07555555555555556
2 0.245 0.5244444444444445 0.0775 0.18222222222222223
1 0.283125 0.30444444444444446 0.05375 0.09333333333333334
2 0.5875 0.5422222222222223 0.11 0.17777777777777778
1 0.46 0.55 0.135 0.1622222222222222
1 0.54125 0.3011111111111111 0.06 0.1
1 0.248125 0.35777777777777775 0.05125 0.09333333333333334
