2 0.1425 0.5244444444444445 0.0725 0.16
1 0.48625 0.23333333333333334 0.0375 0.06666666666666667
0 0.328125 0.3688888888888889 0.07625 0.08888888888888889
1 0.74625 0.43222222222222223 0.0875 0.14
1 0.310625 0.2722222222222222 0.03875 0.07333333333333333
1 0.249375 0.3611111111111111 0.04875 0.09555555555555556
1 0.46375 0.5544444444444444 0.1225 0.15777777777777777
1 0.466875 0.43222222222222223 0.08125 0.1622222222222222
2 0.896875 0.5277777777777778 0.06875 0.17555555555555555
2 0.243125 0.5255555555555556 0.07625 0.18
1 0.543125 0.24444444444444444 0.05375 0.08
1 0.824375 0.4266666666666667 0.06625 0.13777777777777778
1 0.20125 0.42 0.065 0.12444444444444444
1 0.71875 0.27444444444444444 0.0475 0.07777777777777778
1 0.365 0.2688888888888889 0.05 0.07111111111111111
1 0.47875 0.30777777777777776 0.05 0.08666666666666667
1 0.285 0.31333333333333335 0.05 0.08888888888888889
1 0.359375 0.31222222222222223 0.05625 0.09111111111111111
1 0.7 0.3522222222222222 0.0675 0.12222222222222222
1 0.741875 0.31555555555555553 0.05875 0.08444444444444445
1 0.4875 0.27555555555555555 0.0425 0.07555555555555556
1 0.550625 0.43222222222222223 0.07375 0.14888888888888888
1 0.29125 0.43 0.0725 0.14
1 0.46125 0.3622222222222222 0.0675 0.09777777777777778
2 0.79625 0.5433333333333333 0.08 0.16666666666666666
1 0.543125 0.36777777777777776 0.07125 0.1
1 0.666875 0.3088888888888889 0.04875 0.08444444444444445
2 0.58625 0.5411111111111111 0.1125 0.18
2 0.655625 0.26222222222222225 0.05375 0.08888888888888889
1 0.54 0.30444444444444446 0.055 0.10222222222222223
