2 0.825 0.4255555555555556 0.0525 0.13555555555555557
2 0.311875 0.27 0.03875 0.07333333333333333
1 0.73875 0.3111111111111111 0.05 0.08888888888888889
2 0.28625 0.42 0.0575 0.13777777777777778
3 0.326875 0.3622222222222222 0.05875 0.10222222222222223
2 0.47375 0.43333333333333335 0.0625 0.12
2 0.369375 0.26666666666666666 0.04125 0.07555555555555556
2 0.895625 0.5277777777777778 0.07125 0.17555555555555555
2 0.54625 0.36 0.0525 0.09777777777777778
2 0.79625 0.5411111111111111 0.0825 0.16666666666666666
2 0.14125 0.5244444444444445 0.0725 0.15555555555555556
2 0.25 0.35888888888888887 0.0475 0.09555555555555556
2 0.59125 0.5466666666666666 0.0975 0.17777777777777778
2 0.354375 0.30666666666666664 0.04625 0.08444444444444445
5 0.67625 0.2788888888888889 0.045 0.13111111111111112
2 0.485 0.26666666666666666 0.04 0.07111111111111111
2 0.24375 0.5266666666666666 0.075 0.17333333333333334
2 0.7375 0.3111111111111111 0.0475 0.08888888888888889
2 0.55625 0.4266666666666667 0.0625 0.13777777777777778
2 0.74 0.42777777777777776 0.0625 0.13555555555555557
2 0.718125 0.27111111111111114 0.03375 0.08
2 0.77 0.3522222222222222 0.0475 0.10888888888888888
2 0.54 0.3022222222222222 0.0475 0.09333333333333334
2 0.286875 0.30777777777777776 0.04125 0.08222222222222222
2 0.4675 0.35333333333333333 0.055 0.10666666666666667
2 0.4775 0.3111111111111111 0.0425 0.08
2 0.6975 0.3488888888888889 0.055 0.11555555555555555
2 0.49 0.23 0.0375 0.06444444444444444
2 0.540625 0.23555555555555555 0.03375 0.06666666666666667
2 0.464375 0.5455555555555556 0.08875 0.18444444444444444
2 0.549375 0.2644444444444444 0.03875 0.07555555555555556
2 0.206875 0.4222222222222222 0.05875 0.13333333333333333
