2 0.545625 0.3622222222222222 0.05125 0.09777777777777778
2 0.465625 0.5455555555555556 0.08875 0.18
2 0.825 0.4255555555555556 0.0525 0.13555555555555557
2 0.466875 0.35333333333333333 0.05375 0.10666666666666667
2 0.28625 0.42 0.0575 0.13777777777777778
2 0.795 0.54 0.0825 0.16444444444444445
5 0.675625 0.2788888888888889 0.04375 0.13111111111111112
2 0.71875 0.2722222222222222 0.0375 0.08222222222222222
3 0.590625 0.5422222222222223 0.09875 0.18222222222222223
2 0.549375 0.26555555555555554 0.03875 0.07333333333333333
2 0.485625 0.2677777777777778 0.03875 0.06888888888888889
2 0.48 0.3111111111111111 0.0425 0.08
2 0.313125 0.27111111111111114 0.03875 0.07555555555555556
2 0.895625 0.5277777777777778 0.07125 0.1711111111111111
2 0.6975 0.3488888888888889 0.055 0.1111111111111111
2 0.354375 0.30777777777777776 0.04625 0.08222222222222222
2 0.1425 0.5244444444444445 0.0725 0.15555555555555556
3 0.32625 0.3611111111111111 0.06 0.10444444444444445
2 0.55625 0.42444444444444446 0.06 0.13333333333333333
1 0.73875 0.31 0.05 0.09111111111111111
2 0.74 0.4288888888888889 0.0625 0.13333333333333333
2 0.250625 0.35888888888888887 0.04625 0.09111111111111111
2 0.77 0.3511111111111111 0.0475 0.10666666666666667
2 0.540625 0.23666666666666666 0.03375 0.06888888888888889
2 0.206875 0.4222222222222222 0.05875 0.13777777777777778
2 0.486875 0.2311111111111111 0.03625 0.06666666666666667
2 0.47375 0.43333333333333335 0.065 0.12
2 0.368125 0.26555555555555554 0.04375 0.07333333333333333
2 0.2875 0.30333333333333334 0.045 0.08666666666666667
2 0.24375 0.5277777777777778 0.075 0.1711111111111111
2 0.54 0.3011111111111111 0.0475 0.09555555555555556
