1 0.45625 0.5366666666666666 0.1125 0.18
1 0.815 0.41888888888888887 0.0675 0.14888888888888888
3 0.738125 0.4266666666666667 0.07625 0.14222222222222222
1 0.716875 0.26666666666666666 0.04625 0.08444444444444445
1 0.665 0.3111111111111111 0.05 0.08
1 0.773125 0.3477777777777778 0.05125 0.10444444444444445
1 0.5475 0.2511111111111111 0.045 0.08888888888888889
6 0.519375 0.4022222222222222 0.11875 0.18666666666666668
0 0.795 0.5577777777777778 0.12 0.14666666666666667
1 0.48875 0.23222222222222222 0.0375 0.06888888888888889
2 0.135625 0.53 0.08625 0.15777777777777777
0 0.203125 0.43222222222222223 0.07375 0.12222222222222222
1 0.694375 0.35333333333333333 0.06125 0.1111111111111111
0 0.24625 0.3655555555555556 0.0625 0.07777777777777778
0 0.594375 0.5777777777777777 0.13875 0.13333333333333333
2 0.654375 0.26 0.04875 0.08888888888888889
1 0.4625 0.4211111111111111 0.095 0.14444444444444443
1 0.463125 0.3566666666666667 0.07375 0.10888888888888888
1 0.893125 0.5255555555555556 0.08125 0.1622222222222222
1 0.535625 0.3 0.05375 0.09777777777777778
1 0.728125 0.3055555555555556 0.04375 0.09111111111111111
1 0.480625 0.2644444444444444 0.04875 0.07555555555555556
0 0.238125 0.5377777777777778 0.09625 0.16
