1 0.540625 0.3022222222222222 0.05625 0.09333333333333334
0 0.24625 0.3688888888888889 0.0675 0.08
2 0.664375 0.31222222222222223 0.04875 0.07777777777777778
0 0.5925 0.5777777777777777 0.1375 0.1288888888888889
2 0.696875 0.35555555555555557 0.06875 0.11555555555555555
0 0.446875 0.5566666666666666 0.12875 0.18
0 0.469375 0.36333333333333334 0.07875 0.1
1 0.825625 0.42333333333333334 0.07375 0.13555555555555557
2 0.13625 0.5355555555555556 0.09 0.14666666666666667
0 0.1975 0.43777777777777777 0.07 0.1288888888888889
1 0.5575 0.3988888888888889 0.0725 0.10888888888888888
0 0.23625 0.54 0.1025 0.1688888888888889
0 0.285 0.3111111111111111 0.0525 0.08888888888888889
0 0.796875 0.5466666666666666 0.11125 0.17777777777777778
1 0.555625 0.4411111111111111 0.08375 0.12666666666666668
0 0.28875 0.43777777777777777 0.085 0.12444444444444444
1 0.545625 0.26222222222222225 0.04875 0.08888888888888889
1 0.494375 0.2733333333333333 0.03875 0.06666666666666667
1 0.76875 0.3622222222222222 0.0575 0.10222222222222223
0 0.90375 0.5611111111111111 0.095 0.10888888888888888
1 0.465 0.43777777777777777 0.085 0.12
2 0.483125 0.23333333333333334 0.03875 0.07111111111111111
0 0.480625 0.31444444444444447 0.04875 0.06
1 0.556875 0.36777777777777776 0.05875 0.10444444444444445
1 0.734375 0.3055555555555556 0.04875 0.1
1 0.659375 0.2633333333333333 0.04875 0.08222222222222222
0 0.31625 0.27555555555555555 0.0475 0.07111111111111111
0 0.355 0.31222222222222223 0.0525 0.08666666666666667
0 0.3275 0.3711111111111111 0.0725 0.08888888888888889
1 0.74125 0.43666666666666665 0.0875 0.11777777777777777
