1 0.55625 0.4444444444444444 0.0875 0.12
0 0.826875 0.43555555555555553 0.08375 0.1111111111111111
0 0.31375 0.2722222222222222 0.05 0.07777777777777778
0 0.27875 0.31 0.0525 0.08666666666666667
0 0.745625 0.44222222222222224 0.08625 0.1111111111111111
0 0.2425 0.36777777777777776 0.0675 0.07777777777777778
0 0.191875 0.44666666666666666 0.07125 0.09777777777777778
0 0.69875 0.3711111111111111 0.075 0.08444444444444445
0 0.32625 0.37 0.07 0.08666666666666667
0 0.7975 0.5677777777777778 0.1125 0.11777777777777777
1 0.486875 0.23666666666666666 0.04875 0.06888888888888889
0 0.901875 0.5622222222222222 0.09875 0.1111111111111111
1 0.53875 0.30666666666666664 0.06 0.08888888888888889
0 0.67 0.3088888888888889 0.0575 0.08444444444444445
0 0.551875 0.37 0.07125 0.08222222222222222
1 0.545625 0.26222222222222225 0.04875 0.08444444444444445
0 0.355 0.31555555555555553 0.06 0.08
0 0.46 0.5577777777777778 0.12 0.15555555555555556
0 0.77125 0.36777777777777776 0.0725 0.08222222222222222
0 0.5925 0.5788888888888889 0.14 0.13111111111111112
0 0.37375 0.27 0.05 0.06888888888888889
0 0.474375 0.3211111111111111 0.06125 0.06444444444444444
0 0.66 0.27444444444444444 0.05 0.06
0 0.289375 0.42777777777777776 0.08875 0.13111111111111112
2 0.136875 0.5344444444444445 0.09375 0.14444444444444443
1 0.711875 0.2722222222222222 0.04125 0.07333333333333333
