2 0.741875 0.3055555555555556 0.05875 0.09555555555555556
0 0.83 0.43555555555555553 0.0775 0.1111111111111111
0 0.539375 0.2411111111111111 0.04375 0.051111111111111114
0 0.46875 0.35555555555555557 0.0725 0.10666666666666667
0 0.550625 0.3688888888888889 0.07125 0.08
0 0.669375 0.3111111111111111 0.05875 0.08444444444444445
0 0.32625 0.3688888888888889 0.07 0.08888888888888889
0 0.356875 0.3111111111111111 0.05625 0.08888888888888889
0 0.290625 0.4388888888888889 0.09125 0.11777777777777777
1 0.371875 0.2611111111111111 0.04625 0.07777777777777778
0 0.5925 0.5811111111111111 0.1375 0.12222222222222222
0 0.28 0.31 0.055 0.08666666666666667
0 0.54125 0.32 0.0675 0.07111111111111111
0 0.2475 0.3688888888888889 0.0725 0.08
0 0.45875 0.5622222222222222 0.1325 0.1511111111111111
0 0.5575 0.44222222222222224 0.0875 0.12
1 0.7125 0.27555555555555555 0.04 0.07111111111111111
0 0.474375 0.31333333333333335 0.05625 0.06222222222222222
1 0.895625 0.5366666666666666 0.09625 0.14888888888888888
0 0.74125 0.44 0.085 0.11555555555555555
0 0.236875 0.55 0.10375 0.14444444444444443
0 0.314375 0.2777777777777778 0.04625 0.06666666666666667
0 0.134375 0.5522222222222222 0.08875 0.11333333333333333
0 0.19625 0.44222222222222224 0.0725 0.10222222222222223
0 0.66125 0.27666666666666667 0.0525 0.06
0 0.794375 0.54 0.11125 0.16444444444444445
1 0.48625 0.23444444444444446 0.045 0.07777777777777778
0 0.695 0.3711111111111111 0.075 0.08444444444444445
0 0.46875 0.45 0.085 0.1
0 0.54625 0.27 0.0525 0.06888888888888889
0 0.77125 0.3711111111111111 0.07 0.08
