0 0.7925 0.5522222222222222 0.1175 0.14888888888888888
0 0.465 0.37222222222222223 0.085 0.08222222222222222
0 0.549375 0.37 0.07625 0.08222222222222222
0 0.323125 0.3711111111111111 0.06625 0.08888888888888889
0 0.23125 0.5477777777777778 0.1025 0.14444444444444443
0 0.53875 0.24333333333333335 0.0475 0.05555555555555555
0 0.89375 0.54 0.095 0.1511111111111111
0 0.74375 0.45222222222222225 0.09 0.09555555555555556
0 0.469375 0.31333333333333335 0.06875 0.08
0 0.283125 0.31222222222222223 0.05125 0.07777777777777778
0 0.353125 0.31444444444444447 0.05875 0.07777777777777778
7 0.680625 0.33666666666666667 0.13125 0.2288888888888889
0 0.374375 0.27 0.04625 0.06888888888888889
0 0.77125 0.3622222222222222 0.07 0.09333333333333334
0 0.129375 0.5544444444444444 0.09375 0.10888888888888888
0 0.53875 0.31777777777777777 0.0675 0.07111111111111111
0 0.28625 0.44 0.1 0.12
0 0.4675 0.44333333333333336 0.085 0.10888888888888888
0 0.556875 0.4411111111111111 0.08875 0.12222222222222222
0 0.45375 0.5622222222222222 0.1325 0.14222222222222222
0 0.59125 0.5788888888888889 0.1375 0.12666666666666668
0 0.31625 0.27 0.0475 0.08666666666666667
0 0.195 0.4444444444444444 0.075 0.10222222222222223
0 0.48625 0.24 0.0475 0.06666666666666667
0 0.5475 0.27 0.0525 0.06888888888888889
0 0.241875 0.37 0.07125 0.07777777777777778
0 0.83 0.44555555555555554 0.0825 0.09555555555555556
