0 0.48375 0.27555555555555555 0.0475 0.057777777777777775
0 0.594375 0.5722222222222222 0.14125 0.14444444444444443
0 0.74 0.31222222222222223 0.0625 0.08222222222222222
0 0.891875 0.5344444444444445 0.09125 0.16666666666666666
0 0.4675 0.4477777777777778 0.0875 0.10444444444444445
0 0.826875 0.44555555555555554 0.08875 0.09555555555555556
0 0.55875 0.4411111111111111 0.085 0.11777777777777777
0 0.281875 0.31333333333333335 0.05375 0.08
0 0.129375 0.5555555555555556 0.09375 0.10666666666666667
0 0.540625 0.31777777777777777 0.06625 0.06666666666666667
0 0.325 0.36777777777777776 0.0625 0.09555555555555556
0 0.543125 0.2688888888888889 0.05375 0.07555555555555556
0 0.689375 0.37333333333333335 0.08375 0.08
0 0.6775 0.31666666666666665 0.06 0.06444444444444444
0 0.35 0.31444444444444447 0.0625 0.07777777777777778
0 0.195625 0.44222222222222224 0.07625 0.10222222222222223
0 0.488125 0.23666666666666666 0.04625 0.06444444444444444
0 0.23 0.5511111111111111 0.105 0.13777777777777778
0 0.715625 0.27555555555555555 0.04375 0.06666666666666667
0 0.7425 0.44333333333333336 0.0875 0.10888888888888888
0 0.47625 0.31666666666666665 0.055 0.06
0 0.28625 0.4388888888888889 0.1 0.11777777777777777
0 0.5475 0.3688888888888889 0.07 0.08444444444444445
0 0.453125 0.5533333333333333 0.13625 0.16
0 0.7725 0.3688888888888889 0.07 0.08444444444444445
0 0.789375 0.5611111111111111 0.12125 0.14
0 0.4625 0.37444444444444447 0.0825 0.07777777777777778
0 0.244375 0.3688888888888889 0.07375 0.08
2 0.3125 0.2644444444444444 0.0425 0.08888888888888889
0 0.660625 0.27444444444444444 0.05125 0.06
0 0.5375 0.24222222222222223 0.0425 0.05333333333333334
0 0.37375 0.27 0.0475 0.07333333333333333
