0 0.31125 0.27444444444444444 0.0425 0.06888888888888889
0 0.37375 0.27 0.05 0.07333333333333333
0 0.66 0.27444444444444444 0.0525 0.06
0 0.486875 0.23555555555555555 0.04625 0.06666666666666667
0 0.130625 0.5466666666666666 0.09375 0.12
0 0.28625 0.4411111111111111 0.1025 0.11333333333333333
0 0.4775 0.31666666666666665 0.055 0.06
0 0.454375 0.5533333333333333 0.13625 0.15555555555555556
0 0.715 0.27444444444444444 0.045 0.06888888888888889
0 0.540625 0.24555555555555555 0.04875 0.05555555555555555
0 0.48375 0.27555555555555555 0.045 0.05333333333333334
0 0.195 0.4388888888888889 0.075 0.10888888888888888
0 0.28625 0.3111111111111111 0.045 0.08
1 0.891875 0.5366666666666666 0.09375 0.15333333333333332
0 0.68875 0.37333333333333335 0.085 0.08
0 0.4675 0.45 0.09 0.1
0 0.32375 0.36777777777777776 0.0725 0.09111111111111111
0 0.23 0.5522222222222222 0.105 0.13555555555555557
0 0.54375 0.26666666666666666 0.0525 0.07555555555555556
0 0.83 0.44555555555555554 0.0825 0.1
0 0.46125 0.37444444444444447 0.0825 0.07777777777777778
0 0.55875 0.4411111111111111 0.0825 0.12222222222222222
0 0.7975 0.5422222222222223 0.1 0.15555555555555556
1 0.558125 0.4411111111111111 0.08375 0.11777777777777777
0 0.676875 0.31666666666666665 0.05875 0.06444444444444444
0 0.774375 0.37222222222222223 0.06625 0.08222222222222222
2 0.251875 0.3522222222222222 0.05625 0.1
0 0.5475 0.3688888888888889 0.07 0.08444444444444445
0 0.355 0.3111111111111111 0.0525 0.08
0 0.741875 0.31666666666666665 0.06375 0.07333333333333333
2 0.7425 0.43777777777777777 0.0875 0.12
0 0.539375 0.31777777777777777 0.06375 0.06666666666666667
0 0.593125 0.5822222222222222 0.14375 0.12444444444444444
