0 0.28625 0.4411111111111111 0.1 0.11333333333333333
0 0.248125 0.36 0.06125 0.09777777777777778
0 0.451875 0.5555555555555556 0.13375 0.1511111111111111
0 0.351875 0.31777777777777777 0.06125 0.07111111111111111
0 0.48375 0.27666666666666667 0.045 0.05555555555555555
0 0.689375 0.37222222222222223 0.08375 0.07777777777777778
0 0.370625 0.26666666666666666 0.05375 0.08
0 0.13 0.5477777777777778 0.0925 0.11777777777777777
0 0.673125 0.31666666666666665 0.05625 0.06444444444444444
1 0.890625 0.5377777777777778 0.09375 0.15555555555555556
0 0.8275 0.4266666666666667 0.08 0.1288888888888889
0 0.771875 0.37222222222222223 0.07375 0.08222222222222222
0 0.558125 0.4411111111111111 0.08375 0.12222222222222222
0 0.48625 0.23666666666666666 0.045 0.06444444444444444
0 0.714375 0.27444444444444444 0.04625 0.06888888888888889
0 0.324375 0.37222222222222223 0.06875 0.08666666666666667
0 0.31125 0.2788888888888889 0.04 0.06
0 0.79625 0.5566666666666666 0.105 0.14444444444444443
0 0.47625 0.31555555555555553 0.055 0.06222222222222222
0 0.4675 0.45 0.09 0.1
0 0.544375 0.2722222222222222 0.05125 0.06888888888888889
0 0.285625 0.31222222222222223 0.04625 0.07777777777777778
0 0.54875 0.3711111111111111 0.075 0.08444444444444445
0 0.591875 0.5877777777777777 0.13625 0.11777777777777777
0 0.46125 0.37444444444444447 0.0825 0.07777777777777778
0 0.22875 0.5544444444444444 0.1075 0.13555555555555557
0 0.53875 0.24333333333333335 0.045 0.051111111111111114
0 0.195625 0.44555555555555554 0.07625 0.1
0 0.740625 0.31777777777777777 0.06375 0.07111111111111111
0 0.541875 0.32 0.06875 0.07111111111111111
0 0.7425 0.45111111111111113 0.09 0.09777777777777778
0 0.658125 0.27 0.05625 0.06888888888888889
