2 0.485625 0.44666666666666666 0.09375 0.16444444444444445
2 0.4725 0.33666666666666667 0.075 0.14888888888888888
3 0.605625 0.6066666666666667 0.11875 0.21333333333333335
2 0.563125 0.30777777777777776 0.06375 0.12222222222222222
2 0.335 0.25666666666666665 0.0575 0.12666666666666668
2 0.054375 0.5855555555555556 0.10125 0.20222222222222222
2 0.25375 0.2511111111111111 0.06 0.1288888888888889
2 0.856875 0.38333333333333336 0.06625 0.12666666666666668
5 0.30125 0.4022222222222222 0.0825 0.25333333333333335
2 0.469375 0.5944444444444444 0.11375 0.20666666666666667
2 0.558125 0.3477777777777778 0.06625 0.14444444444444443
3 0.8825 0.6577777777777778 0.0975 0.17777777777777778
3 0.926875 0.5133333333333333 0.08125 0.13777777777777778
2 0.620625 0.8777777777777778 0.14125 0.2222222222222222
2 0.739375 0.2922222222222222 0.07125 0.12222222222222222
2 0.81125 0.3022222222222222 0.06 0.12444444444444444
3 0.125625 0.4633333333333333 0.07375 0.12666666666666668
2 0.566875 0.2722222222222222 0.06375 0.12222222222222222
2 0.484375 0.2677777777777778 0.06875 0.12222222222222222
2 0.92625 0.5144444444444445 0.0825 0.13555555555555557
2 0.109375 0.8522222222222222 0.14875 0.22
2 0.19875 0.5966666666666667 0.1275 0.19777777777777777
2 0.75625 0.37 0.0725 0.13555555555555557
2 0.818125 0.48444444444444446 0.08375 0.15555555555555556
2 0.22125 0.33555555555555555 0.0675 0.13333333333333333
3 0.469375 0.8577777777777778 0.12375 0.26666666666666666
2 0.589375 0.4622222222222222 0.07875 0.14222222222222222
