0 0.3525 0.30777777777777776 0.055 0.08666666666666667
0 0.250625 0.3655555555555556 0.06125 0.07333333333333333
0 0.558125 0.37 0.07625 0.08222222222222222
1 0.464375 0.4388888888888889 0.09375 0.12222222222222222
0 0.7925 0.5566666666666666 0.1125 0.14
0 0.19625 0.44 0.075 0.10222222222222223
0 0.126875 0.5533333333333333 0.09125 0.11555555555555555
0 0.59125 0.5633333333333334 0.1425 0.14888888888888888
0 0.736875 0.31444444444444447 0.06375 0.08222222222222222
1 0.54875 0.42777777777777776 0.065 0.13555555555555557
1 0.5425 0.31222222222222223 0.065 0.07777777777777778
0 0.89125 0.5388888888888889 0.0975 0.14444444444444443
0 0.74125 0.44 0.085 0.11555555555555555
1 0.5575 0.37555555555555553 0.0725 0.08888888888888889
0 0.24 0.5522222222222222 0.1 0.14
0 0.45375 0.56 0.13 0.1511111111111111
0 0.276875 0.43666666666666665 0.08875 0.10888888888888888
1 0.54375 0.2688888888888889 0.0525 0.07111111111111111
0 0.311875 0.2722222222222222 0.04625 0.07777777777777778
0 0.473125 0.31555555555555553 0.05875 0.06222222222222222
0 0.825 0.43777777777777777 0.085 0.10666666666666667
1 0.5375 0.23555555555555555 0.04 0.06222222222222222
1 0.488125 0.23555555555555555 0.04375 0.07111111111111111
1 0.366875 0.26555555555555554 0.04375 0.07333333333333333
0 0.7125 0.27555555555555555 0.0425 0.06666666666666667
0 0.67125 0.31666666666666665 0.0575 0.06888888888888889
0 0.45875 0.36333333333333334 0.0775 0.10444444444444445
0 0.54125 0.31222222222222223 0.065 0.07777777777777778
0 0.688125 0.37222222222222223 0.08375 0.08222222222222222
0 0.280625 0.31555555555555553 0.05125 0.07555555555555556
0 0.32375 0.37222222222222223 0.0725 0.08666666666666667
0 0.775 0.36777777777777776 0.065 0.08666666666666667
0 0.65625 0.27 0.0575 0.07777777777777778
1 0.45875 0.36333333333333334 0.0775 0.10444444444444445
1 0.488125 0.27555555555555555 0.04375 0.057777777777777775
