0 0.284375 0.31555555555555553 0.04625 0.07111111111111111
1 0.31 0.2688888888888889 0.045 0.08444444444444445
0 0.77125 0.37 0.0725 0.08666666666666667
0 0.240625 0.5544444444444444 0.10125 0.13555555555555557
2 0.456875 0.5488888888888889 0.13125 0.1688888888888889
0 0.46125 0.3711111111111111 0.085 0.08444444444444445
1 0.366875 0.26666666666666666 0.04625 0.07555555555555556
0 0.32125 0.37222222222222223 0.065 0.08666666666666667
0 0.539375 0.3088888888888889 0.06875 0.08
0 0.89125 0.5377777777777778 0.09 0.14222222222222222
0 0.74125 0.44 0.085 0.11555555555555555
1 0.793125 0.5466666666666666 0.10875 0.1688888888888889
0 0.6875 0.37333333333333335 0.085 0.08
0 0.74 0.31666666666666665 0.0675 0.07777777777777778
1 0.89125 0.5377777777777778 0.0925 0.14666666666666667
2 0.48875 0.23444444444444446 0.04 0.06888888888888889
7 0.460625 0.2833333333333333 0.09625 0.14
0 0.350625 0.3111111111111111 0.05375 0.08444444444444445
0 0.6725 0.31777777777777777 0.06 0.06666666666666667
0 0.591875 0.5644444444444444 0.13375 0.14222222222222222
2 0.13375 0.5377777777777778 0.09 0.14666666666666667
0 0.25125 0.35888888888888887 0.0675 0.10444444444444445
0 0.19625 0.4388888888888889 0.075 0.10444444444444445
1 0.825 0.43222222222222223 0.0825 0.12222222222222222
0 0.541875 0.2544444444444444 0.04875 0.06888888888888889
0 0.275625 0.43555555555555553 0.08875 0.1111111111111111
3 0.548125 0.4222222222222222 0.06625 0.15555555555555556
1 0.465 0.4411111111111111 0.0925 0.11333333333333333
0 0.713125 0.27666666666666667 0.04375 0.06444444444444444
