0 0.593125 0.5866666666666667 0.13625 0.12444444444444444
0 0.46375 0.44555555555555554 0.0925 0.11333333333333333
3 0.551875 0.41555555555555557 0.06875 0.16
1 0.489375 0.27555555555555555 0.04125 0.057777777777777775
0 0.471875 0.3655555555555556 0.08125 0.08666666666666667
0 0.6675 0.31666666666666665 0.0525 0.07333333333333333
0 0.826875 0.4477777777777778 0.09125 0.09555555555555556
0 0.543125 0.26555555555555554 0.05125 0.07777777777777778
0 0.791875 0.5511111111111111 0.11625 0.16
0 0.133125 0.54 0.09375 0.14222222222222222
1 0.711875 0.2777777777777778 0.04625 0.07555555555555556
0 0.656875 0.26555555555555554 0.05375 0.08666666666666667
0 0.53875 0.24666666666666667 0.0475 0.05333333333333334
0 0.24625 0.37222222222222223 0.07 0.08666666666666667
0 0.455 0.5666666666666667 0.13 0.1511111111111111
0 0.73625 0.43777777777777777 0.08 0.1288888888888889
1 0.769375 0.36333333333333334 0.06375 0.10444444444444445
3 0.896875 0.53 0.07125 0.1711111111111111
0 0.290625 0.4311111111111111 0.09875 0.14222222222222222
7 0.303125 0.4166666666666667 0.12625 0.16666666666666666
7 0.31875 0.36444444444444446 0.145 0.27555555555555555
0 0.24125 0.5544444444444444 0.1 0.14
1 0.485625 0.2388888888888889 0.04125 0.06888888888888889
1 0.458125 0.3088888888888889 0.06125 0.08888888888888889
0 0.540625 0.3188888888888889 0.07125 0.06888888888888889
0 0.19625 0.4444444444444444 0.075 0.09777777777777778
0 0.684375 0.36777777777777776 0.06375 0.08222222222222222
