0 0.613125 0.5611111111111111 0.10875 0.15777777777777777
0 0.736875 0.4311111111111111 0.07625 0.13333333333333333
0 0.4725 0.36333333333333334 0.075 0.08666666666666667
1 0.484375 0.2411111111111111 0.04375 0.07777777777777778
0 0.475625 0.30666666666666664 0.05375 0.08444444444444445
0 0.825625 0.4411111111111111 0.09125 0.10444444444444445
0 0.539375 0.24444444444444444 0.04875 0.05333333333333334
2 0.131875 0.5311111111111111 0.09125 0.15555555555555556
0 0.6875 0.35777777777777775 0.0775 0.1111111111111111
2 0.295 0.43222222222222223 0.08 0.13111111111111112
0 0.3275 0.3688888888888889 0.0675 0.08888888888888889
0 0.668125 0.31777777777777777 0.05375 0.06222222222222222
0 0.775 0.37444444444444447 0.0575 0.08222222222222222
2 0.8975 0.5333333333333333 0.0675 0.16444444444444445
0 0.441875 0.5644444444444444 0.10875 0.1511111111111111
0 0.31375 0.27444444444444444 0.0375 0.06
0 0.285625 0.31 0.05125 0.08666666666666667
3 0.239375 0.5266666666666666 0.08125 0.17333333333333334
1 0.131875 0.53 0.09125 0.15333333333333332
0 0.736875 0.3188888888888889 0.06375 0.06888888888888889
0 0.71375 0.27555555555555555 0.0475 0.07111111111111111
0 0.365 0.2633333333333333 0.05 0.08222222222222222
0 0.353125 0.32 0.06375 0.07111111111111111
0 0.6575 0.2644444444444444 0.0575 0.08888888888888889
0 0.5375 0.31555555555555553 0.07 0.07111111111111111
0 0.195625 0.4411111111111111 0.06875 0.1
0 0.2475 0.37 0.0675 0.08222222222222222
0 0.4625 0.4444444444444444 0.09 0.10222222222222223
0 0.790625 0.5555555555555556 0.11875 0.13333333333333333
