2 0.791875 0.55 0.10125 0.18
0 0.734375 0.4311111111111111 0.07625 0.13333333333333333
0 0.7125 0.2733333333333333 0.0475 0.07111111111111111
0 0.3525 0.32 0.0675 0.06666666666666667
2 0.240625 0.5288888888888889 0.07875 0.1688888888888889
7 0.929375 0.5077777777777778 0.14125 0.20666666666666667
0 0.481875 0.24444444444444444 0.04875 0.06222222222222222
0 0.655625 0.2644444444444444 0.05375 0.09333333333333334
0 0.191875 0.4477777777777778 0.06875 0.08666666666666667
0 0.361875 0.26666666666666666 0.05375 0.08
0 0.685 0.37333333333333335 0.08 0.08
0 0.538125 0.24555555555555555 0.04375 0.04666666666666667
0 0.73625 0.3188888888888889 0.0675 0.07333333333333333
0 0.5575 0.37444444444444447 0.0725 0.07333333333333333
0 0.46125 0.5622222222222222 0.1275 0.14666666666666667
0 0.826875 0.4388888888888889 0.08375 0.11333333333333333
0 0.473125 0.37444444444444447 0.07625 0.07333333333333333
3 0.31125 0.27111111111111114 0.04 0.08
0 0.32875 0.37 0.0675 0.08666666666666667
2 0.55 0.4222222222222222 0.0625 0.14666666666666667
0 0.66875 0.3188888888888889 0.0575 0.06444444444444444
0 0.248125 0.3688888888888889 0.07375 0.08
0 0.7675 0.37222222222222223 0.07 0.08666666666666667
0 0.545 0.26666666666666666 0.05 0.08
0 0.281875 0.31222222222222223 0.04875 0.08666666666666667
0 0.471875 0.44333333333333336 0.08875 0.10888888888888888
0 0.5875 0.55 0.125 0.16666666666666666
0 0.29375 0.43777777777777777 0.0875 0.12
0 0.540625 0.32222222222222224 0.07625 0.07111111111111111
0 0.131875 0.5411111111111111 0.09375 0.13555555555555557
