0 0.535625 0.31666666666666665 0.06625 0.06888888888888889
0 0.4775 0.3111111111111111 0.05 0.08444444444444445
0 0.766875 0.3711111111111111 0.07125 0.08444444444444445
2 0.89875 0.5333333333333333 0.0675 0.16444444444444445
0 0.735625 0.31555555555555553 0.06625 0.08
0 0.538125 0.24222222222222223 0.04625 0.05333333333333334
7 0.265625 0.5155555555555555 0.19875 0.27111111111111114
0 0.470625 0.44666666666666666 0.09125 0.11555555555555555
1 0.356875 0.30777777777777776 0.05125 0.08222222222222222
0 0.47125 0.37444444444444447 0.0825 0.08222222222222222
0 0.6675 0.31777777777777777 0.055 0.06666666666666667
0 0.738125 0.45 0.08625 0.09555555555555556
0 0.329375 0.3711111111111111 0.06375 0.08888888888888889
0 0.13375 0.5311111111111111 0.0925 0.14222222222222222
1 0.361875 0.26555555555555554 0.05375 0.07777777777777778
0 0.685625 0.37333333333333335 0.08375 0.08
0 0.480625 0.24444444444444444 0.04625 0.057777777777777775
3 0.789375 0.5477777777777778 0.09875 0.16666666666666666
0 0.711875 0.27444444444444444 0.04625 0.07333333333333333
0 0.4575 0.5644444444444444 0.13 0.14666666666666667
2 0.653125 0.2577777777777778 0.05125 0.10222222222222223
0 0.825625 0.45 0.08875 0.09111111111111111
1 0.303125 0.2733333333333333 0.04875 0.08888888888888889
0 0.55375 0.3711111111111111 0.08 0.08444444444444445
1 0.6525 0.26 0.0525 0.10222222222222223
0 0.546875 0.26555555555555554 0.04875 0.07777777777777778
0 0.5975 0.56 0.14 0.16444444444444445
2 0.2525 0.35 0.0575 0.10888888888888888
2 0.55125 0.42777777777777776 0.0625 0.14444444444444443
