0 0.739375 0.4533333333333333 0.08875 0.09333333333333334
0 0.68625 0.3655555555555556 0.08 0.09111111111111111
0 0.535625 0.31444444444444447 0.07125 0.08222222222222222
1 0.710625 0.2733333333333333 0.04375 0.07111111111111111
0 0.19375 0.4444444444444444 0.0675 0.09777777777777778
1 0.35625 0.30777777777777776 0.05 0.08666666666666667
0 0.455 0.56 0.1325 0.1511111111111111
0 0.479375 0.24555555555555555 0.04625 0.06
0 0.738125 0.3111111111111111 0.05875 0.08444444444444445
0 0.665 0.3188888888888889 0.055 0.06444444444444444
0 0.539375 0.24 0.04875 0.057777777777777775
2 0.8975 0.5333333333333333 0.0675 0.16444444444444445
0 0.55625 0.37222222222222223 0.0725 0.07777777777777778
0 0.5475 0.2733333333333333 0.05 0.06222222222222222
2 0.655 0.25555555555555554 0.0475 0.09333333333333334
2 0.55 0.42333333333333334 0.065 0.14444444444444443
0 0.470625 0.44333333333333336 0.09375 0.11777777777777777
0 0.47625 0.30333333333333334 0.05 0.07777777777777778
0 0.768125 0.37555555555555553 0.07125 0.07555555555555556
1 0.13875 0.5311111111111111 0.085 0.1511111111111111
0 0.825625 0.45 0.09125 0.09111111111111111
0 0.79125 0.5455555555555556 0.0975 0.1622222222222222
0 0.596875 0.5611111111111111 0.14125 0.1622222222222222
0 0.47125 0.37333333333333335 0.08 0.08444444444444445
1 0.30625 0.27111111111111114 0.0525 0.08444444444444445
1 0.3625 0.26555555555555554 0.055 0.07777777777777778
