2 0.79625 0.5422222222222223 0.095 0.15555555555555556
1 0.285 0.31 0.0575 0.08222222222222222
0 0.7675 0.3622222222222222 0.065 0.09333333333333334
0 0.134375 0.5522222222222222 0.08875 0.12666666666666668
0 0.47 0.4444444444444444 0.0925 0.11555555555555555
0 0.545625 0.2688888888888889 0.04875 0.07111111111111111
0 0.664375 0.3188888888888889 0.05875 0.06444444444444444
0 0.53875 0.24333333333333335 0.0475 0.05555555555555555
0 0.47 0.37333333333333335 0.085 0.08444444444444445
0 0.534375 0.31333333333333335 0.07125 0.07555555555555556
1 0.360625 0.2677777777777778 0.05375 0.07333333333333333
4 0.6525 0.2577777777777778 0.05 0.10222222222222223
0 0.24125 0.36444444444444446 0.055 0.08
2 0.8975 0.5322222222222223 0.0675 0.16666666666666666
0 0.74 0.45111111111111113 0.0925 0.09333333333333334
2 0.551875 0.4222222222222222 0.06875 0.14666666666666667
2 0.736875 0.3088888888888889 0.05375 0.09333333333333334
0 0.455 0.5611111111111111 0.1325 0.14888888888888888
0 0.488125 0.27111111111111114 0.05125 0.07111111111111111
1 0.310625 0.2722222222222222 0.03875 0.08222222222222222
0 0.68625 0.36777777777777776 0.0825 0.08666666666666667
0 0.199375 0.4222222222222222 0.06625 0.1288888888888889
0 0.5975 0.5655555555555556 0.14 0.15333333333333332
0 0.47875 0.24444444444444444 0.0425 0.057777777777777775
0 0.559375 0.37222222222222223 0.06875 0.08666666666666667
0 0.478125 0.3011111111111111 0.05375 0.08222222222222222
1 0.79375 0.5422222222222223 0.095 0.15555555555555556
0 0.82625 0.45 0.0875 0.09111111111111111
1 0.709375 0.27444444444444444 0.04375 0.07333333333333333
