1 0.535 0.29444444444444445 0.0575 0.10888888888888888
0 0.289375 0.43777777777777777 0.08125 0.12
0 0.248125 0.3711111111111111 0.06375 0.08444444444444445
2 0.131875 0.5166666666666667 0.06875 0.18
0 0.745 0.3211111111111111 0.065 0.07333333333333333
4 0.205 0.4211111111111111 0.0625 0.13555555555555557
0 0.734375 0.4388888888888889 0.08125 0.12222222222222222
0 0.7125 0.27666666666666667 0.0475 0.06888888888888889
2 0.89875 0.5288888888888889 0.0675 0.16444444444444445
0 0.668125 0.3188888888888889 0.06125 0.06888888888888889
2 0.364375 0.27666666666666667 0.04875 0.06888888888888889
1 0.48375 0.27 0.04 0.06444444444444444
0 0.349375 0.31777777777777777 0.05625 0.07555555555555556
0 0.6875 0.37222222222222223 0.08 0.08222222222222222
0 0.77125 0.37 0.0625 0.09111111111111111
0 0.45375 0.5688888888888889 0.1375 0.13777777777777778
0 0.59625 0.5866666666666667 0.1375 0.12
2 0.2375 0.53 0.0775 0.16666666666666666
2 0.65625 0.25555555555555554 0.045 0.09333333333333334
0 0.326875 0.35888888888888887 0.05625 0.10888888888888888
0 0.823125 0.4477777777777778 0.09375 0.1
2 0.795625 0.5455555555555556 0.07875 0.15777777777777777
1 0.48375 0.24 0.0425 0.07111111111111111
0 0.280625 0.31777777777777777 0.05375 0.08
1 0.54125 0.24 0.045 0.08444444444444445
