0 0.47875 0.37444444444444447 0.0775 0.07777777777777778
0 0.539375 0.29333333333333333 0.06375 0.10666666666666667
0 0.324375 0.3622222222222222 0.05375 0.10666666666666667
1 0.31125 0.2733333333333333 0.0425 0.08
0 0.456875 0.5566666666666666 0.13875 0.15333333333333332
0 0.349375 0.31333333333333335 0.05875 0.07555555555555556
1 0.250625 0.3611111111111111 0.05625 0.1
0 0.825 0.44666666666666666 0.0875 0.10222222222222223
2 0.65625 0.25666666666666665 0.045 0.09111111111111111
3 0.548125 0.42444444444444446 0.06125 0.14222222222222222
3 0.47625 0.30777777777777776 0.0475 0.07777777777777778
3 0.24 0.5322222222222223 0.0775 0.1711111111111111
7 0.435 0.37222222222222223 0.1425 0.19333333333333333
0 0.7725 0.37666666666666665 0.06 0.08222222222222222
2 0.1325 0.5177777777777778 0.0725 0.18222222222222223
0 0.715 0.27555555555555555 0.05 0.07555555555555556
2 0.20625 0.4266666666666667 0.06 0.13777777777777778
0 0.281875 0.31666666666666665 0.04875 0.07777777777777778
3 0.896875 0.5322222222222223 0.07125 0.15777777777777777
0 0.746875 0.32 0.06375 0.07555555555555556
0 0.73375 0.43444444444444447 0.08 0.13111111111111112
2 0.589375 0.5433333333333333 0.12625 0.18444444444444444
0 0.545 0.2633333333333333 0.0525 0.07777777777777778
0 0.5425 0.24 0.05 0.06222222222222222
0 0.690625 0.36444444444444446 0.07625 0.09333333333333334
1 0.793125 0.5455555555555556 0.07625 0.15777777777777777
2 0.48125 0.2644444444444444 0.045 0.08
0 0.6675 0.31666666666666665 0.0575 0.06888888888888889
