2 0.473125 0.3055555555555556 0.05625 0.08222222222222222
1 0.550625 0.4255555555555556 0.06125 0.14
0 0.45875 0.5555555555555556 0.1325 0.14666666666666667
1 0.133125 0.5211111111111111 0.07875 0.17555555555555555
0 0.773125 0.3688888888888889 0.05625 0.09333333333333334
0 0.684375 0.3688888888888889 0.07375 0.08
2 0.47875 0.2644444444444444 0.045 0.07111111111111111
0 0.71375 0.27555555555555555 0.0475 0.07555555555555556
3 0.65625 0.2577777777777778 0.0475 0.09333333333333334
0 0.833125 0.4477777777777778 0.08875 0.09555555555555556
0 0.54 0.24333333333333335 0.0475 0.06444444444444444
4 0.199375 0.4211111111111111 0.07125 0.14
1 0.240625 0.5277777777777778 0.07625 0.1711111111111111
2 0.586875 0.54 0.10375 0.2
0 0.246875 0.3566666666666667 0.05375 0.09111111111111111
4 0.470625 0.30666666666666664 0.05875 0.09777777777777778
3 0.89625 0.5322222222222223 0.075 0.1622222222222222
2 0.539375 0.29444444444444445 0.05125 0.1
1 0.795 0.5355555555555556 0.0825 0.16444444444444445
0 0.281875 0.43555555555555553 0.07375 0.12
4 0.469375 0.34 0.06625 0.12
0 0.28 0.3233333333333333 0.055 0.06444444444444444
2 0.7325 0.43 0.07 0.13555555555555557
1 0.479375 0.4266666666666667 0.07125 0.1288888888888889
0 0.6675 0.31222222222222223 0.0525 0.07333333333333333
0 0.741875 0.31333333333333335 0.06375 0.08
