2 0.538125 0.2922222222222222 0.05375 0.10444444444444445
0 0.671875 0.2611111111111111 0.05625 0.07333333333333333
1 0.540625 0.2477777777777778 0.05125 0.08222222222222222
2 0.79625 0.5366666666666666 0.08 0.16666666666666666
0 0.770625 0.37666666666666665 0.06375 0.07333333333333333
0 0.454375 0.5655555555555556 0.13875 0.14444444444444443
1 0.2925 0.42333333333333334 0.08 0.14888888888888888
4 0.130625 0.5166666666666667 0.08375 0.18444444444444444
3 0.896875 0.5311111111111111 0.07625 0.16
0 0.694375 0.37 0.07625 0.08222222222222222
0 0.349375 0.32 0.06125 0.06666666666666667
4 0.590625 0.5366666666666666 0.08125 0.18444444444444444
7 0.460625 0.3244444444444444 0.13375 0.18666666666666668
0 0.324375 0.36 0.05625 0.10222222222222223
0 0.30875 0.2688888888888889 0.0575 0.08888888888888889
0 0.24625 0.35777777777777775 0.0575 0.09333333333333334
1 0.538125 0.2922222222222222 0.05375 0.10888888888888888
0 0.713125 0.27444444444444444 0.04375 0.07333333333333333
0 0.364375 0.2722222222222222 0.04625 0.07333333333333333
4 0.199375 0.4211111111111111 0.06625 0.14
0 0.28 0.3244444444444444 0.0525 0.057777777777777775
0 0.731875 0.4388888888888889 0.08375 0.10888888888888888
0 0.668125 0.31777777777777777 0.06125 0.06222222222222222
0 0.835 0.44555555555555554 0.0875 0.1
0 0.740625 0.31 0.06125 0.09111111111111111
