1 0.536875 0.29333333333333333 0.04875 0.09777777777777778
0 0.714375 0.27444444444444444 0.04625 0.07333333333333333
1 0.553125 0.4255555555555556 0.06625 0.12666666666666668
0 0.54125 0.24666666666666667 0.05 0.057777777777777775
2 0.555 0.4266666666666667 0.065 0.1288888888888889
0 0.74875 0.45222222222222225 0.0825 0.09111111111111111
4 0.12875 0.5133333333333333 0.085 0.18222222222222223
4 0.57875 0.5233333333333333 0.115 0.20666666666666667
0 0.693125 0.37333333333333335 0.08625 0.08
2 0.799375 0.5388888888888889 0.07625 0.1711111111111111
4 0.481875 0.26 0.05125 0.08444444444444445
2 0.285625 0.3111111111111111 0.03875 0.08888888888888889
3 0.655625 0.2577777777777778 0.04875 0.09777777777777778
1 0.543125 0.36333333333333334 0.07375 0.09555555555555556
0 0.7675 0.3611111111111111 0.06 0.09111111111111111
0 0.45375 0.5544444444444444 0.125 0.1622222222222222
0 0.736875 0.31222222222222223 0.05875 0.07777777777777778
2 0.256875 0.35333333333333333 0.04625 0.09777777777777778
4 0.203125 0.41888888888888887 0.06375 0.14444444444444443
2 0.82125 0.42777777777777776 0.0525 0.12666666666666668
0 0.668125 0.31666666666666665 0.05875 0.06888888888888889
2 0.475 0.35444444444444445 0.06 0.10444444444444445
1 0.899375 0.5311111111111111 0.06625 0.16
1 0.47375 0.3055555555555556 0.05 0.07777777777777778
