2 0.651875 0.3877777777777778 0.09375 0.18888888888888888
2 0.338125 0.77 0.15875 0.3711111111111111
2 0.70375 0.30333333333333334 0.0625 0.15333333333333332
2 0.911875 0.31666666666666665 0.07875 0.1622222222222222
2 0.151875 0.24 0.05375 0.12
2 0.618125 0.30777777777777776 0.07625 0.1711111111111111
2 0.044375 0.3988888888888889 0.08875 0.18
2 0.930625 0.24 0.06125 0.13333333333333333
1 0.398125 0.3988888888888889 0.10625 0.18
2 0.0325 0.31222222222222223 0.0625 0.1
2 0.229375 0.5522222222222222 0.11625 0.18444444444444444
2 0.924375 0.7755555555555556 0.14375 0.3288888888888889
2 0.690625 0.5455555555555556 0.11625 0.22444444444444445
2 0.12375 0.31 0.0725 0.14
2 0.36625 0.5522222222222222 0.13 0.21555555555555556
2 0.4125 0.3022222222222222 0.0725 0.1511111111111111
2 0.320625 0.3022222222222222 0.08375 0.18666666666666668
2 0.085625 0.24 0.05125 0.12444444444444444
2 0.5925 0.23777777777777778 0.0625 0.14222222222222222
2 0.356875 0.2388888888888889 0.06375 0.11777777777777777
1 0.4425 0.23333333333333334 0.0675 0.14666666666666667
2 0.81625 0.5477777777777778 0.115 0.18888888888888888
2 0.673125 0.23 0.05625 0.12666666666666668
2 0.755625 0.39 0.08875 0.18444444444444444
2 0.84625 0.25 0.0625 0.13111111111111112
2 0.27875 0.4211111111111111 0.105 0.2111111111111111
2 0.775625 0.7633333333333333 0.15375 0.34
2 0.166875 0.7566666666666667 0.17875 0.32666666666666666
