2 0.3375 0.7711111111111111 0.1625 0.36444444444444446
2 0.440625 0.23666666666666666 0.06125 0.15333333333333332
2 0.92375 0.7711111111111111 0.14 0.3288888888888889
1 0.5975 0.24444444444444444 0.075 0.12444444444444444
2 0.073125 0.2511111111111111 0.06125 0.11555555555555555
2 0.70625 0.3088888888888889 0.065 0.14666666666666667
2 0.04 0.40444444444444444 0.0775 0.18222222222222223
2 0.410625 0.30333333333333334 0.07125 0.14444444444444443
2 0.8125 0.5488888888888889 0.12 0.18666666666666668
2 0.618125 0.31 0.07875 0.16666666666666666
2 0.9325 0.23555555555555555 0.06 0.13333333333333333
2 0.76 0.39 0.09 0.17555555555555555
2 0.0325 0.31555555555555553 0.06 0.10222222222222223
1 0.6175 0.30666666666666664 0.08 0.16444444444444445
2 0.655 0.3877777777777778 0.0875 0.18
2 0.22375 0.5477777777777778 0.1175 0.2111111111111111
2 0.690625 0.5455555555555556 0.11625 0.22444444444444445
2 0.365625 0.5555555555555556 0.12875 0.20444444444444446
2 0.3975 0.4 0.1 0.19111111111111112
1 0.161875 0.7844444444444445 0.17125 0.3688888888888889
2 0.91125 0.31222222222222223 0.08 0.15777777777777777
2 0.3225 0.30444444444444446 0.08 0.17777777777777778
2 0.671875 0.23 0.05625 0.13111111111111112
1 0.14 0.2388888888888889 0.065 0.09555555555555556
2 0.12375 0.3111111111111111 0.0725 0.14222222222222222
2 0.2825 0.4177777777777778 0.1 0.2
2 0.8475 0.25222222222222224 0.065 0.12222222222222222
2 0.355625 0.2388888888888889 0.05875 0.13111111111111112
