2 0.814375 0.5444444444444444 0.11875 0.18222222222222223
2 0.84875 0.2511111111111111 0.065 0.12
2 0.28125 0.41444444444444445 0.0975 0.19333333333333333
2 0.594375 0.23666666666666666 0.05875 0.13555555555555557
2 0.323125 0.3088888888888889 0.07625 0.1688888888888889
2 0.411875 0.31222222222222223 0.07875 0.13111111111111112
2 0.691875 0.5477777777777778 0.11875 0.22
2 0.705625 0.30666666666666664 0.06375 0.14222222222222222
2 0.655 0.39 0.0925 0.17555555555555555
2 0.618125 0.31222222222222223 0.07625 0.16666666666666666
2 0.0375 0.3088888888888889 0.0725 0.13333333333333333
2 0.67375 0.23222222222222222 0.055 0.12666666666666668
2 0.775625 0.7711111111111111 0.14875 0.32
2 0.3675 0.5533333333333333 0.125 0.20444444444444446
2 0.760625 0.39111111111111113 0.08375 0.17777777777777778
2 0.91375 0.3233333333333333 0.0775 0.14888888888888888
2 0.34 0.75 0.155 0.3711111111111111
2 0.084375 0.24333333333333335 0.04625 0.12666666666666668
2 0.148125 0.24222222222222223 0.05375 0.09777777777777778
2 0.354375 0.24222222222222223 0.06125 0.13333333333333333
2 0.931875 0.23444444444444446 0.05875 0.11777777777777777
2 0.169375 0.7622222222222222 0.17375 0.3688888888888889
2 0.229375 0.5455555555555556 0.10625 0.20222222222222222
2 0.92 0.76 0.1375 0.3022222222222222
2 0.975625 0.31666666666666665 0.04375 0.13111111111111112
2 0.126875 0.3055555555555556 0.07625 0.15333333333333332
2 0.395 0.4033333333333333 0.1025 0.16666666666666666
2 0.44 0.23666666666666666 0.065 0.14444444444444443
2 0.04125 0.4033333333333333 0.08 0.17555555555555555
