2 0.81125 0.5455555555555556 0.12 0.18888888888888888
2 0.13625 0.30777777777777776 0.0875 0.15777777777777777
2 0.690625 0.5355555555555556 0.11125 0.24
2 0.4 0.4111111111111111 0.125 0.16
2 0.225 0.55 0.12 0.19333333333333333
2 0.175625 0.7722222222222223 0.16875 0.34444444444444444
2 0.44125 0.23333333333333334 0.065 0.13777777777777778
2 0.93125 0.23444444444444446 0.0625 0.12666666666666668
2 0.976875 0.31 0.04125 0.14
2 0.6725 0.23555555555555555 0.0475 0.11555555555555555
2 0.413125 0.31 0.07875 0.13555555555555557
4 0.316875 0.30444444444444446 0.10375 0.2
2 0.7725 0.7777777777777778 0.15 0.3244444444444444
2 0.28125 0.41444444444444445 0.1025 0.19333333333333333
2 0.974375 0.40555555555555556 0.04875 0.14888888888888888
2 0.9175 0.75 0.14 0.2733333333333333
2 0.085625 0.2511111111111111 0.05125 0.12
2 0.848125 0.25555555555555554 0.06125 0.12444444444444444
2 0.354375 0.24 0.05875 0.1288888888888889
2 0.0375 0.30666666666666664 0.075 0.1288888888888889
2 0.040625 0.4033333333333333 0.07625 0.17555555555555555
2 0.61875 0.31444444444444447 0.0825 0.16666666666666666
2 0.365625 0.5511111111111111 0.12375 0.2
2 0.91625 0.3188888888888889 0.0725 0.14888888888888888
2 0.701875 0.30777777777777776 0.05625 0.14444444444444443
2 0.591875 0.23555555555555555 0.05625 0.13333333333333333
2 0.65625 0.39444444444444443 0.085 0.16666666666666666
5 0.76875 0.3511111111111111 0.09 0.26222222222222225
2 0.153125 0.24555555555555555 0.05375 0.1
