3 0.48375 0.8766666666666667 0.1325 0.24222222222222223
3 0.820625 0.49 0.08625 0.14444444444444443
2 0.861875 0.3788888888888889 0.07125 0.11777777777777777
2 0.48375 0.26666666666666666 0.075 0.1288888888888889
3 0.93 0.5155555555555555 0.085 0.13333333333333333
2 0.4725 0.3433333333333333 0.0775 0.1622222222222222
2 0.810625 0.2922222222222222 0.06625 0.13555555555555557
3 0.60625 0.6111111111111112 0.1175 0.2088888888888889
2 0.25 0.25 0.06 0.12666666666666668
3 0.474375 0.5988888888888889 0.10125 0.22444444444444445
2 0.224375 0.34555555555555556 0.05875 0.13555555555555557
2 0.056875 0.5911111111111111 0.11375 0.2
3 0.108125 0.8511111111111112 0.12875 0.21777777777777776
3 0.199375 0.6033333333333334 0.11875 0.18888888888888888
2 0.758125 0.3655555555555556 0.07125 0.14888888888888888
2 0.341875 0.25555555555555554 0.06625 0.11555555555555555
3 0.485 0.4533333333333333 0.09 0.17777777777777778
3 0.126875 0.4622222222222222 0.06875 0.14222222222222222
3 0.628125 0.88 0.13375 0.2
2 0.564375 0.34444444444444444 0.06875 0.13777777777777778
3 0.88 0.6555555555555556 0.0925 0.19111111111111112
2 0.568125 0.27666666666666667 0.07125 0.12666666666666668
2 0.74 0.29555555555555557 0.07 0.12
3 0.595 0.45 0.09 0.14444444444444443
