2 0.13125 0.3088888888888889 0.08 0.16
2 0.0825 0.24666666666666667 0.0475 0.12
2 0.673125 0.23666666666666666 0.05375 0.11777777777777777
2 0.403125 0.41333333333333333 0.12125 0.16
1 0.17125 0.7744444444444445 0.1675 0.33111111111111113
2 0.70625 0.3111111111111111 0.0675 0.1511111111111111
2 0.28375 0.41444444444444445 0.1025 0.18888888888888888
2 0.32 0.29888888888888887 0.075 0.1622222222222222
2 0.930625 0.23666666666666666 0.05875 0.11777777777777777
2 0.775 0.7722222222222223 0.145 0.32222222222222224
2 0.35375 0.24 0.06 0.12444444444444444
2 0.763125 0.3888888888888889 0.09375 0.18222222222222223
2 0.41375 0.31222222222222223 0.08 0.13555555555555557
2 0.65625 0.39222222222222225 0.0825 0.16666666666666666
2 0.921875 0.7733333333333333 0.13875 0.28444444444444444
2 0.84875 0.25333333333333335 0.065 0.12
2 0.44 0.23333333333333334 0.065 0.14222222222222222
2 0.8125 0.5522222222222222 0.1225 0.20222222222222222
2 0.340625 0.7588888888888888 0.15875 0.3844444444444444
2 0.593125 0.23666666666666666 0.05625 0.13555555555555557
2 0.91875 0.32222222222222224 0.075 0.14222222222222222
2 0.034375 0.3088888888888889 0.06875 0.12
2 0.224375 0.5511111111111111 0.11875 0.2
2 0.040625 0.4033333333333333 0.07625 0.18
2 0.365 0.5544444444444444 0.13 0.20666666666666667
2 0.618125 0.3055555555555556 0.08125 0.1622222222222222
2 0.688125 0.54 0.10875 0.2311111111111111
2 0.1525 0.24222222222222223 0.0525 0.10222222222222223
