2 0.923125 0.7777777777777778 0.13625 0.32
4 0.26 0.3988888888888889 0.1425 0.18888888888888888
2 0.616875 0.3111111111111111 0.08125 0.1688888888888889
2 0.9325 0.23666666666666666 0.06 0.12666666666666668
2 0.228125 0.5522222222222222 0.11625 0.19777777777777777
2 0.7025 0.31 0.0575 0.14444444444444443
3 0.17125 0.76 0.1825 0.3422222222222222
4 0.764375 0.3655555555555556 0.11125 0.21555555555555556
2 0.399375 0.4122222222222222 0.08375 0.16666666666666666
2 0.673125 0.23222222222222222 0.05375 0.12666666666666668
2 0.8425 0.25 0.0675 0.14
2 0.651875 0.39444444444444443 0.08625 0.16666666666666666
4 0.915 0.3 0.09 0.17333333333333334
2 0.0325 0.30333333333333334 0.0625 0.13111111111111112
5 0.139375 0.29555555555555557 0.06625 0.17333333333333334
2 0.3175 0.29777777777777775 0.0825 0.17777777777777778
3 0.81 0.5522222222222222 0.1275 0.18444444444444444
3 0.69125 0.5277777777777778 0.11 0.23333333333333334
2 0.350625 0.23666666666666666 0.06625 0.12222222222222222
3 0.364375 0.5555555555555556 0.12875 0.21777777777777776
5 0.08875 0.2644444444444444 0.0475 0.16444444444444445
2 0.44125 0.23444444444444446 0.0675 0.13555555555555557
2 0.593125 0.23777777777777778 0.05625 0.13333333333333333
3 0.765 0.7888888888888889 0.135 0.31555555555555553
2 0.41125 0.31222222222222223 0.0825 0.14
4 0.939375 0.2544444444444444 0.07875 0.15777777777777777
1 0.040625 0.4022222222222222 0.08125 0.17333333333333334
