2 0.35375 0.2388888888888889 0.06 0.12666666666666668
2 0.27875 0.41555555555555557 0.11 0.19555555555555557
2 0.39875 0.41333333333333333 0.085 0.1688888888888889
2 0.978125 0.4088888888888889 0.03875 0.1511111111111111
2 0.69375 0.5411111111111111 0.11 0.22444444444444445
1 0.17375 0.7688888888888888 0.17 0.3288888888888889
2 0.08625 0.24333333333333335 0.045 0.12666666666666668
2 0.930625 0.2388888888888889 0.06125 0.13111111111111112
2 0.150625 0.24333333333333335 0.05125 0.1
2 0.904375 0.31333333333333335 0.07625 0.15555555555555556
2 0.6725 0.2311111111111111 0.055 0.12444444444444444
2 0.846875 0.2544444444444444 0.06125 0.12222222222222222
2 0.12375 0.3088888888888889 0.08 0.16
2 0.758125 0.3877777777777778 0.08625 0.18444444444444444
2 0.03125 0.31333333333333335 0.0625 0.10666666666666667
2 0.705625 0.3111111111111111 0.06625 0.14666666666666667
2 0.591875 0.23666666666666666 0.05625 0.13555555555555557
2 0.44125 0.23222222222222222 0.065 0.13555555555555557
2 0.225 0.5488888888888889 0.12 0.19111111111111112
2 0.811875 0.5522222222222222 0.12375 0.18888888888888888
2 0.411875 0.31222222222222223 0.08125 0.13555555555555557
1 0.774375 0.7811111111111111 0.16375 0.3
2 0.040625 0.4022222222222222 0.07875 0.17333333333333334
3 0.924375 0.7822222222222223 0.13375 0.3022222222222222
2 0.655625 0.39444444444444443 0.08375 0.16666666666666666
2 0.6175 0.3088888888888889 0.08 0.16444444444444445
2 0.365 0.5466666666666666 0.13 0.2088888888888889
2 0.318125 0.3 0.07625 0.1688888888888889
