2 0.408125 0.31444444444444447 0.07875 0.13555555555555557
2 0.848125 0.2544444444444444 0.06125 0.12666666666666668
2 0.75625 0.7444444444444445 0.12 0.29333333333333333
2 0.764375 0.39666666666666667 0.09125 0.16666666666666666
2 0.281875 0.41333333333333333 0.10625 0.18666666666666668
2 0.3325 0.7344444444444445 0.13 0.32222222222222224
2 0.125 0.30666666666666664 0.0725 0.14666666666666667
2 0.69625 0.5422222222222223 0.1075 0.2088888888888889
2 0.354375 0.24222222222222223 0.05875 0.1288888888888889
2 0.3675 0.5522222222222222 0.1325 0.20222222222222222
2 0.151875 0.24555555555555555 0.05125 0.1
2 0.396875 0.4122222222222222 0.08625 0.15777777777777777
2 0.320625 0.30333333333333334 0.07375 0.15777777777777777
2 0.084375 0.2477777777777778 0.04625 0.12222222222222222
2 0.978125 0.31444444444444447 0.04125 0.13555555555555557
2 0.665625 0.23555555555555555 0.05125 0.11555555555555555
2 0.6175 0.3 0.0725 0.17777777777777778
2 0.194375 0.7422222222222222 0.13625 0.29333333333333333
2 0.813125 0.5433333333333333 0.12375 0.18444444444444444
2 0.915625 0.3188888888888889 0.07125 0.13111111111111112
2 0.036875 0.30444444444444446 0.06875 0.12
2 0.9325 0.23666666666666666 0.0575 0.12666666666666668
2 0.5875 0.23555555555555555 0.0525 0.14222222222222222
2 0.92375 0.7744444444444445 0.1375 0.31777777777777777
2 0.4425 0.23333333333333334 0.0675 0.13333333333333333
2 0.658125 0.38555555555555554 0.08625 0.18444444444444444
2 0.225 0.5477777777777778 0.115 0.19333333333333333
2 0.7025 0.3055555555555556 0.065 0.13555555555555557
1 0.97 0.41333333333333333 0.0575 0.14222222222222222
2 0.04 0.4022222222222222 0.08 0.17777777777777778
