2 0.978125 0.31333333333333335 0.04375 0.13777777777777778
2 0.848125 0.2544444444444444 0.06125 0.12666666666666668
2 0.69625 0.5433333333333333 0.1075 0.2111111111111111
2 0.619375 0.30444444444444446 0.07625 0.17777777777777778
2 0.333125 0.7366666666666667 0.12625 0.31777777777777777
2 0.159375 0.24333333333333335 0.04875 0.10444444444444445
2 0.04 0.4033333333333333 0.0775 0.17555555555555555
2 0.59 0.23666666666666666 0.055 0.14
2 0.399375 0.41555555555555557 0.08625 0.1688888888888889
2 0.280625 0.41555555555555557 0.10625 0.18222222222222223
2 0.36875 0.5577777777777778 0.135 0.2
2 0.933125 0.23555555555555555 0.05875 0.12444444444444444
2 0.76125 0.3933333333333333 0.0825 0.1688888888888889
2 0.91625 0.31666666666666665 0.0725 0.13555555555555557
2 0.32125 0.30333333333333334 0.0725 0.15333333333333332
2 0.125 0.30666666666666664 0.0725 0.1511111111111111
2 0.92375 0.7733333333333333 0.1375 0.31555555555555553
2 0.083125 0.2477777777777778 0.04625 0.12222222222222222
2 0.036875 0.3022222222222222 0.07125 0.12444444444444444
2 0.44125 0.23222222222222222 0.0675 0.13555555555555557
1 0.97 0.4122222222222222 0.0575 0.14444444444444443
2 0.35625 0.24 0.055 0.1288888888888889
2 0.813125 0.5444444444444444 0.12375 0.18222222222222223
2 0.1775 0.7666666666666667 0.17 0.37777777777777777
2 0.23 0.5522222222222222 0.1025 0.19777777777777777
2 0.70375 0.30333333333333334 0.065 0.13111111111111112
2 0.6675 0.23666666666666666 0.0525 0.11777777777777777
2 0.408125 0.31555555555555553 0.07875 0.13777777777777778
2 0.756875 0.7444444444444445 0.12125 0.28888888888888886
2 0.65875 0.38666666666666666 0.085 0.17777777777777778
