2 0.846875 0.25222222222222224 0.06125 0.14
2 0.6925 0.5333333333333333 0.1175 0.22666666666666666
2 0.316875 0.30333333333333334 0.08625 0.17555555555555555
2 0.979375 0.3111111111111111 0.03125 0.13777777777777778
2 0.355625 0.24555555555555555 0.06375 0.13111111111111112
1 0.1825 0.7611111111111111 0.165 0.3088888888888889
2 0.93125 0.2411111111111111 0.07 0.14
2 0.59 0.22666666666666666 0.0675 0.14222222222222222
2 0.925 0.76 0.1425 0.28444444444444444
2 0.08125 0.24666666666666667 0.05 0.12
2 0.670625 0.22444444444444445 0.05625 0.1288888888888889
2 0.396875 0.4077777777777778 0.10875 0.1711111111111111
2 0.653125 0.39 0.09375 0.19333333333333333
2 0.914375 0.3188888888888889 0.09125 0.14888888888888888
2 0.158125 0.23666666666666666 0.06125 0.11777777777777777
2 0.04625 0.4033333333333333 0.0825 0.1711111111111111
2 0.419375 0.3022222222222222 0.08125 0.1511111111111111
2 0.704375 0.3022222222222222 0.06375 0.14222222222222222
2 0.27875 0.41555555555555557 0.11 0.18666666666666668
1 0.439375 0.23555555555555555 0.06875 0.13777777777777778
2 0.819375 0.5488888888888889 0.11125 0.19555555555555557
2 0.131875 0.30777777777777776 0.06875 0.1622222222222222
2 0.759375 0.3811111111111111 0.08875 0.17555555555555555
2 0.371875 0.5422222222222223 0.12125 0.2
2 0.619375 0.3 0.07125 0.18222222222222223
2 0.04125 0.3088888888888889 0.0725 0.1288888888888889
2 0.775625 0.7566666666666667 0.15875 0.30444444444444446
2 0.344375 0.7355555555555555 0.15625 0.36
2 0.225625 0.5488888888888889 0.11875 0.19111111111111112
