1 0.7 0.3111111111111111 0.0675 0.1511111111111111
1 0.183125 0.7511111111111111 0.15125 0.3022222222222222
1 0.413125 0.32 0.09875 0.14666666666666667
1 0.313125 0.30777777777777776 0.08625 0.15777777777777777
0 0.90625 0.34 0.085 0.12
1 0.340625 0.7466666666666667 0.16125 0.30666666666666664
1 0.155 0.23777777777777778 0.0525 0.12444444444444444
1 0.438125 0.24222222222222223 0.07125 0.12
1 0.040625 0.31222222222222223 0.07125 0.11333333333333333
1 0.59 0.23666666666666666 0.06 0.13555555555555557
1 0.2225 0.5444444444444444 0.125 0.17333333333333334
1 0.364375 0.5344444444444445 0.10375 0.22444444444444445
2 0.778125 0.7577777777777778 0.14875 0.3111111111111111
1 0.926875 0.2388888888888889 0.05625 0.11333333333333333
1 0.040625 0.41 0.08125 0.17555555555555555
1 0.65 0.4077777777777778 0.1025 0.1622222222222222
1 0.62375 0.30444444444444446 0.075 0.15555555555555556
1 0.91625 0.7511111111111111 0.1375 0.26666666666666666
1 0.84875 0.25 0.065 0.13555555555555557
1 0.759375 0.39444444444444443 0.09375 0.18
1 0.07625 0.24888888888888888 0.055 0.1111111111111111
1 0.6725 0.2288888888888889 0.055 0.1288888888888889
1 0.35375 0.24222222222222223 0.065 0.12
