1 0.39625 0.4255555555555556 0.1025 0.14444444444444443
0 0.43375 0.2477777777777778 0.0725 0.1
1 0.915625 0.7744444444444445 0.15875 0.3
1 0.075 0.25222222222222224 0.055 0.11333333333333333
0 0.27375 0.4266666666666667 0.1 0.14222222222222222
1 0.33875 0.7733333333333333 0.17 0.3244444444444444
1 0.659375 0.3988888888888889 0.08375 0.16666666666666666
0 0.595 0.2544444444444444 0.07 0.11777777777777777
1 0.314375 0.3111111111111111 0.09375 0.16444444444444445
1 0.846875 0.25555555555555554 0.07375 0.13333333333333333
1 0.62375 0.3 0.07 0.14666666666666667
1 0.223125 0.5566666666666666 0.11375 0.18
3 0.76125 0.7944444444444444 0.1475 0.29555555555555557
1 0.17125 0.7822222222222223 0.165 0.3333333333333333
1 0.7075 0.3111111111111111 0.0625 0.11555555555555555
1 0.04 0.3111111111111111 0.07 0.10222222222222223
1 0.69375 0.5733333333333334 0.1225 0.2
3 0.750625 0.3977777777777778 0.09625 0.17777777777777778
1 0.12375 0.31666666666666665 0.08 0.14444444444444443
1 0.3625 0.5455555555555556 0.1325 0.20222222222222222
1 0.144375 0.24666666666666667 0.07125 0.09333333333333334
1 0.409375 0.3188888888888889 0.09125 0.13555555555555557
0 0.344375 0.25 0.07125 0.09111111111111111
0 0.909375 0.3411111111111111 0.08375 0.11777777777777777
0 0.819375 0.5633333333333334 0.14125 0.17555555555555555
1 0.04375 0.4011111111111111 0.0775 0.18888888888888888
1 0.678125 0.2388888888888889 0.06125 0.11333333333333333
1 0.935625 0.25 0.06375 0.10888888888888888
