1 0.93375 0.24555555555555555 0.07 0.10888888888888888
1 0.9225 0.7488888888888889 0.14 0.24888888888888888
1 0.34125 0.7622222222222222 0.17 0.3377777777777778
1 0.908125 0.34 0.08375 0.12
1 0.345625 0.2544444444444444 0.06875 0.09555555555555556
1 0.220625 0.5522222222222222 0.11875 0.17555555555555555
1 0.43375 0.2477777777777778 0.075 0.10888888888888888
1 0.824375 0.5611111111111111 0.13125 0.15777777777777777
1 0.394375 0.43 0.09875 0.13555555555555557
1 0.1475 0.24333333333333335 0.0575 0.10444444444444445
1 0.6775 0.23444444444444446 0.0625 0.10888888888888888
1 0.364375 0.5411111111111111 0.11375 0.20666666666666667
1 0.968125 0.4111111111111111 0.06125 0.16
1 0.625625 0.29888888888888887 0.07375 0.14444444444444443
1 0.594375 0.25333333333333335 0.06875 0.12
1 0.0425 0.4033333333333333 0.0825 0.19333333333333333
1 0.075625 0.25333333333333335 0.05625 0.1111111111111111
1 0.698125 0.56 0.11625 0.17777777777777778
1 0.410625 0.3188888888888889 0.09625 0.13555555555555557
1 0.759375 0.3988888888888889 0.09625 0.1711111111111111
1 0.706875 0.3211111111111111 0.07375 0.13555555555555557
1 0.125625 0.31333333333333335 0.08375 0.14666666666666667
1 0.039375 0.31222222222222223 0.07125 0.1
1 0.176875 0.7822222222222223 0.16875 0.3333333333333333
1 0.28 0.4255555555555556 0.095 0.14444444444444443
1 0.653125 0.4 0.10875 0.1688888888888889
1 0.3125 0.31555555555555553 0.0975 0.1511111111111111
1 0.84875 0.2577777777777778 0.07 0.1288888888888889
