1 0.41125 0.3188888888888889 0.09 0.12666666666666668
1 0.12625 0.31222222222222223 0.0875 0.15333333333333332
1 0.651875 0.40444444444444444 0.10375 0.1688888888888889
1 0.2775 0.42333333333333334 0.095 0.15777777777777777
2 0.15 0.24333333333333335 0.055 0.1
1 0.93625 0.25333333333333335 0.07 0.1111111111111111
1 0.90875 0.34 0.0875 0.11555555555555555
1 0.67625 0.23555555555555555 0.06 0.1111111111111111
1 0.595625 0.2544444444444444 0.06875 0.12222222222222222
1 0.221875 0.5511111111111111 0.12125 0.17333333333333334
1 0.91875 0.7477777777777778 0.1475 0.23333333333333334
1 0.175 0.7833333333333333 0.1675 0.34444444444444444
1 0.044375 0.4033333333333333 0.07625 0.18444444444444444
0 0.34375 0.25666666666666665 0.0725 0.08666666666666667
1 0.75625 0.39666666666666667 0.0875 0.16666666666666666
1 0.693125 0.5488888888888889 0.11625 0.2
1 0.819375 0.5633333333333334 0.14125 0.15777777777777777
1 0.31375 0.3111111111111111 0.1 0.1688888888888889
1 0.706875 0.31666666666666665 0.06875 0.13111111111111112
1 0.04 0.31333333333333335 0.075 0.10666666666666667
1 0.8475 0.25666666666666665 0.0675 0.12222222222222222
0 0.4325 0.25 0.0725 0.1
2 0.0775 0.25222222222222224 0.055 0.11333333333333333
1 0.36875 0.5388888888888889 0.1025 0.21555555555555556
1 0.624375 0.3011111111111111 0.07375 0.14888888888888888
