2 0.553125 0.3466666666666667 0.06625 0.14222222222222222
2 0.201875 0.5966666666666667 0.12375 0.21555555555555556
2 0.3375 0.26 0.06 0.12444444444444444
2 0.220625 0.3377777777777778 0.06375 0.1288888888888889
2 0.814375 0.30444444444444446 0.05375 0.1288888888888889
2 0.85375 0.3788888888888889 0.0675 0.12666666666666668
2 0.738125 0.29444444444444445 0.06625 0.12666666666666668
2 0.470625 0.3377777777777778 0.07625 0.13777777777777778
3 0.819375 0.4866666666666667 0.08875 0.16444444444444445
2 0.60375 0.6077777777777778 0.1175 0.2111111111111111
2 0.564375 0.27555555555555555 0.06375 0.12
2 0.7575 0.36777777777777776 0.085 0.14444444444444443
3 0.88125 0.6533333333333333 0.1025 0.17777777777777778
2 0.10375 0.86 0.1375 0.21333333333333335
5 0.470625 0.8322222222222222 0.11375 0.3
2 0.254375 0.2511111111111111 0.06125 0.12444444444444444
3 0.47375 0.5855555555555556 0.115 0.2288888888888889
4 0.9325 0.4988888888888889 0.0725 0.1622222222222222
2 0.48375 0.2688888888888889 0.0675 0.12
2 0.064375 0.5822222222222222 0.11625 0.19555555555555557
2 0.59125 0.46111111111111114 0.0875 0.14
4 0.106875 0.4622222222222222 0.11125 0.13333333333333333
2 0.62 0.8788888888888889 0.14 0.22
2 0.249375 0.43666666666666665 0.08125 0.17555555555555555
2 0.2975 0.33111111111111113 0.065 0.1511111111111111
