2 0.11 0.8577777777777778 0.13 0.20444444444444446
2 0.478125 0.5933333333333334 0.11875 0.21333333333333335
2 0.25375 0.25 0.06 0.12666666666666668
2 0.593125 0.4588888888888889 0.08625 0.15333333333333332
2 0.334375 0.26 0.05375 0.1288888888888889
2 0.216875 0.33555555555555555 0.06125 0.1288888888888889
3 0.21625 0.33555555555555555 0.06 0.13333333333333333
2 0.065 0.5777777777777777 0.1025 0.21777777777777776
2 0.85125 0.3811111111111111 0.065 0.13555555555555557
2 0.814375 0.30333333333333334 0.05625 0.13111111111111112
2 0.566875 0.27444444444444444 0.06125 0.12222222222222222
2 0.604375 0.6077777777777778 0.11125 0.20666666666666667
5 0.970625 0.47444444444444445 0.05625 0.22
2 0.296875 0.33 0.06375 0.14444444444444443
2 0.73875 0.2922222222222222 0.0675 0.12222222222222222
3 0.200625 0.5955555555555555 0.12625 0.20444444444444446
3 0.116875 0.46555555555555556 0.09125 0.12222222222222222
2 0.76625 0.37444444444444447 0.0675 0.12666666666666668
5 0.46875 0.8444444444444444 0.1125 0.28888888888888886
2 0.8175 0.48333333333333334 0.0825 0.15777777777777777
2 0.47125 0.33444444444444443 0.07 0.15333333333333332
3 0.8775 0.6555555555555556 0.095 0.17777777777777778
2 0.486875 0.4388888888888889 0.09875 0.17555555555555555
2 0.249375 0.4388888888888889 0.08125 0.16666666666666666
2 0.62 0.8788888888888889 0.14 0.22
2 0.55875 0.34555555555555556 0.0625 0.14888888888888888
2 0.48875 0.26555555555555554 0.0675 0.12222222222222222
