2 0.8525 0.3788888888888889 0.065 0.13111111111111112
2 0.2525 0.44222222222222224 0.0825 0.17333333333333334
2 0.765625 0.3711111111111111 0.06875 0.13333333333333333
2 0.061875 0.5944444444444444 0.10625 0.18
2 0.2975 0.3333333333333333 0.0675 0.14666666666666667
2 0.55625 0.3477777777777778 0.0625 0.14444444444444443
2 0.473125 0.3322222222222222 0.07125 0.14888888888888888
5 0.969375 0.47555555555555556 0.05875 0.2222222222222222
2 0.814375 0.30444444444444446 0.05375 0.1288888888888889
2 0.61875 0.8766666666666667 0.135 0.2288888888888889
2 0.255625 0.25222222222222224 0.05875 0.12666666666666668
2 0.479375 0.5922222222222222 0.11875 0.21555555555555556
2 0.110625 0.8611111111111112 0.13375 0.20666666666666667
2 0.21875 0.3377777777777778 0.0675 0.13333333333333333
2 0.491875 0.2677777777777778 0.06625 0.12666666666666668
2 0.493125 0.44 0.09625 0.17333333333333334
2 0.56625 0.2733333333333333 0.0625 0.12444444444444444
2 0.196875 0.5988888888888889 0.12625 0.20222222222222222
3 0.120625 0.45 0.10875 0.14444444444444443
2 0.818125 0.4855555555555556 0.07875 0.15777777777777777
3 0.874375 0.6488888888888888 0.09875 0.18222222222222223
5 0.466875 0.84 0.11375 0.3022222222222222
2 0.59375 0.46111111111111114 0.0775 0.14444444444444443
2 0.34 0.25666666666666665 0.0675 0.13111111111111112
2 0.7375 0.2911111111111111 0.0675 0.12444444444444444
2 0.60375 0.6077777777777778 0.1125 0.20666666666666667
