2 0.48625 0.26666666666666666 0.07 0.12
2 0.7425 0.29555555555555557 0.0725 0.14222222222222222
2 0.495 0.4411111111111111 0.0925 0.18
2 0.070625 0.59 0.10125 0.19333333333333333
2 0.3 0.3388888888888889 0.07 0.14888888888888888
2 0.816875 0.3055555555555556 0.05375 0.13555555555555557
2 0.614375 0.8722222222222222 0.12625 0.24222222222222223
2 0.478125 0.3388888888888889 0.07125 0.15333333333333332
2 0.253125 0.25222222222222224 0.05875 0.12222222222222222
3 0.883125 0.6588888888888889 0.09125 0.18888888888888888
2 0.59625 0.46 0.0775 0.1511111111111111
2 0.11125 0.8544444444444445 0.135 0.2288888888888889
2 0.20125 0.6011111111111112 0.13 0.21555555555555556
2 0.8225 0.49 0.07 0.1622222222222222
2 0.605625 0.6022222222222222 0.11625 0.2222222222222222
2 0.330625 0.2633333333333333 0.06125 0.13111111111111112
2 0.7625 0.37666666666666665 0.07 0.13555555555555557
3 0.125625 0.45666666666666667 0.08375 0.13111111111111112
3 0.251875 0.44222222222222224 0.09125 0.17777777777777778
2 0.483125 0.5944444444444444 0.11875 0.20666666666666667
2 0.22375 0.34 0.07 0.1288888888888889
5 0.463125 0.8422222222222222 0.11375 0.3111111111111111
2 0.561875 0.34555555555555556 0.05625 0.13555555555555557
2 0.56625 0.2733333333333333 0.055 0.11555555555555555
2 0.856875 0.38333333333333336 0.06875 0.13555555555555557
5 0.97125 0.48777777777777775 0.055 0.21555555555555556
