2 0.465625 0.8488888888888889 0.13875 0.27555555555555555
2 0.85625 0.37444444444444447 0.065 0.12666666666666668
2 0.920625 0.5055555555555555 0.07625 0.14
2 0.474375 0.33111111111111113 0.06875 0.13777777777777778
2 0.619375 0.8622222222222222 0.13125 0.2311111111111111
2 0.059375 0.5911111111111111 0.09625 0.19555555555555557
2 0.7675 0.36666666666666664 0.07 0.14666666666666667
2 0.8175 0.4855555555555556 0.0825 0.16666666666666666
2 0.591875 0.45555555555555555 0.08625 0.14666666666666667
2 0.25625 0.25 0.065 0.13111111111111112
2 0.8725 0.6488888888888888 0.1075 0.17333333333333334
3 0.256875 0.43666666666666665 0.08875 0.18
2 0.195625 0.5844444444444444 0.11125 0.2222222222222222
3 0.06 0.59 0.0975 0.19333333333333333
2 0.475625 0.5922222222222222 0.09625 0.22
2 0.81375 0.3 0.0575 0.12444444444444444
2 0.7375 0.2922222222222222 0.06 0.12222222222222222
2 0.570625 0.2722222222222222 0.06125 0.12666666666666668
2 0.11 0.8522222222222222 0.1275 0.22
2 0.556875 0.3477777777777778 0.06375 0.14444444444444443
2 0.491875 0.27 0.07125 0.12666666666666668
2 0.21625 0.3333333333333333 0.0675 0.1288888888888889
2 0.60875 0.6011111111111112 0.12 0.20666666666666667
2 0.300625 0.33 0.07125 0.15333333333333332
2 0.333125 0.2611111111111111 0.06375 0.12222222222222222
2 0.1325 0.4444444444444444 0.075 0.1511111111111111
