2 0.61875 0.8722222222222222 0.1325 0.23333333333333334
2 0.608125 0.6077777777777778 0.10625 0.20666666666666667
2 0.21875 0.33666666666666667 0.07 0.13111111111111112
2 0.474375 0.8577777777777778 0.12125 0.27111111111111114
2 0.335 0.2544444444444444 0.06 0.12666666666666668
2 0.921875 0.5077777777777778 0.08875 0.14
2 0.73875 0.2911111111111111 0.07 0.12
2 0.854375 0.3788888888888889 0.06875 0.12666666666666668
3 0.25 0.43777777777777777 0.075 0.17333333333333334
2 0.815625 0.3 0.05875 0.1288888888888889
2 0.129375 0.4444444444444444 0.09875 0.14666666666666667
3 0.1175 0.8588888888888889 0.1325 0.22
2 0.573125 0.27111111111111114 0.06625 0.1288888888888889
2 0.255625 0.25 0.06125 0.13111111111111112
2 0.495625 0.2633333333333333 0.06125 0.12666666666666668
2 0.81875 0.4855555555555556 0.08 0.15777777777777777
2 0.064375 0.5877777777777777 0.10375 0.19777777777777777
2 0.766875 0.36444444444444446 0.07125 0.14666666666666667
2 0.5575 0.35 0.0625 0.14444444444444443
2 0.475 0.5877777777777777 0.1175 0.20666666666666667
2 0.471875 0.3322222222222222 0.08625 0.15333333333333332
2 0.593125 0.46111111111111114 0.08125 0.14888888888888888
2 0.879375 0.65 0.10625 0.18444444444444444
2 0.486875 0.44555555555555554 0.10375 0.17555555555555555
