2 0.818125 0.4866666666666667 0.08125 0.16
0 0.05 0.6144444444444445 0.1 0.13555555555555557
2 0.596875 0.4588888888888889 0.07625 0.14444444444444443
2 0.483125 0.2644444444444444 0.07125 0.12
2 0.095 0.8533333333333334 0.0975 0.2
2 0.893125 0.6533333333333333 0.09625 0.18666666666666668
2 0.298125 0.3333333333333333 0.07125 0.14222222222222222
2 0.925 0.49777777777777776 0.0725 0.16
2 0.603125 0.6088888888888889 0.11375 0.20444444444444446
2 0.483125 0.4388888888888889 0.09875 0.17555555555555555
2 0.735625 0.2922222222222222 0.06875 0.12222222222222222
2 0.815625 0.3022222222222222 0.05625 0.1288888888888889
2 0.25875 0.25222222222222224 0.0625 0.12666666666666668
2 0.476875 0.5944444444444444 0.10125 0.20666666666666667
2 0.76625 0.37222222222222223 0.07 0.13111111111111112
5 0.385 0.7855555555555556 0.135 0.3622222222222222
2 0.47 0.3333333333333333 0.08 0.1511111111111111
2 0.54875 0.3477777777777778 0.0675 0.14
3 0.124375 0.45222222222222225 0.08375 0.14
2 0.616875 0.8722222222222222 0.12875 0.22444444444444445
2 0.85875 0.3811111111111111 0.0625 0.12666666666666668
2 0.2 0.5966666666666667 0.1225 0.20222222222222222
2 0.218125 0.33666666666666667 0.06625 0.13555555555555557
2 0.336875 0.26666666666666666 0.06875 0.11555555555555555
2 0.56875 0.27444444444444444 0.0675 0.12666666666666668
2 0.250625 0.44222222222222224 0.07875 0.17333333333333334
