2 0.335 0.2677777777777778 0.07 0.11333333333333333
2 0.2525 0.44222222222222224 0.0825 0.17333333333333334
2 0.815625 0.30333333333333334 0.05625 0.13111111111111112
2 0.469375 0.3322222222222222 0.08125 0.15333333333333332
2 0.593125 0.4588888888888889 0.08625 0.15333333333333332
2 0.7625 0.3711111111111111 0.065 0.13777777777777778
5 0.378125 0.7911111111111111 0.14125 0.39555555555555555
2 0.101875 0.8466666666666667 0.10875 0.2222222222222222
2 0.603125 0.6088888888888889 0.11125 0.20444444444444446
2 0.61625 0.8744444444444445 0.1275 0.22444444444444445
2 0.818125 0.4866666666666667 0.08125 0.15555555555555556
2 0.48375 0.44222222222222224 0.1075 0.17333333333333334
2 0.5575 0.3477777777777778 0.065 0.14444444444444443
2 0.25375 0.25222222222222224 0.0625 0.12222222222222222
2 0.735625 0.2922222222222222 0.06875 0.12222222222222222
2 0.198125 0.5977777777777777 0.12625 0.2
2 0.56875 0.27555555555555555 0.0725 0.12444444444444444
2 0.06375 0.5911111111111111 0.105 0.19111111111111112
2 0.125 0.45555555555555555 0.0725 0.13777777777777778
2 0.89125 0.6488888888888888 0.0925 0.19111111111111112
2 0.478125 0.5955555555555555 0.10125 0.20444444444444446
2 0.20125 0.34555555555555556 0.0575 0.11777777777777777
2 0.856875 0.3811111111111111 0.06125 0.12666666666666668
2 0.298125 0.3322222222222222 0.06875 0.14444444444444443
2 0.9225 0.5 0.0775 0.16
2 0.500625 0.27111111111111114 0.05125 0.1288888888888889
