2 0.336875 0.2633333333333333 0.06625 0.12222222222222222
2 0.8825 0.6555555555555556 0.09 0.18222222222222223
2 0.595 0.46 0.075 0.14666666666666667
2 0.201875 0.5922222222222222 0.12125 0.22444444444444445
5 0.384375 0.7877777777777778 0.14875 0.3844444444444444
2 0.734375 0.2922222222222222 0.06625 0.12222222222222222
2 0.924375 0.49333333333333335 0.07375 0.16
2 0.603125 0.61 0.11375 0.20222222222222222
2 0.815625 0.30333333333333334 0.05625 0.13111111111111112
2 0.760625 0.3688888888888889 0.06875 0.14222222222222222
2 0.47125 0.33555555555555555 0.0825 0.1511111111111111
2 0.48375 0.44 0.0975 0.17333333333333334
2 0.819375 0.48777777777777775 0.07875 0.15333333333333332
2 0.063125 0.5944444444444444 0.10625 0.18888888888888888
3 0.126875 0.8644444444444445 0.15375 0.2577777777777778
2 0.4775 0.5944444444444444 0.1025 0.20666666666666667
2 0.2525 0.4388888888888889 0.08 0.1711111111111111
2 0.4875 0.2677777777777778 0.0675 0.12222222222222222
2 0.616875 0.8744444444444445 0.13125 0.2288888888888889
2 0.211875 0.3433333333333333 0.05625 0.11777777777777777
2 0.8575 0.3811111111111111 0.06 0.12666666666666668
2 0.124375 0.45444444444444443 0.06875 0.14444444444444443
2 0.5575 0.35 0.065 0.14444444444444443
2 0.57 0.2722222222222222 0.0725 0.12666666666666668
2 0.253125 0.25333333333333335 0.06375 0.12444444444444444
2 0.298125 0.3322222222222222 0.06875 0.14444444444444443
