2 0.591875 0.46111111111111114 0.07875 0.14444444444444443
2 0.569375 0.2722222222222222 0.07125 0.12666666666666668
2 0.475 0.5966666666666667 0.1025 0.20222222222222222
2 0.81875 0.4855555555555556 0.0825 0.15777777777777777
2 0.25125 0.43555555555555553 0.08 0.17333333333333334
2 0.2 0.5977777777777777 0.1275 0.2
2 0.55875 0.3466666666666667 0.065 0.14666666666666667
5 0.389375 0.8 0.14875 0.3688888888888889
2 0.895 0.6511111111111111 0.095 0.18666666666666668
2 0.255 0.2511111111111111 0.065 0.12
2 0.215625 0.33444444444444443 0.06625 0.13111111111111112
2 0.335625 0.2677777777777778 0.06375 0.11333333333333333
2 0.11 0.8611111111111112 0.1375 0.19333333333333333
2 0.0625 0.5933333333333334 0.105 0.18666666666666668
2 0.73625 0.2922222222222222 0.07 0.12222222222222222
2 0.763125 0.37 0.06625 0.13555555555555557
2 0.618125 0.8744444444444445 0.13125 0.22444444444444445
2 0.483125 0.44 0.09625 0.17333333333333334
2 0.60375 0.6077777777777778 0.115 0.2111111111111111
2 0.92125 0.5 0.075 0.16
2 0.484375 0.2644444444444444 0.07125 0.11555555555555555
2 0.815625 0.30666666666666664 0.05375 0.12444444444444444
2 0.12625 0.45 0.0725 0.14888888888888888
2 0.298125 0.3322222222222222 0.06875 0.14444444444444443
2 0.470625 0.3333333333333333 0.08125 0.15555555555555556
2 0.858125 0.38555555555555554 0.06375 0.13111111111111112
