2 0.85375 0.37777777777777777 0.07 0.12444444444444444
2 0.605625 0.6088888888888889 0.11375 0.20444444444444446
4 0.55625 0.3477777777777778 0.0675 0.15333333333333332
1 0.4875 0.43777777777777777 0.115 0.18222222222222223
4 0.740625 0.29333333333333333 0.06125 0.12
2 0.573125 0.2722222222222222 0.06625 0.12222222222222222
2 0.1225 0.46444444444444444 0.0725 0.12
2 0.766875 0.37333333333333335 0.06875 0.13333333333333333
4 0.823125 0.4866666666666667 0.07375 0.16444444444444445
4 0.813125 0.2788888888888889 0.05875 0.1711111111111111
2 0.330625 0.25555555555555554 0.06625 0.13333333333333333
2 0.24875 0.4411111111111111 0.085 0.1711111111111111
2 0.191875 0.5922222222222222 0.11375 0.20666666666666667
2 0.49875 0.26666666666666666 0.055 0.13333333333333333
4 0.2475 0.25666666666666665 0.0625 0.12222222222222222
4 0.080625 0.8677777777777778 0.13875 0.2511111111111111
2 0.058125 0.5888888888888889 0.10625 0.2
4 0.885 0.65 0.0825 0.19777777777777777
2 0.885625 0.6544444444444445 0.08125 0.19777777777777777
2 0.46875 0.33444444444444443 0.08 0.14888888888888888
4 0.20125 0.3322222222222222 0.07 0.15333333333333332
2 0.62375 0.8711111111111111 0.1375 0.24
4 0.593125 0.46111111111111114 0.07625 0.14888888888888888
4 0.285625 0.33444444444444443 0.06375 0.13555555555555557
2 0.928125 0.4988888888888889 0.07375 0.1622222222222222
3 0.48 0.5944444444444444 0.1075 0.22
