2 0.489375 0.2633333333333333 0.07125 0.12666666666666668
2 0.10875 0.8588888888888889 0.1325 0.20666666666666667
2 0.255 0.25 0.0575 0.12222222222222222
2 0.88375 0.6488888888888888 0.09 0.18666666666666668
5 0.64 0.4266666666666667 0.0775 0.25333333333333335
2 0.4625 0.8566666666666667 0.1325 0.2644444444444444
2 0.626875 0.8777777777777778 0.13375 0.22666666666666666
2 0.05875 0.5844444444444444 0.105 0.20444444444444446
2 0.851875 0.38222222222222224 0.06375 0.11555555555555555
2 0.82 0.4866666666666667 0.085 0.15555555555555556
3 0.20625 0.33555555555555555 0.06 0.12444444444444444
2 0.60375 0.6044444444444445 0.1125 0.20444444444444446
3 0.30125 0.33 0.0725 0.14444444444444443
3 0.125625 0.4622222222222222 0.06875 0.12
2 0.918125 0.5022222222222222 0.06625 0.1511111111111111
3 0.485625 0.44666666666666666 0.11125 0.1688888888888889
2 0.18875 0.5888888888888889 0.105 0.2088888888888889
3 0.251875 0.44222222222222224 0.07625 0.17333333333333334
2 0.32875 0.25555555555555554 0.0625 0.1288888888888889
2 0.815625 0.3055555555555556 0.05375 0.12666666666666668
2 0.573125 0.2733333333333333 0.06375 0.1288888888888889
2 0.475 0.5966666666666667 0.0975 0.22
2 0.470625 0.34 0.08125 0.13777777777777778
2 0.56 0.34444444444444444 0.065 0.1511111111111111
