2 0.4875 0.2644444444444444 0.07 0.1288888888888889
2 0.255 0.25222222222222224 0.0575 0.12666666666666668
2 0.60375 0.6044444444444445 0.11 0.20444444444444446
2 0.32625 0.2588888888888889 0.0625 0.13111111111111112
2 0.470625 0.3388888888888889 0.08125 0.14
2 0.57125 0.2688888888888889 0.0825 0.11555555555555555
2 0.916875 0.5033333333333333 0.07125 0.14888888888888888
2 0.6275 0.8766666666666667 0.13 0.22444444444444445
2 0.461875 0.8577777777777778 0.13375 0.26666666666666666
2 0.886875 0.6488888888888888 0.08875 0.18666666666666668
2 0.559375 0.3488888888888889 0.06375 0.14666666666666667
2 0.058125 0.5855555555555556 0.10375 0.19777777777777777
2 0.210625 0.3322222222222222 0.06375 0.13111111111111112
2 0.849375 0.3811111111111111 0.06875 0.11777777777777777
2 0.295625 0.3322222222222222 0.07375 0.14444444444444443
3 0.251875 0.44 0.08125 0.17333333333333334
2 0.19 0.59 0.105 0.20222222222222222
5 0.64375 0.43222222222222223 0.0775 0.25555555555555554
3 0.485 0.4477777777777778 0.1125 0.16666666666666666
2 0.10875 0.8611111111111112 0.1325 0.2111111111111111
3 0.48 0.5911111111111111 0.0925 0.2088888888888889
2 0.8175 0.48777777777777775 0.08 0.15777777777777777
2 0.746875 0.2922222222222222 0.05125 0.11777777777777777
3 0.128125 0.4622222222222222 0.07375 0.12
2 0.814375 0.30444444444444446 0.05875 0.1288888888888889
