2 0.495625 0.26555555555555554 0.06875 0.13111111111111112
2 0.91375 0.5055555555555555 0.075 0.14444444444444443
2 0.88125 0.6522222222222223 0.09 0.18444444444444444
2 0.81875 0.3088888888888889 0.0525 0.1288888888888889
1 0.126875 0.46444444444444444 0.06625 0.12
2 0.254375 0.25222222222222224 0.06375 0.12666666666666668
1 0.488125 0.4477777777777778 0.10625 0.15777777777777777
2 0.626875 0.8722222222222222 0.13125 0.2288888888888889
2 0.855625 0.38333333333333336 0.06125 0.12222222222222222
2 0.603125 0.6088888888888889 0.11125 0.20444444444444446
2 0.25125 0.44222222222222224 0.0825 0.1688888888888889
2 0.4675 0.33666666666666667 0.075 0.15333333333333332
2 0.195625 0.5877777777777777 0.11125 0.2111111111111111
2 0.2225 0.3411111111111111 0.065 0.12666666666666668
2 0.10875 0.8533333333333334 0.1275 0.21333333333333335
2 0.478125 0.5922222222222222 0.12625 0.21555555555555556
2 0.3 0.33 0.0725 0.14444444444444443
2 0.46 0.86 0.1375 0.26666666666666666
2 0.556875 0.3477777777777778 0.06125 0.14444444444444443
2 0.57 0.27555555555555555 0.0675 0.12
2 0.341875 0.26 0.07375 0.12444444444444444
2 0.586875 0.4577777777777778 0.07375 0.14666666666666667
2 0.055 0.5877777777777777 0.105 0.20222222222222222
