0 0.573125 0.2866666666666667 0.07375 0.1111111111111111
0 0.58625 0.47555555555555556 0.0875 0.15555555555555556
0 0.8975 0.6855555555555556 0.115 0.15777777777777777
0 0.46875 0.37 0.0925 0.11333333333333333
0 0.050625 0.65 0.10125 0.12222222222222222
0 0.195625 0.3622222222222222 0.08125 0.10666666666666667
0 0.488125 0.2911111111111111 0.09375 0.09777777777777778
0 0.323125 0.29333333333333333 0.08375 0.08
0 0.74125 0.3277777777777778 0.08 0.07777777777777778
0 0.595 0.6266666666666667 0.1175 0.2088888888888889
0 0.249375 0.26555555555555554 0.07125 0.10888888888888888
0 0.446875 0.9211111111111111 0.19625 0.14888888888888888
0 0.646875 0.8855555555555555 0.16375 0.22
0 0.8325 0.3333333333333333 0.08 0.07555555555555556
0 0.77125 0.39222222222222225 0.0925 0.10444444444444445
0 0.824375 0.5222222222222223 0.12125 0.12444444444444444
0 0.12125 0.47555555555555556 0.105 0.1288888888888889
0 0.481875 0.49777777777777776 0.11875 0.10666666666666667
0 0.240625 0.4577777777777778 0.10375 0.1688888888888889
0 0.165 0.6522222222222223 0.125 0.14888888888888888
0 0.08625 0.8822222222222222 0.165 0.2311111111111111
0 0.863125 0.4077777777777778 0.08625 0.09555555555555556
0 0.463125 0.6366666666666667 0.13375 0.16666666666666666
0 0.293125 0.37 0.08625 0.09111111111111111
0 0.94625 0.5355555555555556 0.1025 0.12
0 0.565625 0.37333333333333335 0.09375 0.11555555555555555
