0 0.470625 0.35888888888888887 0.07875 0.12666666666666668
0 0.200625 0.36333333333333334 0.07625 0.10888888888888888
0 0.569375 0.36777777777777776 0.09875 0.12222222222222222
0 0.29375 0.37666666666666665 0.0875 0.09555555555555556
0 0.239375 0.4622222222222222 0.11125 0.17777777777777778
0 0.046875 0.65 0.09375 0.14
0 0.65 0.8844444444444445 0.1525 0.22666666666666666
2 0.325 0.2644444444444444 0.0775 0.12444444444444444
0 0.489375 0.2811111111111111 0.09375 0.11333333333333333
0 0.5725 0.2922222222222222 0.075 0.09555555555555556
0 0.47375 0.6366666666666667 0.1325 0.19333333333333333
0 0.826875 0.3277777777777778 0.08625 0.08666666666666667
0 0.9 0.6844444444444444 0.1175 0.15555555555555556
0 0.460625 0.9222222222222223 0.19375 0.14222222222222222
0 0.85625 0.4066666666666667 0.0875 0.09333333333333334
0 0.73875 0.3211111111111111 0.0825 0.08666666666666667
0 0.599375 0.6311111111111111 0.11375 0.19555555555555557
0 0.941875 0.5311111111111111 0.11125 0.1288888888888889
3 0.114375 0.47 0.10125 0.13555555555555557
0 0.77125 0.4033333333333333 0.0825 0.08666666666666667
0 0.48375 0.48777777777777775 0.11 0.12666666666666668
0 0.6 0.5 0.11 0.12444444444444444
0 0.255 0.26555555555555554 0.07 0.12666666666666668
0 0.825 0.5266666666666666 0.12 0.12444444444444444
0 0.07125 0.8944444444444445 0.13 0.20666666666666667
