0 0.4725 0.6377777777777778 0.14 0.19111111111111112
0 0.2025 0.36444444444444446 0.0775 0.10666666666666667
0 0.48875 0.2866666666666667 0.095 0.10222222222222223
0 0.044375 0.6511111111111111 0.08625 0.13777777777777778
0 0.943125 0.5155555555555555 0.10375 0.14222222222222222
0 0.60125 0.6311111111111111 0.115 0.19555555555555557
0 0.165 0.6188888888888889 0.1125 0.1622222222222222
3 0.1125 0.4677777777777778 0.1 0.13111111111111112
0 0.569375 0.3688888888888889 0.10125 0.12
0 0.599375 0.5 0.11125 0.12444444444444444
0 0.83 0.33444444444444443 0.08 0.07333333333333333
0 0.3225 0.28555555555555556 0.0825 0.08666666666666667
0 0.74 0.3211111111111111 0.085 0.08666666666666667
0 0.89375 0.6844444444444444 0.1125 0.15555555555555556
0 0.47 0.3655555555555556 0.08 0.11777777777777777
0 0.828125 0.5233333333333333 0.12125 0.13111111111111112
0 0.77 0.4033333333333333 0.085 0.09111111111111111
0 0.855625 0.4088888888888889 0.08375 0.09333333333333334
0 0.48375 0.48777777777777775 0.11 0.12222222222222222
0 0.650625 0.8844444444444445 0.15375 0.22666666666666666
0 0.5725 0.29333333333333333 0.0725 0.09333333333333334
0 0.255 0.26555555555555554 0.065 0.12222222222222222
0 0.085 0.8955555555555555 0.165 0.2088888888888889
0 0.234375 0.4677777777777778 0.10625 0.1622222222222222
0 0.293125 0.37333333333333335 0.08875 0.09333333333333334
0 0.460625 0.9244444444444444 0.19375 0.14222222222222222
