0 0.046875 0.6511111111111111 0.09375 0.13777777777777778
0 0.826875 0.5233333333333333 0.12375 0.13555555555555557
0 0.234375 0.4622222222222222 0.10625 0.1688888888888889
0 0.074375 0.8922222222222222 0.14875 0.19333333333333333
0 0.31875 0.2922222222222222 0.0875 0.08222222222222222
0 0.588125 0.4722222222222222 0.08625 0.14888888888888888
0 0.77 0.40444444444444444 0.085 0.08888888888888889
0 0.8575 0.41 0.085 0.09555555555555556
0 0.48875 0.2822222222222222 0.095 0.10222222222222223
0 0.11125 0.47555555555555556 0.105 0.1288888888888889
0 0.571875 0.2833333333333333 0.07375 0.10888888888888888
0 0.598125 0.6366666666666667 0.11875 0.17555555555555555
0 0.485625 0.4911111111111111 0.10875 0.12444444444444444
0 0.819375 0.32222222222222224 0.07375 0.08888888888888889
0 0.471875 0.6355555555555555 0.13875 0.18666666666666668
0 0.470625 0.36444444444444446 0.07875 0.11555555555555555
0 0.253125 0.26666666666666666 0.06125 0.12444444444444444
0 0.56625 0.36 0.1 0.13777777777777778
0 0.65 0.8855555555555555 0.1525 0.22444444444444445
0 0.738125 0.3244444444444444 0.08875 0.08444444444444445
0 0.155 0.6333333333333333 0.1275 0.1688888888888889
0 0.293125 0.37777777777777777 0.09125 0.09333333333333334
0 0.46375 0.9188888888888889 0.1925 0.14888888888888888
0 0.889375 0.6744444444444444 0.11125 0.15777777777777777
0 0.945 0.5388888888888889 0.1075 0.11333333333333333
0 0.203125 0.3611111111111111 0.08625 0.10888888888888888
