0 0.6475 0.8844444444444445 0.1525 0.22666666666666666
0 0.118125 0.4666666666666667 0.10625 0.13777777777777778
0 0.893125 0.6844444444444444 0.11125 0.15555555555555556
0 0.486875 0.28 0.09125 0.12
0 0.856875 0.3988888888888889 0.08375 0.11333333333333333
0 0.475625 0.6333333333333333 0.12375 0.21777777777777776
0 0.293125 0.3655555555555556 0.08375 0.1
0 0.5675 0.35555555555555557 0.09 0.17777777777777778
0 0.249375 0.2588888888888889 0.06375 0.12666666666666668
0 0.588125 0.4855555555555556 0.09125 0.13111111111111112
0 0.575 0.31333333333333335 0.075 0.10666666666666667
2 0.81625 0.30333333333333334 0.07 0.13111111111111112
0 0.82375 0.5155555555555555 0.125 0.13333333333333333
0 0.159375 0.6322222222222222 0.13125 0.16666666666666666
7 0.1075 0.85 0.215 0.29555555555555557
2 0.94125 0.5188888888888888 0.11 0.14444444444444443
0 0.20375 0.35 0.0775 0.12666666666666668
0 0.600625 0.6233333333333333 0.12625 0.2111111111111111
0 0.7675 0.3888888888888889 0.0875 0.10666666666666667
0 0.09375 0.8633333333333333 0.1825 0.2733333333333333
0 0.044375 0.64 0.08625 0.15555555555555556
0 0.239375 0.45444444444444443 0.10125 0.16666666666666666
0 0.465 0.9244444444444444 0.1875 0.14666666666666667
0 0.485 0.49 0.11 0.12666666666666668
0 0.735625 0.3233333333333333 0.08375 0.08222222222222222
0 0.47 0.3566666666666667 0.0925 0.12666666666666668
0 0.321875 0.2833333333333333 0.07875 0.1
