0 0.825 0.3111111111111111 0.085 0.11555555555555555
0 0.246875 0.25555555555555554 0.06625 0.1288888888888889
0 0.4875 0.27555555555555555 0.09 0.12
0 0.044375 0.6455555555555555 0.08875 0.14444444444444443
0 0.8575 0.4 0.085 0.11555555555555555
0 0.64625 0.8844444444444445 0.1525 0.2222222222222222
0 0.94375 0.52 0.1025 0.14222222222222222
0 0.3225 0.2677777777777778 0.0775 0.12222222222222222
0 0.475 0.6266666666666667 0.1225 0.22666666666666666
0 0.488125 0.4666666666666667 0.11125 0.14666666666666667
0 0.119375 0.4677777777777778 0.10125 0.13111111111111112
0 0.568125 0.35888888888888887 0.08625 0.14444444444444443
0 0.605 0.6177777777777778 0.12 0.21333333333333335
0 0.744375 0.30777777777777776 0.08125 0.11333333333333333
0 0.23625 0.4588888888888889 0.1 0.18
0 0.29625 0.3688888888888889 0.08 0.10222222222222223
0 0.891875 0.6844444444444444 0.11375 0.15555555555555556
0 0.090625 0.8622222222222222 0.17625 0.2311111111111111
0 0.823125 0.5177777777777778 0.12875 0.13333333333333333
0 0.16 0.6355555555555555 0.1325 0.1688888888888889
0 0.4675 0.9144444444444444 0.1825 0.1622222222222222
0 0.574375 0.2966666666666667 0.07125 0.09555555555555556
0 0.473125 0.35444444444444445 0.08875 0.12666666666666668
0 0.5975 0.4811111111111111 0.105 0.13111111111111112
0 0.76875 0.3933333333333333 0.09 0.1111111111111111
0 0.201875 0.35777777777777775 0.07625 0.11555555555555555
