0 0.24625 0.26 0.0625 0.1288888888888889
0 0.826875 0.3244444444444444 0.08625 0.08888888888888889
0 0.47125 0.35777777777777775 0.0925 0.1288888888888889
0 0.32125 0.28555555555555556 0.08 0.08666666666666667
0 0.119375 0.46555555555555556 0.09875 0.14444444444444443
0 0.741875 0.3011111111111111 0.07875 0.12222222222222222
0 0.605625 0.6255555555555555 0.12375 0.2111111111111111
0 0.2025 0.35 0.08 0.13111111111111112
0 0.4875 0.28555555555555556 0.0925 0.10444444444444445
0 0.4875 0.4866666666666667 0.1125 0.12
0 0.94375 0.5233333333333333 0.105 0.14888888888888888
0 0.89 0.6833333333333333 0.12 0.15333333333333332
0 0.863125 0.3977777777777778 0.07875 0.1111111111111111
0 0.566875 0.35888888888888887 0.09125 0.14
0 0.083125 0.89 0.16625 0.21555555555555556
0 0.295 0.35 0.08 0.12666666666666668
0 0.156875 0.6255555555555555 0.09875 0.1711111111111111
0 0.460625 0.9111111111111111 0.17875 0.17777777777777778
0 0.7675 0.4 0.09 0.09333333333333334
0 0.64375 0.8822222222222222 0.155 0.2222222222222222
0 0.600625 0.4922222222222222 0.11125 0.13111111111111112
0 0.82375 0.5144444444444445 0.13 0.14444444444444443
0 0.2375 0.45444444444444443 0.1 0.17555555555555555
0 0.5725 0.29777777777777775 0.07 0.09333333333333334
0 0.471875 0.6388888888888888 0.13125 0.21555555555555556
0 0.0475 0.6577777777777778 0.095 0.1288888888888889
