0 0.24625 0.26222222222222225 0.075 0.09777777777777778
0 0.09125 0.8955555555555555 0.1675 0.2
0 0.1225 0.4666666666666667 0.11 0.13333333333333333
0 0.566875 0.35888888888888887 0.08875 0.14
0 0.768125 0.39666666666666667 0.08625 0.09555555555555556
0 0.045 0.6533333333333333 0.0875 0.1288888888888889
0 0.466875 0.6411111111111111 0.13125 0.19777777777777777
0 0.489375 0.29333333333333333 0.09125 0.08888888888888889
0 0.74375 0.30666666666666664 0.08 0.11555555555555555
0 0.920625 0.6888888888888889 0.13125 0.15555555555555556
0 0.475 0.36 0.0925 0.11555555555555555
0 0.945 0.5277777777777778 0.1025 0.14
0 0.8675 0.4033333333333333 0.0825 0.10444444444444445
0 0.488125 0.4888888888888889 0.11125 0.12
0 0.463125 0.9033333333333333 0.18375 0.18444444444444444
0 0.3225 0.29 0.0775 0.07777777777777778
0 0.160625 0.6355555555555555 0.13625 0.17333333333333334
0 0.64375 0.8844444444444445 0.1675 0.21777777777777776
0 0.835 0.5177777777777778 0.1175 0.13333333333333333
0 0.829375 0.32222222222222224 0.08625 0.09777777777777778
0 0.59875 0.49666666666666665 0.1125 0.11333333333333333
0 0.60375 0.6322222222222222 0.13 0.20222222222222222
0 0.571875 0.2822222222222222 0.07625 0.1111111111111111
0 0.19625 0.35888888888888887 0.075 0.10888888888888888
