0 0.470625 0.35777777777777775 0.09875 0.12444444444444444
0 0.084375 0.8566666666666667 0.16875 0.2777777777777778
0 0.245625 0.2733333333333333 0.06875 0.1111111111111111
0 0.59875 0.49666666666666665 0.1125 0.11777777777777777
0 0.768125 0.4011111111111111 0.08375 0.09111111111111111
0 0.495 0.4922222222222222 0.11 0.12666666666666668
0 0.459375 0.8766666666666667 0.18125 0.23777777777777778
0 0.575 0.29444444444444445 0.0825 0.09555555555555556
0 0.4675 0.6444444444444445 0.13 0.20444444444444446
0 0.828125 0.33 0.07875 0.08222222222222222
3 0.196875 0.3411111111111111 0.08625 0.14
2 0.1975 0.3388888888888889 0.095 0.13555555555555557
0 0.5625 0.36 0.0825 0.13333333333333333
0 0.15875 0.6388888888888888 0.1225 0.18444444444444444
0 0.12 0.47555555555555556 0.11 0.12
0 0.863125 0.4066666666666667 0.08875 0.09333333333333334
0 0.236875 0.46111111111111114 0.10375 0.18
0 0.489375 0.29555555555555557 0.08875 0.09333333333333334
0 0.6425 0.8833333333333333 0.155 0.22444444444444445
0 0.9425 0.5177777777777778 0.105 0.1511111111111111
0 0.904375 0.69 0.13625 0.14888888888888888
0 0.6075 0.6244444444444445 0.12 0.21333333333333335
7 0.324375 0.3511111111111111 0.15625 0.24888888888888888
0 0.04625 0.6466666666666666 0.0925 0.1511111111111111
0 0.825 0.5233333333333333 0.12 0.12222222222222222
0 0.766875 0.30444444444444446 0.07125 0.11555555555555555
