0 0.155625 0.6511111111111111 0.13625 0.17333333333333334
0 0.49 0.2922222222222222 0.09 0.1
0 0.19625 0.3622222222222222 0.085 0.10222222222222223
0 0.473125 0.3622222222222222 0.09125 0.1111111111111111
0 0.24875 0.26222222222222225 0.07 0.1288888888888889
0 0.4875 0.4922222222222222 0.1125 0.11777777777777777
0 0.94375 0.5277777777777778 0.105 0.13111111111111112
0 0.77125 0.3977777777777778 0.08 0.09333333333333334
0 0.743125 0.31555555555555553 0.08625 0.09777777777777778
0 0.118125 0.4688888888888889 0.09875 0.13333333333333333
0 0.856875 0.4011111111111111 0.08125 0.10444444444444445
0 0.824375 0.52 0.12375 0.1288888888888889
0 0.293125 0.37 0.08375 0.09555555555555556
0 0.82375 0.31 0.0825 0.11333333333333333
0 0.595 0.49 0.105 0.13555555555555557
0 0.569375 0.36444444444444446 0.09375 0.1288888888888889
0 0.46375 0.6422222222222222 0.1325 0.2
0 0.045 0.6444444444444445 0.0875 0.16
0 0.45625 0.9244444444444444 0.2 0.1511111111111111
0 0.645625 0.8844444444444445 0.15875 0.2222222222222222
0 0.23125 0.4622222222222222 0.0975 0.17777777777777778
0 0.89875 0.6855555555555556 0.1375 0.15333333333333332
0 0.604375 0.6322222222222222 0.13125 0.20222222222222222
0 0.319375 0.2822222222222222 0.07625 0.09333333333333334
0 0.088125 0.8755555555555555 0.16625 0.2311111111111111
0 0.569375 0.2877777777777778 0.07625 0.1
