0 0.490625 0.49333333333333335 0.10625 0.12
0 0.4725 0.36444444444444446 0.0925 0.1111111111111111
0 0.490625 0.29888888888888887 0.09125 0.09111111111111111
0 0.741875 0.31666666666666665 0.08375 0.1
0 0.464375 0.6444444444444445 0.13625 0.19555555555555557
0 0.230625 0.4622222222222222 0.10125 0.17777777777777778
0 0.569375 0.29333333333333333 0.06875 0.09333333333333334
2 0.32 0.26555555555555554 0.0725 0.11777777777777777
0 0.88375 0.6933333333333334 0.11 0.13333333333333333
0 0.831875 0.3233333333333333 0.07875 0.1
0 0.8625 0.40444444444444444 0.0825 0.09777777777777778
0 0.291875 0.3688888888888889 0.08375 0.09777777777777778
0 0.5925 0.5 0.105 0.11555555555555555
0 0.25 0.26222222222222225 0.0625 0.12444444444444444
0 0.11625 0.46111111111111114 0.1075 0.14888888888888888
0 0.155625 0.6511111111111111 0.13375 0.1688888888888889
0 0.195 0.3488888888888889 0.0975 0.13333333333333333
0 0.045 0.6611111111111111 0.0875 0.13111111111111112
0 0.77125 0.39111111111111113 0.0875 0.10666666666666667
0 0.646875 0.8855555555555555 0.15125 0.22444444444444445
0 0.56875 0.3655555555555556 0.0925 0.12666666666666668
0 0.61 0.6166666666666667 0.1175 0.22
0 0.459375 0.9188888888888889 0.19625 0.15777777777777777
0 0.07625 0.8744444444444445 0.1475 0.23333333333333334
0 0.825625 0.5222222222222223 0.12125 0.13333333333333333
