0 0.7425 0.31555555555555553 0.0825 0.09777777777777778
0 0.8625 0.40444444444444444 0.085 0.09777777777777778
0 0.25125 0.26222222222222225 0.065 0.1288888888888889
0 0.465 0.6411111111111111 0.1275 0.20222222222222222
0 0.45875 0.9166666666666666 0.1925 0.16666666666666666
0 0.155625 0.6533333333333333 0.13625 0.16
0 0.045625 0.66 0.08875 0.1288888888888889
0 0.93625 0.5144444444444445 0.0925 0.14444444444444443
0 0.77125 0.39222222222222225 0.085 0.1
0 0.61 0.6133333333333333 0.115 0.23555555555555555
0 0.074375 0.8677777777777778 0.14625 0.23777777777777778
0 0.290625 0.3688888888888889 0.08375 0.09777777777777778
0 0.19875 0.34555555555555556 0.085 0.13555555555555557
0 0.82875 0.31666666666666665 0.085 0.10444444444444445
0 0.569375 0.36444444444444446 0.09375 0.1288888888888889
0 0.49 0.2966666666666667 0.09 0.09555555555555556
0 0.491875 0.49666666666666665 0.10625 0.11777777777777777
0 0.64625 0.8855555555555555 0.155 0.22444444444444445
0 0.569375 0.29444444444444445 0.07125 0.09111111111111111
0 0.115625 0.46444444444444444 0.10625 0.14222222222222222
0 0.230625 0.4622222222222222 0.09875 0.17777777777777778
7 0.71 0.2866666666666667 0.14 0.2222222222222222
0 0.594375 0.5 0.10625 0.1111111111111111
0 0.4725 0.36777777777777776 0.0925 0.10444444444444445
0 0.8825 0.6922222222222222 0.11 0.13555555555555557
2 0.321875 0.2644444444444444 0.06875 0.11555555555555555
0 0.83 0.52 0.12 0.13777777777777778
