0 0.464375 0.6433333333333333 0.13375 0.20666666666666667
0 0.4875 0.2788888888888889 0.0925 0.10888888888888888
0 0.245 0.26 0.0675 0.13333333333333333
0 0.854375 0.4011111111111111 0.08625 0.1
0 0.94375 0.5277777777777778 0.1075 0.13111111111111112
0 0.079375 0.8855555555555555 0.15625 0.22
0 0.040625 0.6477777777777778 0.08125 0.15777777777777777
0 0.568125 0.29 0.06625 0.07777777777777778
0 0.91 0.6855555555555556 0.135 0.15777777777777777
0 0.459375 0.92 0.19125 0.16
0 0.12 0.47555555555555556 0.1 0.12444444444444444
0 0.15375 0.6544444444444445 0.135 0.1622222222222222
0 0.8225 0.5177777777777778 0.1225 0.1288888888888889
0 0.77 0.39444444444444443 0.08 0.1
0 0.194375 0.3566666666666667 0.08125 0.11333333333333333
0 0.64625 0.8866666666666667 0.155 0.22666666666666666
0 0.598125 0.5011111111111111 0.10625 0.11777777777777777
0 0.473125 0.3611111111111111 0.09875 0.11777777777777777
7 0.6 0.36777777777777776 0.1625 0.19333333333333333
0 0.290625 0.3711111111111111 0.09125 0.09777777777777778
0 0.32 0.27 0.0775 0.11333333333333333
0 0.48875 0.49444444444444446 0.105 0.11777777777777777
0 0.828125 0.3233333333333333 0.08375 0.09555555555555556
0 0.610625 0.6255555555555555 0.11625 0.2111111111111111
0 0.2275 0.46555555555555556 0.1025 0.16666666666666666
0 0.74 0.3188888888888889 0.085 0.09555555555555556
