0 0.19375 0.35777777777777775 0.0825 0.1111111111111111
0 0.118125 0.47555555555555556 0.10375 0.1288888888888889
0 0.599375 0.5022222222222222 0.10625 0.11555555555555555
0 0.079375 0.8855555555555555 0.15625 0.22
0 0.823125 0.52 0.12625 0.12444444444444444
0 0.905 0.69 0.115 0.14888888888888888
0 0.85625 0.40444444444444444 0.0825 0.09777777777777778
0 0.61 0.6222222222222222 0.115 0.2222222222222222
0 0.3175 0.28 0.0825 0.09333333333333334
0 0.4875 0.2777777777777778 0.095 0.11555555555555555
0 0.74 0.30777777777777776 0.0875 0.10888888888888888
0 0.465 0.6433333333333333 0.135 0.20222222222222222
0 0.945 0.5333333333333333 0.1075 0.1288888888888889
0 0.24625 0.2611111111111111 0.0675 0.13111111111111112
0 0.46 0.9211111111111111 0.19 0.15777777777777777
0 0.4725 0.3622222222222222 0.0975 0.12
0 0.82875 0.3233333333333333 0.0875 0.1
7 0.603125 0.36666666666666664 0.15875 0.18666666666666668
0 0.488125 0.4955555555555556 0.10625 0.11555555555555555
0 0.64625 0.8855555555555555 0.155 0.22444444444444445
0 0.041875 0.6488888888888888 0.08375 0.15555555555555556
0 0.566875 0.2911111111111111 0.06625 0.08
0 0.155625 0.6366666666666667 0.13375 0.18888888888888888
0 0.23 0.46111111111111114 0.1025 0.1711111111111111
0 0.76625 0.37555555555555553 0.0875 0.1288888888888889
0 0.2925 0.37222222222222223 0.0875 0.09555555555555556
