0 0.159375 0.6311111111111111 0.13875 0.18222222222222223
0 0.8275 0.3233333333333333 0.0825 0.1
0 0.57375 0.3622222222222222 0.105 0.13777777777777778
0 0.74125 0.3111111111111111 0.09 0.10222222222222223
0 0.473125 0.36333333333333334 0.09625 0.11777777777777777
0 0.458125 0.9222222222222223 0.19625 0.15555555555555556
0 0.249375 0.2644444444444444 0.06875 0.1288888888888889
0 0.944375 0.5311111111111111 0.10625 0.1288888888888889
0 0.569375 0.28888888888888886 0.06625 0.08444444444444445
0 0.463125 0.6422222222222222 0.13625 0.2
0 0.080625 0.8866666666666667 0.15375 0.2222222222222222
0 0.7625 0.38222222222222224 0.085 0.12
0 0.19375 0.3566666666666667 0.08 0.11777777777777777
0 0.235625 0.45555555555555555 0.10125 0.17777777777777778
0 0.293125 0.37222222222222223 0.08375 0.09555555555555556
0 0.59875 0.5033333333333333 0.105 0.12222222222222222
0 0.485625 0.2777777777777778 0.09375 0.11555555555555555
0 0.856875 0.4033333333333333 0.08375 0.1
0 0.041875 0.6522222222222223 0.08375 0.15777777777777777
0 0.31875 0.2788888888888889 0.08 0.09555555555555556
7 0.59625 0.3566666666666667 0.1625 0.20222222222222222
0 0.645 0.8855555555555555 0.1575 0.22444444444444445
0 0.903125 0.6922222222222222 0.11875 0.14888888888888888
0 0.605625 0.6233333333333333 0.12125 0.20222222222222222
0 0.825625 0.5211111111111111 0.12375 0.12666666666666668
0 0.118125 0.4688888888888889 0.10625 0.13777777777777778
0 0.49 0.4955555555555556 0.105 0.12
