2 0.3525 0.24555555555555555 0.0625 0.11777777777777777
2 0.180625 0.7544444444444445 0.13625 0.2822222222222222
2 0.03625 0.3088888888888889 0.0725 0.12
2 0.32 0.30444444444444446 0.075 0.14666666666666667
2 0.695 0.5477777777777778 0.13 0.20222222222222222
2 0.148125 0.24 0.05375 0.10222222222222223
2 0.039375 0.4 0.07375 0.16444444444444445
2 0.43625 0.2388888888888889 0.07 0.14
2 0.758125 0.39222222222222225 0.10125 0.1711111111111111
2 0.668125 0.23555555555555555 0.05375 0.12
2 0.704375 0.31222222222222223 0.06375 0.13555555555555557
2 0.933125 0.2388888888888889 0.05625 0.11777777777777777
3 0.8075 0.5722222222222222 0.0875 0.15777777777777777
2 0.62 0.3055555555555556 0.0775 0.15333333333333332
2 0.2775 0.41444444444444445 0.095 0.18888888888888888
3 0.375 0.56 0.1225 0.18666666666666668
2 0.3375 0.7722222222222223 0.155 0.3622222222222222
2 0.85125 0.25555555555555554 0.075 0.12
2 0.918125 0.3244444444444444 0.07375 0.14666666666666667
5 0.2 0.5166666666666667 0.1125 0.23333333333333334
1 0.393125 0.4222222222222222 0.08625 0.13333333333333333
2 0.08375 0.25 0.045 0.10888888888888888
2 0.40625 0.31777777777777777 0.075 0.1288888888888889
3 0.914375 0.7588888888888888 0.14875 0.22444444444444445
2 0.58625 0.23777777777777778 0.065 0.13333333333333333
2 0.65625 0.39555555555555555 0.0875 0.16444444444444445
2 0.123125 0.31222222222222223 0.06625 0.14444444444444443
