1 0.400625 0.4388888888888889 0.12625 0.15777777777777777
1 0.675 0.2388888888888889 0.0625 0.1
1 0.968125 0.4166666666666667 0.05875 0.13111111111111112
1 0.929375 0.24555555555555555 0.06125 0.11333333333333333
1 0.3175 0.30777777777777776 0.0775 0.14444444444444443
1 0.776875 0.7655555555555555 0.16875 0.3
1 0.651875 0.4 0.10375 0.16444444444444445
1 0.16875 0.7655555555555555 0.1675 0.3488888888888889
1 0.91625 0.7655555555555555 0.1475 0.2911111111111111
1 0.591875 0.24888888888888888 0.07125 0.1111111111111111
1 0.0675 0.26 0.065 0.11555555555555555
1 0.1425 0.24333333333333335 0.0675 0.09555555555555556
1 0.276875 0.4266666666666667 0.09375 0.14666666666666667
1 0.34375 0.24444444444444444 0.0675 0.12444444444444444
1 0.760625 0.40444444444444444 0.10125 0.1688888888888889
1 0.125 0.31777777777777777 0.085 0.1288888888888889
2 0.77875 0.7622222222222222 0.1625 0.3022222222222222
1 0.433125 0.25333333333333335 0.08125 0.10666666666666667
1 0.221875 0.55 0.11375 0.18444444444444444
1 0.409375 0.32 0.09375 0.13333333333333333
1 0.70875 0.31333333333333335 0.07 0.12
1 0.69375 0.56 0.1175 0.16444444444444445
1 0.62375 0.31333333333333335 0.08 0.16
1 0.338125 0.7622222222222222 0.16375 0.36444444444444446
1 0.375 0.5344444444444445 0.1125 0.22444444444444445
1 0.92625 0.3322222222222222 0.0775 0.13111111111111112
