2 0.15 0.24444444444444444 0.05 0.09777777777777778
2 0.85125 0.25666666666666665 0.07 0.12666666666666668
2 0.2775 0.4211111111111111 0.115 0.19333333333333333
1 0.61875 0.31333333333333335 0.0825 0.14222222222222222
2 0.6625 0.39666666666666667 0.09 0.1622222222222222
2 0.031875 0.40444444444444444 0.06375 0.1511111111111111
2 0.355 0.24666666666666667 0.06 0.11555555555555555
2 0.0325 0.31222222222222223 0.0625 0.12222222222222222
2 0.92625 0.3233333333333333 0.08 0.14444444444444443
2 0.39625 0.41555555555555557 0.0725 0.14666666666666667
2 0.169375 0.7688888888888888 0.15625 0.3333333333333333
2 0.708125 0.3055555555555556 0.06625 0.12222222222222222
2 0.6675 0.23666666666666666 0.055 0.12222222222222222
2 0.7125 0.5411111111111111 0.1025 0.20222222222222222
2 0.76 0.7944444444444444 0.1375 0.2111111111111111
2 0.44 0.2388888888888889 0.065 0.13111111111111112
2 0.923125 0.7866666666666666 0.14125 0.3022222222222222
2 0.9325 0.2388888888888889 0.055 0.11333333333333333
2 0.4075 0.3022222222222222 0.08 0.14222222222222222
2 0.825625 0.5666666666666667 0.11125 0.2
2 0.22875 0.5544444444444444 0.125 0.18
2 0.37375 0.5555555555555556 0.1175 0.18222222222222223
2 0.123125 0.31444444444444447 0.07375 0.14
2 0.08625 0.24666666666666667 0.045 0.11555555555555555
2 0.323125 0.30444444444444446 0.07625 0.1511111111111111
2 0.338125 0.7511111111111111 0.17625 0.3288888888888889
2 0.589375 0.24333333333333335 0.07375 0.13111111111111112
2 0.979375 0.31777777777777777 0.03375 0.1288888888888889
