2 0.590625 0.23555555555555555 0.06375 0.13333333333333333
2 0.333125 0.77 0.15625 0.36666666666666664
2 0.914375 0.7866666666666666 0.14625 0.26666666666666666
2 0.7125 0.5455555555555556 0.1 0.19777777777777777
2 0.029375 0.31222222222222223 0.05875 0.11777777777777777
2 0.090625 0.2477777777777778 0.04375 0.11777777777777777
1 0.348125 0.2477777777777778 0.06375 0.10444444444444445
2 0.75375 0.39111111111111113 0.0825 0.1688888888888889
2 0.926875 0.3244444444444444 0.08625 0.13777777777777778
2 0.44 0.23444444444444446 0.065 0.13111111111111112
2 0.0425 0.4066666666666667 0.08 0.17333333333333334
2 0.67 0.23333333333333334 0.0525 0.1111111111111111
2 0.165625 0.7811111111111111 0.15125 0.33111111111111113
3 0.278125 0.4166666666666667 0.09125 0.17555555555555555
2 0.62125 0.2911111111111111 0.075 0.15555555555555556
2 0.849375 0.2544444444444444 0.06625 0.12222222222222222
2 0.40875 0.30333333333333334 0.08 0.14888888888888888
2 0.705625 0.31 0.06375 0.13111111111111112
2 0.149375 0.24444444444444444 0.04875 0.09777777777777778
1 0.319375 0.31 0.07625 0.14888888888888888
2 0.658125 0.39222222222222225 0.09375 0.1711111111111111
2 0.93375 0.2411111111111111 0.0575 0.11777777777777777
2 0.3725 0.5466666666666666 0.1175 0.2
3 0.22 0.5444444444444444 0.1175 0.20444444444444446
2 0.1225 0.31333333333333335 0.0775 0.14666666666666667
2 0.82375 0.5588888888888889 0.1075 0.17555555555555555
2 0.396875 0.41888888888888887 0.08125 0.15333333333333332
