0 0.595625 0.25666666666666665 0.07125 0.10444444444444445
1 0.374375 0.5355555555555556 0.11375 0.2222222222222222
1 0.338125 0.76 0.16875 0.3377777777777778
1 0.07125 0.2588888888888889 0.0675 0.10888888888888888
1 0.435 0.24666666666666667 0.075 0.12
1 0.6925 0.5533333333333333 0.1275 0.21333333333333335
1 0.41 0.32 0.0825 0.12444444444444444
1 0.621875 0.32 0.07875 0.14666666666666667
1 0.1725 0.76 0.17 0.36
1 0.14625 0.24333333333333335 0.0625 0.1
1 0.70875 0.32 0.075 0.12
1 0.765625 0.4066666666666667 0.08875 0.13333333333333333
1 0.65125 0.4011111111111111 0.1075 0.15777777777777777
1 0.12125 0.3188888888888889 0.0775 0.12666666666666668
1 0.911875 0.3388888888888889 0.08625 0.11777777777777777
1 0.91375 0.7733333333333333 0.1575 0.28444444444444444
1 0.68 0.24222222222222223 0.0675 0.10666666666666667
1 0.35125 0.2511111111111111 0.0675 0.09777777777777778
1 0.935 0.25555555555555554 0.0725 0.09333333333333334
1 0.824375 0.5566666666666666 0.11625 0.18
1 0.846875 0.25555555555555554 0.07125 0.12444444444444444
1 0.766875 0.78 0.15375 0.26222222222222225
1 0.315 0.3088888888888889 0.0875 0.1511111111111111
