1 0.676875 0.2311111111111111 0.05375 0.1288888888888889
1 0.124375 0.31333333333333335 0.08625 0.14222222222222222
1 0.70625 0.30444444444444446 0.075 0.14666666666666667
1 0.075625 0.24666666666666667 0.06625 0.12444444444444444
1 0.828125 0.5544444444444444 0.12875 0.20222222222222222
1 0.05 0.39 0.09 0.17555555555555555
2 0.3975 0.41555555555555557 0.0875 0.2
2 0.356875 0.24555555555555555 0.06625 0.12222222222222222
1 0.438125 0.24222222222222223 0.07875 0.12
2 0.269375 0.4033333333333333 0.09375 0.1711111111111111
2 0.35125 0.5377777777777778 0.1075 0.22666666666666666
0 0.361875 0.7766666666666666 0.18625 0.37555555555555553
1 0.925625 0.7611111111111111 0.14125 0.25555555555555554
2 0.59125 0.23666666666666666 0.0675 0.14
1 0.319375 0.30333333333333334 0.08375 0.17555555555555555
2 0.84625 0.26 0.0575 0.13333333333333333
2 0.929375 0.24444444444444444 0.06625 0.1288888888888889
0 0.755625 0.8044444444444444 0.16625 0.29333333333333333
1 0.415 0.31666666666666665 0.0925 0.12666666666666668
2 0.761875 0.4011111111111111 0.09625 0.17555555555555555
1 0.62125 0.31 0.0775 0.1622222222222222
1 0.650625 0.4011111111111111 0.10125 0.1711111111111111
2 0.146875 0.24555555555555555 0.06125 0.1
2 0.92125 0.31777777777777777 0.085 0.1511111111111111
1 0.166875 0.8 0.16125 0.36
1 0.216875 0.5544444444444444 0.13375 0.19777777777777777
