0 0.219375 0.5688888888888889 0.11375 0.16
0 0.03125 0.33555555555555555 0.0625 0.08888888888888889
0 0.93125 0.34444444444444444 0.115 0.10222222222222223
0 0.153125 0.8555555555555555 0.18875 0.2222222222222222
0 0.270625 0.4288888888888889 0.11125 0.14222222222222222
1 0.933125 0.25666666666666665 0.06875 0.1
0 0.14125 0.25555555555555554 0.0725 0.08444444444444445
0 0.830625 0.5622222222222222 0.12625 0.18222222222222223
0 0.365625 0.5811111111111111 0.13375 0.15777777777777777
0 0.430625 0.2611111111111111 0.07875 0.09111111111111111
0 0.71625 0.3333333333333333 0.0875 0.08888888888888889
0 0.34125 0.2611111111111111 0.08 0.09111111111111111
0 0.703125 0.5911111111111111 0.13375 0.13777777777777778
0 0.393125 0.45111111111111113 0.12375 0.11555555555555555
0 0.92375 0.8011111111111111 0.14 0.26
0 0.310625 0.34444444444444444 0.08625 0.1111111111111111
0 0.12875 0.3333333333333333 0.0875 0.10222222222222223
0 0.410625 0.33444444444444443 0.10125 0.09555555555555556
0 0.0625 0.2733333333333333 0.08 0.08
0 0.33375 0.82 0.1875 0.20444444444444446
0 0.76125 0.8055555555555556 0.17 0.20666666666666667
0 0.685625 0.2577777777777778 0.09125 0.08
0 0.598125 0.24888888888888888 0.08375 0.10222222222222223
0 0.846875 0.26666666666666666 0.07875 0.10222222222222223
0 0.62125 0.3288888888888889 0.0925 0.09777777777777778
0 0.776875 0.42444444444444446 0.12375 0.12
0 0.040625 0.4311111111111111 0.08125 0.10666666666666667
0 0.656875 0.4266666666666667 0.10625 0.12
