2 0.656875 0.3977777777777778 0.09125 0.16444444444444445
2 0.039375 0.4077777777777778 0.07875 0.1622222222222222
2 0.924375 0.32 0.07875 0.13777777777777778
2 0.355625 0.5588888888888889 0.12625 0.19777777777777777
5 0.32 0.2577777777777778 0.0725 0.2311111111111111
2 0.9325 0.23666666666666666 0.0575 0.11333333333333333
2 0.705 0.3055555555555556 0.0675 0.12666666666666668
2 0.17125 0.7633333333333333 0.165 0.3488888888888889
2 0.164375 0.24222222222222223 0.05375 0.1111111111111111
2 0.035 0.3055555555555556 0.07 0.12222222222222222
2 0.705 0.5444444444444444 0.1075 0.19111111111111112
2 0.071875 0.25333333333333335 0.05875 0.10222222222222223
2 0.410625 0.31555555555555553 0.09125 0.1288888888888889
2 0.391875 0.4111111111111111 0.07875 0.1511111111111111
1 0.335 0.7544444444444445 0.17 0.36666666666666664
2 0.75875 0.3977777777777778 0.1025 0.1688888888888889
2 0.585625 0.23777777777777778 0.04875 0.1288888888888889
2 0.226875 0.5455555555555556 0.11875 0.18444444444444444
2 0.27625 0.4033333333333333 0.1075 0.17555555555555555
2 0.821875 0.5611111111111111 0.11125 0.20222222222222222
2 0.675625 0.2388888888888889 0.05125 0.10888888888888888
2 0.851875 0.2544444444444444 0.07125 0.12666666666666668
2 0.125 0.3088888888888889 0.0825 0.1511111111111111
2 0.62125 0.2966666666666667 0.0775 0.16666666666666666
0 0.75625 0.7877777777777778 0.175 0.2644444444444444
2 0.441875 0.23555555555555555 0.06625 0.13333333333333333
2 0.9775 0.32 0.0375 0.12
