1 0.845625 0.25222222222222224 0.07125 0.13111111111111112
1 0.174375 0.7655555555555555 0.16375 0.3622222222222222
1 0.824375 0.5611111111111111 0.12375 0.19777777777777777
1 0.915625 0.7655555555555555 0.15125 0.2866666666666667
1 0.7525 0.4033333333333333 0.085 0.1622222222222222
1 0.689375 0.5555555555555556 0.12875 0.18222222222222223
1 0.125 0.3188888888888889 0.0975 0.13555555555555557
1 0.433125 0.24555555555555555 0.07875 0.11777777777777777
1 0.221875 0.5511111111111111 0.11375 0.16444444444444445
1 0.966875 0.4177777777777778 0.06375 0.1288888888888889
1 0.276875 0.4266666666666667 0.09375 0.14666666666666667
0 0.593125 0.2544444444444444 0.06625 0.10888888888888888
1 0.144375 0.24444444444444444 0.06625 0.09333333333333334
1 0.315625 0.3088888888888889 0.08875 0.16
1 0.33625 0.7633333333333333 0.1675 0.34444444444444444
1 0.04125 0.3933333333333333 0.0825 0.19111111111111112
1 0.768125 0.7888888888888889 0.16125 0.2577777777777778
1 0.67875 0.2388888888888889 0.0675 0.1
1 0.919375 0.3322222222222222 0.08875 0.12666666666666668
1 0.409375 0.3188888888888889 0.08375 0.12222222222222222
0 0.34 0.2477777777777778 0.075 0.09555555555555556
1 0.651875 0.4022222222222222 0.10625 0.16
1 0.070625 0.25666666666666665 0.06875 0.10888888888888888
1 0.93375 0.24888888888888888 0.065 0.10222222222222223
1 0.709375 0.31555555555555553 0.06875 0.12
1 0.6225 0.31444444444444447 0.0825 0.15777777777777777
