0 0.775625 0.43333333333333335 0.11625 0.12444444444444444
0 0.93375 0.2733333333333333 0.075 0.06666666666666667
0 0.215 0.5744444444444444 0.125 0.15777777777777777
0 0.27125 0.42777777777777776 0.11 0.14
0 0.9275 0.7888888888888889 0.1375 0.28888888888888886
0 0.75875 0.7966666666666666 0.1675 0.20666666666666667
0 0.13 0.33111111111111113 0.095 0.11555555555555555
0 0.705625 0.5955555555555555 0.13125 0.14222222222222222
0 0.03125 0.33666666666666667 0.0625 0.09555555555555556
0 0.659375 0.4288888888888889 0.10875 0.12444444444444444
0 0.434375 0.26222222222222225 0.08625 0.08888888888888889
0 0.3575 0.5655555555555556 0.145 0.18
0 0.14875 0.8733333333333333 0.2 0.23555555555555555
0 0.139375 0.2633333333333333 0.07375 0.07333333333333333
0 0.315 0.3422222222222222 0.0875 0.09777777777777778
0 0.3975 0.4388888888888889 0.1225 0.11777777777777777
0 0.41625 0.33444444444444443 0.1025 0.09111111111111111
0 0.685625 0.2511111111111111 0.09375 0.08444444444444445
1 0.594375 0.24444444444444444 0.07375 0.1288888888888889
0 0.71625 0.3277777777777778 0.0875 0.09555555555555556
0 0.075625 0.27 0.06875 0.07777777777777778
0 0.34 0.26222222222222225 0.0775 0.09777777777777778
0 0.625 0.33111111111111113 0.1 0.09777777777777778
0 0.85375 0.2788888888888889 0.0775 0.08666666666666667
0 0.0425 0.43666666666666665 0.085 0.11333333333333333
0 0.335625 0.8033333333333333 0.18875 0.23777777777777778
0 0.933125 0.3433333333333333 0.10125 0.1
