1 0.594375 0.24666666666666667 0.08375 0.11555555555555555
0 0.14875 0.8166666666666667 0.1825 0.2911111111111111
0 0.410625 0.33111111111111113 0.10625 0.09777777777777778
0 0.03125 0.3377777777777778 0.0625 0.08444444444444445
1 0.13875 0.25 0.07 0.1
0 0.765625 0.43222222222222223 0.09375 0.10888888888888888
0 0.040625 0.42777777777777776 0.08125 0.12222222222222222
1 0.126875 0.32555555555555554 0.09125 0.12666666666666668
0 0.830625 0.5777777777777777 0.11125 0.1511111111111111
0 0.621875 0.33 0.09375 0.09555555555555556
1 0.846875 0.2644444444444444 0.07375 0.12
0 0.3375 0.8055555555555556 0.1875 0.21555555555555556
0 0.431875 0.2633333333333333 0.08625 0.09111111111111111
0 0.715 0.33111111111111113 0.0875 0.09333333333333334
0 0.271875 0.43333333333333335 0.12125 0.14666666666666667
0 0.933125 0.3411111111111111 0.11125 0.10888888888888888
0 0.595 0.24666666666666667 0.0825 0.11555555555555555
0 0.20375 0.5711111111111111 0.1075 0.16444444444444445
1 0.065 0.24444444444444444 0.065 0.12
0 0.701875 0.5966666666666667 0.13375 0.13555555555555557
0 0.398125 0.4388888888888889 0.12125 0.12222222222222222
0 0.683125 0.25555555555555554 0.08625 0.08
0 0.364375 0.5788888888888889 0.13625 0.1622222222222222
0 0.93375 0.27111111111111114 0.0725 0.06222222222222222
0 0.923125 0.7922222222222223 0.13125 0.3
0 0.311875 0.3422222222222222 0.08875 0.10222222222222223
0 0.744375 0.8122222222222222 0.16375 0.19333333333333333
0 0.34125 0.26222222222222225 0.08 0.08444444444444445
0 0.658125 0.42777777777777776 0.10875 0.12666666666666668
