0 0.43375 0.2611111111111111 0.0825 0.08222222222222222
0 0.395 0.44 0.1 0.12
0 0.658125 0.43 0.10625 0.11333333333333333
0 0.6925 0.5977777777777777 0.125 0.13333333333333333
0 0.03 0.33 0.06 0.08222222222222222
0 0.130625 0.33 0.09375 0.10888888888888888
0 0.34375 0.8288888888888889 0.2175 0.18666666666666668
0 0.764375 0.44 0.09375 0.10666666666666667
0 0.339375 0.26666666666666666 0.08375 0.08444444444444445
0 0.7525 0.7622222222222222 0.1525 0.3022222222222222
0 0.21125 0.5655555555555556 0.11 0.16666666666666666
0 0.37 0.5588888888888889 0.1275 0.19333333333333333
0 0.931875 0.3433333333333333 0.11125 0.10888888888888888
0 0.1475 0.8644444444444445 0.195 0.21333333333333335
0 0.6875 0.25666666666666665 0.0825 0.07777777777777778
0 0.075 0.26 0.065 0.09777777777777778
1 0.040625 0.41333333333333333 0.08125 0.1511111111111111
0 0.933125 0.26666666666666666 0.07375 0.08
0 0.14125 0.25 0.0675 0.09555555555555556
0 0.85375 0.2688888888888889 0.075 0.10666666666666667
0 0.72125 0.33 0.095 0.08666666666666667
0 0.315625 0.3411111111111111 0.09625 0.12222222222222222
0 0.2725 0.42777777777777776 0.1125 0.14444444444444443
0 0.623125 0.33111111111111113 0.09625 0.10222222222222223
0 0.414375 0.33 0.10125 0.1
0 0.593125 0.2577777777777778 0.08125 0.10222222222222223
0 0.91625 0.7811111111111111 0.1375 0.2911111111111111
