2 0.65625 0.39444444444444443 0.0875 0.15777777777777777
2 0.19 0.7133333333333334 0.125 0.3422222222222222
2 0.69625 0.5488888888888889 0.1275 0.20444444444444446
2 0.669375 0.23444444444444446 0.05375 0.11777777777777777
2 0.586875 0.2388888888888889 0.06375 0.13111111111111112
2 0.149375 0.24 0.04875 0.10222222222222223
2 0.704375 0.31222222222222223 0.06375 0.13555555555555557
2 0.373125 0.5644444444444444 0.12125 0.18666666666666668
2 0.9325 0.2388888888888889 0.0575 0.12222222222222222
2 0.083125 0.25222222222222224 0.04875 0.11333333333333333
2 0.756875 0.39555555555555555 0.10125 0.1688888888888889
2 0.915625 0.7566666666666667 0.14875 0.23333333333333334
3 0.27125 0.4122222222222222 0.105 0.18888888888888888
2 0.336875 0.7722222222222223 0.15875 0.3711111111111111
2 0.918125 0.3244444444444444 0.07375 0.1511111111111111
2 0.850625 0.2544444444444444 0.07375 0.12222222222222222
3 0.80875 0.55 0.085 0.19333333333333333
2 0.62 0.30777777777777776 0.08 0.15777777777777777
2 0.32125 0.3055555555555556 0.0725 0.14444444444444443
2 0.75625 0.7533333333333333 0.1325 0.28
2 0.12375 0.31333333333333335 0.065 0.14222222222222222
2 0.405 0.31777777777777777 0.075 0.1288888888888889
2 0.435625 0.2388888888888889 0.06875 0.14
2 0.34875 0.24555555555555555 0.065 0.11777777777777777
2 0.39375 0.4211111111111111 0.0875 0.15333333333333332
