1 0.934375 0.2411111111111111 0.06125 0.11333333333333333
2 0.358125 0.24444444444444444 0.05375 0.13333333333333333
2 0.658125 0.39444444444444443 0.08625 0.1622222222222222
2 0.175 0.7655555555555555 0.17 0.34
2 0.415 0.31666666666666665 0.0875 0.12666666666666668
1 0.43625 0.24222222222222223 0.075 0.13333333333333333
2 0.621875 0.30444444444444446 0.08125 0.14666666666666667
2 0.76 0.4033333333333333 0.105 0.1711111111111111
2 0.92125 0.7688888888888888 0.155 0.27111111111111114
2 0.704375 0.3055555555555556 0.06875 0.12666666666666668
2 0.39 0.4088888888888889 0.1075 0.15555555555555556
2 0.385625 0.5522222222222222 0.08125 0.19333333333333333
2 0.70125 0.5477777777777778 0.105 0.20666666666666667
2 0.59125 0.2388888888888889 0.0575 0.13555555555555557
2 0.21625 0.5444444444444444 0.1075 0.1688888888888889
5 0.31625 0.6644444444444444 0.1575 0.4622222222222222
1 0.045 0.41333333333333333 0.085 0.17333333333333334
2 0.97875 0.3188888888888889 0.035 0.12666666666666668
2 0.12375 0.31 0.0725 0.15333333333333332
2 0.7375 0.78 0.1275 0.28
2 0.818125 0.5644444444444444 0.11125 0.21333333333333335
1 0.968125 0.41555555555555557 0.06125 0.14222222222222222
2 0.325625 0.31444444444444447 0.08125 0.16666666666666666
2 0.03375 0.31333333333333335 0.065 0.10666666666666667
2 0.8475 0.25222222222222224 0.075 0.13555555555555557
2 0.67125 0.23777777777777778 0.0525 0.12
2 0.0775 0.25 0.06 0.11777777777777777
2 0.15 0.24555555555555555 0.0475 0.09555555555555556
2 0.9175 0.32222222222222224 0.0725 0.15555555555555556
