0 0.075 0.2722222222222222 0.065 0.07777777777777778
0 0.35875 0.5944444444444444 0.14 0.14444444444444443
0 0.41375 0.3377777777777778 0.1075 0.08444444444444445
0 0.4325 0.25666666666666665 0.085 0.09111111111111111
0 0.829375 0.5688888888888889 0.11125 0.2
0 0.684375 0.25666666666666665 0.07875 0.07777777777777778
0 0.3925 0.4444444444444444 0.13 0.12
0 0.141875 0.25666666666666665 0.07125 0.08222222222222222
0 0.85375 0.27555555555555555 0.08 0.09777777777777778
0 0.20875 0.5711111111111111 0.125 0.16444444444444445
0 0.34125 0.26222222222222225 0.0825 0.08888888888888889
0 0.65875 0.42777777777777776 0.1075 0.12222222222222222
0 0.62125 0.33 0.095 0.1
0 0.26375 0.43444444444444447 0.1075 0.14
0 0.70125 0.5966666666666667 0.1375 0.14888888888888888
0 0.921875 0.8033333333333333 0.14875 0.29555555555555557
0 0.771875 0.43333333333333335 0.11125 0.11555555555555555
0 0.75 0.7933333333333333 0.1575 0.27555555555555555
0 0.12 0.3322222222222222 0.0825 0.10888888888888888
0 0.345625 0.8388888888888889 0.21125 0.21555555555555556
0 0.715 0.33111111111111113 0.09 0.09333333333333334
0 0.315 0.3388888888888889 0.09 0.10444444444444445
0 0.5975 0.26555555555555554 0.0875 0.09555555555555556
1 0.030625 0.3244444444444444 0.06125 0.13333333333333333
0 0.14625 0.8655555555555555 0.1925 0.22
0 0.0425 0.43333333333333335 0.085 0.09777777777777778
