2 0.123125 0.30666666666666664 0.06625 0.14222222222222222
2 0.0425 0.31555555555555553 0.07 0.1111111111111111
2 0.32125 0.31222222222222223 0.08 0.14444444444444443
2 0.354375 0.24444444444444444 0.05875 0.12444444444444444
2 0.62125 0.3 0.0825 0.1688888888888889
2 0.850625 0.25555555555555554 0.06875 0.12444444444444444
2 0.715 0.5366666666666666 0.1025 0.20222222222222222
2 0.15375 0.24444444444444444 0.05 0.09333333333333334
2 0.44125 0.2388888888888889 0.06 0.13111111111111112
2 0.933125 0.2411111111111111 0.05625 0.12222222222222222
2 0.1975 0.7855555555555556 0.165 0.34444444444444444
2 0.278125 0.41333333333333333 0.10375 0.17333333333333334
2 0.7 0.30666666666666664 0.065 0.13333333333333333
2 0.755 0.75 0.12 0.2733333333333333
2 0.82625 0.5611111111111111 0.1125 0.19333333333333333
2 0.39125 0.4177777777777778 0.075 0.14666666666666667
2 0.04375 0.40444444444444444 0.085 0.17777777777777778
2 0.08375 0.25222222222222224 0.05 0.11777777777777777
2 0.40875 0.30777777777777776 0.08 0.14444444444444443
2 0.656875 0.3933333333333333 0.08875 0.1688888888888889
2 0.756875 0.39 0.08625 0.16666666666666666
2 0.6625 0.23 0.0475 0.11333333333333333
2 0.351875 0.7566666666666667 0.12375 0.31777777777777777
2 0.223125 0.5477777777777778 0.12625 0.1711111111111111
2 0.92 0.3233333333333333 0.0675 0.14444444444444443
2 0.5875 0.23333333333333334 0.065 0.13777777777777778
2 0.37 0.5633333333333334 0.1275 0.18888888888888888
2 0.920625 0.7755555555555556 0.14875 0.26222222222222225
