2 0.620625 0.3111111111111111 0.08375 0.16
1 0.918125 0.7711111111111111 0.16125 0.25333333333333335
1 0.741875 0.7911111111111111 0.14625 0.26666666666666666
2 0.65125 0.4011111111111111 0.095 0.1711111111111111
2 0.93375 0.23666666666666666 0.0575 0.12222222222222222
1 0.84875 0.25666666666666665 0.0775 0.13555555555555557
2 0.7075 0.30666666666666664 0.0675 0.13333333333333333
1 0.126875 0.31333333333333335 0.09625 0.15555555555555556
2 0.696875 0.5377777777777778 0.12375 0.2222222222222222
2 0.59125 0.2388888888888889 0.0675 0.14444444444444443
2 0.39375 0.4077777777777778 0.11 0.1622222222222222
2 0.35125 0.25222222222222224 0.06 0.12222222222222222
2 0.2775 0.4066666666666667 0.1025 0.18222222222222223
2 0.9675 0.41555555555555557 0.0625 0.14666666666666667
2 0.07125 0.2511111111111111 0.0575 0.10222222222222223
2 0.3225 0.31444444444444447 0.08 0.1711111111111111
1 0.76 0.4022222222222222 0.1 0.1688888888888889
2 0.436875 0.24 0.07625 0.14222222222222222
2 0.915625 0.3233333333333333 0.08125 0.14888888888888888
2 0.411875 0.31666666666666665 0.09375 0.12222222222222222
2 0.226875 0.5488888888888889 0.12125 0.19111111111111112
2 0.36375 0.55 0.13 0.19777777777777777
2 0.039375 0.41333333333333333 0.07875 0.16444444444444445
1 0.178125 0.7755555555555556 0.17125 0.3377777777777778
1 0.345 0.7611111111111111 0.16 0.33555555555555555
2 0.97875 0.3188888888888889 0.0325 0.13111111111111112
1 0.145625 0.24222222222222223 0.06375 0.09333333333333334
1 0.035 0.32555555555555554 0.0675 0.09555555555555556
2 0.67125 0.23555555555555555 0.0525 0.12444444444444444
2 0.820625 0.5633333333333334 0.10875 0.20666666666666667
