0 0.365 0.5777777777777777 0.1325 0.16
0 0.04 0.42333333333333334 0.08 0.13555555555555557
0 0.145625 0.8622222222222222 0.19125 0.2088888888888889
0 0.3425 0.26222222222222225 0.08 0.08888888888888889
1 0.594375 0.24333333333333335 0.08375 0.12222222222222222
0 0.935 0.2733333333333333 0.075 0.07111111111111111
0 0.741875 0.8155555555555556 0.15125 0.18666666666666668
0 0.314375 0.3433333333333333 0.08875 0.1
0 0.128125 0.32555555555555554 0.08875 0.12666666666666668
0 0.715625 0.3277777777777778 0.08875 0.09555555555555556
0 0.91875 0.7933333333333333 0.14 0.28888888888888886
0 0.27 0.43333333333333335 0.1225 0.13777777777777778
0 0.765625 0.4311111111111111 0.09375 0.10666666666666667
0 0.41125 0.32666666666666666 0.105 0.10666666666666667
0 0.701875 0.5955555555555555 0.13375 0.13777777777777778
0 0.208125 0.57 0.11625 0.1711111111111111
0 0.9325 0.3466666666666667 0.1075 0.09777777777777778
0 0.65625 0.42777777777777776 0.1075 0.12666666666666668
0 0.335625 0.8155555555555556 0.18875 0.22666666666666666
0 0.831875 0.5766666666666667 0.11125 0.15777777777777777
0 0.396875 0.43777777777777777 0.12125 0.12444444444444444
0 0.85125 0.2777777777777778 0.0775 0.08888888888888889
0 0.140625 0.2477777777777778 0.06875 0.09555555555555556
0 0.683125 0.25555555555555554 0.08625 0.08
0 0.43375 0.26 0.08 0.08888888888888889
0 0.03125 0.33555555555555555 0.0625 0.08
0 0.07375 0.2722222222222222 0.0675 0.08222222222222222
0 0.621875 0.33 0.09375 0.1
