0 0.93375 0.2733333333333333 0.075 0.06666666666666667
0 0.205 0.5766666666666667 0.1225 0.14888888888888888
0 0.368125 0.58 0.12875 0.16
0 0.410625 0.3388888888888889 0.11375 0.08666666666666667
0 0.925625 0.8011111111111111 0.13875 0.3
0 0.129375 0.3277777777777778 0.09125 0.11777777777777777
0 0.683125 0.25555555555555554 0.08125 0.07555555555555556
0 0.14 0.2577777777777778 0.0725 0.07555555555555556
0 0.770625 0.41444444444444445 0.11875 0.12222222222222222
0 0.70125 0.6 0.1375 0.14666666666666667
0 0.434375 0.26 0.08625 0.08444444444444445
0 0.04125 0.43777777777777777 0.0825 0.10222222222222223
0 0.355625 0.83 0.20875 0.21555555555555556
0 0.341875 0.26222222222222225 0.08125 0.08888888888888889
0 0.263125 0.42777777777777776 0.11375 0.14
0 0.8275 0.5722222222222222 0.105 0.18888888888888888
0 0.59875 0.2633333333333333 0.09 0.09555555555555556
0 0.75625 0.8066666666666666 0.1675 0.20444444444444446
0 0.401875 0.4444444444444444 0.11375 0.1111111111111111
0 0.073125 0.2722222222222222 0.06625 0.07777777777777778
0 0.62 0.33 0.1 0.10444444444444445
0 0.715625 0.33 0.08625 0.09555555555555556
0 0.65625 0.42777777777777776 0.105 0.12222222222222222
0 0.9275 0.3466666666666667 0.1 0.10222222222222223
0 0.03125 0.3388888888888889 0.0625 0.09555555555555556
0 0.144375 0.8666666666666667 0.19625 0.22666666666666666
0 0.313125 0.34555555555555556 0.09125 0.09555555555555556
