0 0.933125 0.26222222222222225 0.07375 0.08444444444444445
0 0.921875 0.7966666666666666 0.14375 0.2644444444444444
0 0.27 0.4255555555555556 0.1125 0.14888888888888888
0 0.39375 0.45 0.1275 0.10444444444444445
0 0.153125 0.85 0.17625 0.19777777777777777
0 0.340625 0.2633333333333333 0.08125 0.09111111111111111
0 0.625 0.3288888888888889 0.09 0.09333333333333334
0 0.930625 0.34555555555555556 0.11375 0.09555555555555556
0 0.336875 0.8122222222222222 0.18875 0.22
0 0.141875 0.2633333333333333 0.07375 0.07777777777777778
0 0.656875 0.4266666666666667 0.10875 0.11555555555555555
0 0.84625 0.2677777777777778 0.075 0.10888888888888888
0 0.128125 0.33 0.08625 0.10444444444444445
0 0.041875 0.4311111111111111 0.08375 0.11555555555555555
0 0.21875 0.5744444444444444 0.1175 0.14888888888888888
0 0.59375 0.2511111111111111 0.085 0.10666666666666667
0 0.033125 0.3288888888888889 0.06125 0.10222222222222223
0 0.43125 0.2577777777777778 0.08 0.09333333333333334
0 0.686875 0.25333333333333335 0.08875 0.08444444444444445
0 0.7625 0.8022222222222222 0.1675 0.21333333333333335
0 0.05875 0.2733333333333333 0.085 0.08
0 0.31375 0.34444444444444444 0.0875 0.09777777777777778
0 0.715625 0.3333333333333333 0.09125 0.08888888888888889
0 0.370625 0.5811111111111111 0.12125 0.1622222222222222
0 0.701875 0.5755555555555556 0.13375 0.16444444444444445
0 0.77125 0.4288888888888889 0.1125 0.12
0 0.411875 0.3377777777777778 0.10125 0.08888888888888889
