1 0.93625 0.2477777777777778 0.075 0.10888888888888888
1 0.125625 0.31666666666666665 0.09625 0.13555555555555557
1 0.914375 0.7633333333333333 0.15125 0.29555555555555557
1 0.336875 0.7644444444444445 0.16875 0.3422222222222222
1 0.846875 0.25222222222222224 0.07125 0.13111111111111112
1 0.409375 0.3188888888888889 0.08375 0.12666666666666668
1 0.651875 0.4011111111111111 0.10625 0.1622222222222222
1 0.59 0.23 0.06 0.13111111111111112
1 0.371875 0.5344444444444445 0.11375 0.22
1 0.71 0.31333333333333335 0.07 0.11555555555555555
1 0.040625 0.4066666666666667 0.07875 0.18666666666666668
1 0.315 0.31 0.085 0.14444444444444443
1 0.764375 0.7966666666666666 0.15125 0.26
2 0.76375 0.40555555555555556 0.1075 0.1711111111111111
1 0.678125 0.24 0.06375 0.10666666666666667
1 0.62125 0.31 0.08 0.1622222222222222
1 0.920625 0.3322222222222222 0.09125 0.12666666666666668
1 0.14375 0.24222222222222223 0.065 0.09777777777777778
1 0.2775 0.4288888888888889 0.095 0.14222222222222222
0 0.221875 0.5544444444444444 0.11625 0.16666666666666666
1 0.96875 0.4122222222222222 0.0575 0.13555555555555557
1 0.433125 0.2544444444444444 0.07625 0.10888888888888888
1 0.07125 0.25666666666666665 0.065 0.10888888888888888
1 0.690625 0.5522222222222222 0.13125 0.19333333333333333
1 0.350625 0.24555555555555555 0.06875 0.1
