0 0.765625 0.43222222222222223 0.09375 0.10444444444444445
0 0.15125 0.8644444444444445 0.1925 0.22666666666666666
0 0.75625 0.8144444444444444 0.1925 0.18888888888888888
0 0.71625 0.32666666666666666 0.095 0.09333333333333334
0 0.34375 0.2588888888888889 0.0725 0.09111111111111111
0 0.13 0.33 0.0925 0.10888888888888888
0 0.13875 0.25333333333333335 0.075 0.08888888888888889
0 0.725 0.5911111111111111 0.075 0.11555555555555555
0 0.410625 0.3388888888888889 0.11125 0.08666666666666667
0 0.43125 0.26222222222222225 0.08 0.08444444444444445
0 0.34625 0.8233333333333334 0.2175 0.19333333333333333
2 0.30875 0.30777777777777776 0.0875 0.1622222222222222
0 0.679375 0.25666666666666665 0.07375 0.06888888888888889
0 0.621875 0.3288888888888889 0.09375 0.09777777777777778
0 0.92625 0.7844444444444445 0.1375 0.28
0 0.365 0.5677777777777778 0.145 0.18888888888888888
0 0.595 0.25555555555555554 0.08 0.09777777777777778
0 0.931875 0.26666666666666666 0.07125 0.08
0 0.2725 0.43222222222222223 0.11 0.14
0 0.850625 0.2677777777777778 0.07625 0.10888888888888888
1 0.0375 0.41888888888888887 0.075 0.14444444444444443
0 0.39 0.44555555555555554 0.105 0.11777777777777777
0 0.9275 0.3411111111111111 0.105 0.10888888888888888
0 0.210625 0.5777777777777777 0.11875 0.1511111111111111
0 0.030625 0.3233333333333333 0.05875 0.08666666666666667
0 0.658125 0.4311111111111111 0.10625 0.12
0 0.069375 0.2677777777777778 0.06875 0.08222222222222222
