2 0.651875 0.3988888888888889 0.07375 0.16666666666666666
2 0.849375 0.2588888888888889 0.07625 0.12666666666666668
2 0.2275 0.5511111111111111 0.1175 0.18666666666666668
5 0.6975 0.48 0.1 0.28888888888888886
2 0.3225 0.31222222222222223 0.0775 0.1711111111111111
2 0.070625 0.25222222222222224 0.05625 0.10444444444444445
2 0.76125 0.7733333333333333 0.1675 0.3288888888888889
2 0.67125 0.23555555555555555 0.055 0.1111111111111111
1 0.14625 0.2411111111111111 0.0575 0.1
2 0.27875 0.40444444444444444 0.105 0.18222222222222223
1 0.168125 0.7744444444444445 0.17625 0.35333333333333333
2 0.923125 0.7733333333333333 0.14625 0.28888888888888886
2 0.35625 0.25 0.055 0.11777777777777777
2 0.41125 0.3211111111111111 0.095 0.12222222222222222
2 0.11875 0.3111111111111111 0.0825 0.14666666666666667
2 0.92625 0.3244444444444444 0.08 0.1288888888888889
2 0.591875 0.23777777777777778 0.05625 0.13777777777777778
2 0.76625 0.39222222222222225 0.08 0.16666666666666666
2 0.391875 0.4122222222222222 0.10625 0.15777777777777777
2 0.4375 0.2411111111111111 0.075 0.14
1 0.96875 0.41333333333333333 0.0625 0.1511111111111111
2 0.816875 0.5611111111111111 0.10625 0.20666666666666667
2 0.366875 0.5566666666666666 0.13125 0.18444444444444444
2 0.0325 0.31555555555555553 0.0625 0.1111111111111111
2 0.93375 0.2388888888888889 0.0575 0.11777777777777777
2 0.705625 0.3022222222222222 0.06375 0.12
2 0.17125 0.7733333333333333 0.1725 0.3466666666666667
2 0.61875 0.31 0.08 0.15777777777777777
2 0.338125 0.7611111111111111 0.16125 0.35333333333333333
1 0.039375 0.41 0.07875 0.15777777777777777
