2 0.67 0.23 0.055 0.10888888888888888
2 0.69625 0.5422222222222223 0.13 0.21333333333333335
2 0.654375 0.39111111111111113 0.08625 0.1688888888888889
2 0.325 0.3022222222222222 0.07 0.14666666666666667
2 0.76125 0.4022222222222222 0.09 0.15555555555555556
2 0.045 0.4066666666666667 0.08 0.18666666666666668
2 0.63 0.3055555555555556 0.0875 0.15777777777777777
2 0.080625 0.25555555555555554 0.04625 0.1111111111111111
2 0.04875 0.3088888888888889 0.0625 0.11555555555555555
2 0.704375 0.3088888888888889 0.06375 0.1288888888888889
2 0.344375 0.7766666666666666 0.18875 0.3711111111111111
2 0.219375 0.5522222222222222 0.12875 0.17555555555555555
2 0.92125 0.3188888888888889 0.0675 0.13555555555555557
2 0.38375 0.5622222222222222 0.105 0.19111111111111112
2 0.850625 0.2544444444444444 0.06875 0.12222222222222222
2 0.806875 0.5511111111111111 0.08375 0.19555555555555557
2 0.589375 0.22777777777777777 0.06875 0.14
2 0.128125 0.31222222222222223 0.07375 0.15333333333333332
2 0.27875 0.4088888888888889 0.1025 0.18222222222222223
2 0.355 0.24222222222222223 0.0525 0.1111111111111111
2 0.436875 0.2411111111111111 0.06625 0.13555555555555557
2 0.9325 0.23777777777777778 0.0575 0.1288888888888889
2 0.155625 0.23444444444444446 0.04625 0.11333333333333333
2 0.40625 0.31444444444444447 0.0725 0.12666666666666668
2 0.920625 0.7544444444444445 0.12125 0.23333333333333334
2 0.19375 0.7466666666666667 0.125 0.28
2 0.39625 0.4166666666666667 0.095 0.15777777777777777
2 0.76875 0.7655555555555555 0.1675 0.3
