1 0.435625 0.24333333333333335 0.07375 0.11777777777777777
1 0.141875 0.24222222222222223 0.06375 0.09777777777777778
1 0.411875 0.31555555555555553 0.10125 0.13333333333333333
0 0.31125 0.3422222222222222 0.095 0.10222222222222223
1 0.345625 0.24333333333333335 0.07625 0.10888888888888888
0 0.711875 0.33 0.08375 0.09111111111111111
0 0.6575 0.4266666666666667 0.1075 0.12444444444444444
0 0.598125 0.2633333333333333 0.08875 0.10444444444444445
1 0.76625 0.3933333333333333 0.11 0.17333333333333334
0 0.756875 0.81 0.15875 0.21555555555555556
0 0.68625 0.25222222222222224 0.08 0.08666666666666667
1 0.61625 0.30444444444444446 0.0925 0.15555555555555556
0 0.041875 0.43444444444444447 0.08375 0.11333333333333333
0 0.363125 0.5955555555555555 0.13125 0.13777777777777778
1 0.92625 0.24 0.065 0.13333333333333333
0 0.39125 0.45111111111111113 0.1225 0.1111111111111111
1 0.844375 0.2477777777777778 0.06375 0.13555555555555557
0 0.706875 0.59 0.13375 0.14888888888888888
0 0.07375 0.27111111111111114 0.0625 0.07555555555555556
0 0.150625 0.8388888888888889 0.17625 0.2777777777777778
0 0.266875 0.43777777777777777 0.09875 0.13777777777777778
0 0.345625 0.8222222222222222 0.19875 0.20444444444444446
0 0.119375 0.32555555555555554 0.09125 0.12222222222222222
0 0.934375 0.33555555555555555 0.10375 0.11555555555555555
0 0.028125 0.34444444444444444 0.05375 0.08888888888888889
