1 0.035 0.41555555555555557 0.07 0.1288888888888889
0 0.430625 0.25222222222222224 0.08125 0.1
0 0.656875 0.42777777777777776 0.10625 0.12666666666666668
0 0.685625 0.25666666666666665 0.08625 0.07777777777777778
0 0.76375 0.43333333333333335 0.0925 0.10666666666666667
0 0.060625 0.27 0.06625 0.07777777777777778
0 0.83 0.5766666666666667 0.11 0.15333333333333332
0 0.621875 0.33 0.09375 0.09555555555555556
0 0.4125 0.3322222222222222 0.1075 0.09555555555555556
0 0.398125 0.44 0.12125 0.12444444444444444
1 0.84625 0.2633333333333333 0.07 0.11777777777777777
0 0.701875 0.5955555555555555 0.13375 0.13777777777777778
0 0.311875 0.3433333333333333 0.08625 0.1
0 0.921875 0.7933333333333333 0.13625 0.29333333333333333
0 0.341875 0.2611111111111111 0.08125 0.09111111111111111
0 0.745 0.81 0.16 0.20666666666666667
0 0.14 0.2511111111111111 0.0725 0.09333333333333334
0 0.365 0.58 0.1325 0.16
0 0.1325 0.32222222222222224 0.0875 0.13333333333333333
0 0.1425 0.8588888888888889 0.195 0.20222222222222222
1 0.92375 0.24444444444444444 0.0725 0.11555555555555555
0 0.715625 0.33111111111111113 0.08875 0.09333333333333334
0 0.204375 0.5722222222222222 0.11125 0.16666666666666666
0 0.339375 0.8066666666666666 0.18375 0.2088888888888889
0 0.27125 0.42777777777777776 0.12 0.14
0 0.595625 0.24888888888888888 0.08375 0.1111111111111111
0 0.934375 0.3433333333333333 0.10875 0.10444444444444445
