2 0.12 0.31222222222222223 0.0775 0.14
2 0.3525 0.24444444444444444 0.0575 0.12
2 0.080625 0.2577777777777778 0.05125 0.10222222222222223
2 0.765625 0.39 0.08625 0.18
1 0.33625 0.7755555555555556 0.175 0.36
2 0.16625 0.7744444444444445 0.155 0.33111111111111113
2 0.93375 0.24 0.055 0.1111111111111111
0 0.569375 0.4222222222222222 0.06125 0.12
2 0.035 0.31444444444444447 0.07 0.12222222222222222
2 0.7075 0.31 0.0625 0.13111111111111112
3 0.819375 0.5644444444444444 0.11625 0.2
2 0.394375 0.4166666666666667 0.08375 0.14888888888888888
2 0.14625 0.24222222222222223 0.055 0.09777777777777778
3 0.224375 0.5577777777777778 0.13125 0.16
2 0.85 0.2544444444444444 0.065 0.13111111111111112
2 0.03125 0.40555555555555556 0.0625 0.15333333333333332
2 0.70875 0.5433333333333333 0.1 0.20222222222222222
1 0.5875 0.24222222222222223 0.065 0.1288888888888889
0 0.755625 0.8222222222222222 0.15875 0.2577777777777778
3 0.925625 0.7911111111111111 0.13875 0.32
2 0.406875 0.30666666666666664 0.07875 0.15555555555555556
3 0.276875 0.43444444444444447 0.12375 0.17555555555555555
2 0.37125 0.5588888888888889 0.1225 0.18888888888888888
5 0.635625 0.34555555555555556 0.10125 0.2644444444444444
2 0.92125 0.32 0.075 0.14666666666666667
2 0.32375 0.30666666666666664 0.0825 0.16444444444444445
2 0.44 0.23777777777777778 0.0625 0.1288888888888889
