1 0.208125 0.5555555555555556 0.12375 0.18666666666666668
0 0.361875 0.5944444444444444 0.13375 0.14
0 0.3125 0.33666666666666667 0.09 0.09555555555555556
1 0.93375 0.25222222222222224 0.075 0.10444444444444445
0 0.15375 0.8655555555555555 0.1825 0.22
0 0.389375 0.45444444444444443 0.11875 0.11333333333333333
0 0.028125 0.3433333333333333 0.05625 0.09111111111111111
0 0.11875 0.32555555555555554 0.085 0.11777777777777777
0 0.685625 0.25333333333333335 0.08125 0.08
0 0.041875 0.43222222222222223 0.08375 0.11333333333333333
0 0.265 0.4311111111111111 0.105 0.14222222222222222
1 0.433125 0.24555555555555555 0.07875 0.11333333333333333
0 0.140625 0.2611111111111111 0.06875 0.06888888888888889
0 0.935625 0.34555555555555556 0.11625 0.10888888888888888
0 0.62125 0.33111111111111113 0.095 0.10222222222222223
0 0.85 0.2722222222222222 0.075 0.09555555555555556
0 0.595625 0.2644444444444444 0.08375 0.10222222222222223
1 0.348125 0.24333333333333335 0.07125 0.11777777777777777
0 0.35 0.8366666666666667 0.2 0.20222222222222222
0 0.074375 0.2633333333333333 0.06875 0.08666666666666667
0 0.77125 0.43 0.115 0.12222222222222222
0 0.70375 0.59 0.13 0.15333333333333332
0 0.715625 0.33111111111111113 0.08875 0.09333333333333334
0 0.656875 0.4266666666666667 0.10875 0.12
0 0.413125 0.3244444444444444 0.10625 0.1111111111111111
0 0.751875 0.83 0.15875 0.1711111111111111
