1 0.84625 0.2544444444444444 0.07 0.12666666666666668
1 0.04125 0.4033333333333333 0.08 0.18
1 0.33625 0.7733333333333333 0.1675 0.31555555555555553
1 0.37125 0.5355555555555556 0.1175 0.2222222222222222
1 0.91375 0.7677777777777778 0.155 0.2911111111111111
1 0.17125 0.7633333333333333 0.17 0.33111111111111113
1 0.314375 0.3088888888888889 0.08375 0.15555555555555556
0 0.594375 0.25222222222222224 0.07125 0.10444444444444445
1 0.76 0.40555555555555556 0.1025 0.15777777777777777
1 0.6525 0.4033333333333333 0.1075 0.16666666666666666
0 0.919375 0.34444444444444444 0.09125 0.11555555555555555
1 0.93625 0.25 0.0725 0.10444444444444445
1 0.68875 0.5577777777777778 0.13 0.17777777777777778
1 0.76625 0.7811111111111111 0.16 0.24222222222222223
1 0.435625 0.24666666666666667 0.07875 0.11555555555555555
0 0.2775 0.43 0.095 0.14444444444444443
1 0.97 0.4111111111111111 0.0575 0.13777777777777778
1 0.07125 0.2544444444444444 0.065 0.10888888888888888
1 0.12625 0.3188888888888889 0.095 0.13111111111111112
1 0.41125 0.31555555555555553 0.09 0.13333333333333333
1 0.675 0.2388888888888889 0.0625 0.10444444444444445
1 0.145 0.24555555555555555 0.065 0.10888888888888888
0 0.22125 0.5566666666666666 0.1175 0.1622222222222222
1 0.71 0.31666666666666665 0.07 0.12222222222222222
1 0.82625 0.5555555555555556 0.1225 0.17777777777777778
1 0.355 0.24333333333333335 0.06 0.11777777777777777
1 0.62125 0.3188888888888889 0.08 0.14444444444444443
