0 0.595625 0.26222222222222225 0.08125 0.09777777777777778
0 0.07375 0.2733333333333333 0.0625 0.08
0 0.361875 0.5922222222222222 0.13125 0.14
0 0.1425 0.2611111111111111 0.0675 0.06888888888888889
0 0.34875 0.8377777777777777 0.2 0.20444444444444446
0 0.310625 0.34444444444444444 0.09125 0.10222222222222223
0 0.205625 0.5544444444444444 0.12875 0.20666666666666667
0 0.6575 0.4266666666666667 0.11 0.12
0 0.029375 0.3433333333333333 0.05875 0.08666666666666667
0 0.125 0.32222222222222224 0.1025 0.13777777777777778
0 0.855 0.2722222222222222 0.08 0.09555555555555556
0 0.751875 0.8244444444444444 0.15125 0.19111111111111112
0 0.619375 0.3277777777777778 0.09125 0.1
0 0.934375 0.34555555555555556 0.11375 0.10444444444444445
1 0.924375 0.23555555555555555 0.05875 0.1288888888888889
0 0.70375 0.5911111111111111 0.13 0.1511111111111111
0 0.041875 0.43222222222222223 0.08375 0.12222222222222222
1 0.345 0.24555555555555555 0.0725 0.10444444444444445
0 0.390625 0.45555555555555555 0.11625 0.1111111111111111
0 0.715 0.33111111111111113 0.09 0.09333333333333334
0 0.4125 0.32222222222222224 0.1025 0.12
0 0.26375 0.43444444444444447 0.11 0.13555555555555557
0 0.685 0.25222222222222224 0.0825 0.08222222222222222
1 0.433125 0.24555555555555555 0.08125 0.11333333333333333
0 0.15 0.8644444444444445 0.1825 0.23555555555555555
0 0.77375 0.42777777777777776 0.12 0.12222222222222222
