0 0.760625 0.7977777777777778 0.16875 0.2222222222222222
0 0.313125 0.3433333333333333 0.08875 0.09555555555555556
0 0.8325 0.5688888888888889 0.13 0.19555555555555557
0 0.34 0.26222222222222225 0.08 0.09333333333333334
0 0.85 0.2677777777777778 0.075 0.10444444444444445
0 0.4125 0.33555555555555555 0.1025 0.09333333333333334
0 0.92375 0.7977777777777778 0.1425 0.2577777777777778
0 0.335625 0.8166666666666667 0.18375 0.20222222222222222
1 0.141875 0.24444444444444444 0.06125 0.10666666666666667
0 0.626875 0.32555555555555554 0.08875 0.09555555555555556
0 0.43125 0.2588888888888889 0.08 0.08666666666666667
1 0.06625 0.24888888888888888 0.0725 0.1111111111111111
0 0.931875 0.2611111111111111 0.07125 0.08222222222222222
0 0.704375 0.5944444444444444 0.12625 0.13555555555555557
0 0.6875 0.25555555555555554 0.085 0.08
0 0.393125 0.45 0.12125 0.11333333333333333
0 0.269375 0.42444444444444446 0.11125 0.1511111111111111
0 0.66 0.42777777777777776 0.1075 0.12222222222222222
0 0.370625 0.5766666666666667 0.12125 0.1622222222222222
0 0.930625 0.34444444444444444 0.11375 0.09777777777777778
0 0.1525 0.8444444444444444 0.185 0.19555555555555557
0 0.2175 0.5755555555555556 0.12 0.14666666666666667
0 0.773125 0.4288888888888889 0.11375 0.12
0 0.71625 0.33444444444444443 0.0925 0.09111111111111111
0 0.03125 0.33444444444444443 0.0625 0.09111111111111111
0 0.12875 0.3277777777777778 0.0875 0.10444444444444445
0 0.04125 0.4311111111111111 0.0825 0.11555555555555555
0 0.59625 0.25555555555555554 0.08 0.09777777777777778
