0 0.595 0.24444444444444444 0.08 0.1111111111111111
0 0.685625 0.2511111111111111 0.08625 0.08444444444444445
0 0.1475 0.8711111111111111 0.1925 0.24444444444444444
0 0.334375 0.7966666666666666 0.19375 0.21555555555555556
0 0.66 0.4288888888888889 0.11 0.12444444444444444
0 0.43375 0.26222222222222225 0.0825 0.08444444444444445
0 0.769375 0.4255555555555556 0.09625 0.11333333333333333
0 0.214375 0.5733333333333334 0.12375 0.16444444444444445
0 0.133125 0.32666666666666666 0.08625 0.12
0 0.928125 0.3377777777777778 0.09375 0.1111111111111111
0 0.313125 0.3377777777777778 0.09375 0.10222222222222223
0 0.92625 0.7877777777777778 0.145 0.2866666666666667
0 0.270625 0.43444444444444447 0.11375 0.14
0 0.6225 0.3288888888888889 0.0975 0.10222222222222223
0 0.345625 0.2611111111111111 0.07875 0.09111111111111111
0 0.705 0.5944444444444444 0.135 0.14444444444444443
0 0.3975 0.43444444444444447 0.1225 0.12222222222222222
0 0.414375 0.32555555555555554 0.10625 0.10444444444444445
0 0.8375 0.5888888888888889 0.12 0.16
0 0.715625 0.32666666666666666 0.08875 0.09333333333333334
0 0.850625 0.27666666666666667 0.07375 0.08666666666666667
0 0.370625 0.5677777777777778 0.12375 0.17555555555555555
0 0.933125 0.27444444444444444 0.07375 0.06444444444444444
0 0.755625 0.8066666666666666 0.16625 0.2088888888888889
0 0.07125 0.2733333333333333 0.0725 0.08
0 0.139375 0.26 0.07125 0.07555555555555556
