2 0.670625 0.23333333333333334 0.05375 0.1111111111111111
2 0.2825 0.39555555555555555 0.1075 0.2
2 0.9325 0.24222222222222223 0.0575 0.11555555555555555
2 0.035625 0.4088888888888889 0.07125 0.17777777777777778
2 0.353125 0.2477777777777778 0.05875 0.12222222222222222
2 0.148125 0.24444444444444444 0.05125 0.10666666666666667
2 0.081875 0.24666666666666667 0.04625 0.10222222222222223
1 0.92625 0.7655555555555555 0.1375 0.26
2 0.39625 0.4177777777777778 0.09 0.15555555555555556
2 0.756875 0.39111111111111113 0.10125 0.17333333333333334
2 0.586875 0.2411111111111111 0.06875 0.13111111111111112
2 0.655625 0.39555555555555555 0.08875 0.16444444444444445
0 0.369375 0.5677777777777778 0.13625 0.17555555555555555
1 0.316875 0.30666666666666664 0.09625 0.16444444444444445
2 0.61875 0.3055555555555556 0.08 0.15333333333333332
2 0.695625 0.5522222222222222 0.12625 0.19777777777777777
2 0.0325 0.3111111111111111 0.065 0.12
2 0.849375 0.25666666666666665 0.07125 0.12222222222222222
2 0.91875 0.32555555555555554 0.075 0.14444444444444443
2 0.1825 0.7477777777777778 0.125 0.30444444444444446
3 0.81 0.5577777777777778 0.0925 0.18666666666666668
2 0.435 0.2388888888888889 0.0725 0.13555555555555557
2 0.23375 0.5511111111111111 0.1225 0.19111111111111112
2 0.406875 0.3188888888888889 0.07375 0.12666666666666668
2 0.705625 0.3111111111111111 0.06125 0.13333333333333333
