2 0.76375 0.39 0.0825 0.17555555555555555
2 0.031875 0.40555555555555556 0.06375 0.15333333333333332
2 0.16625 0.7744444444444445 0.155 0.33111111111111113
2 0.925 0.3211111111111111 0.075 0.14444444444444443
2 0.350625 0.24888888888888888 0.06875 0.1111111111111111
2 0.71 0.54 0.1025 0.2
2 0.031875 0.31 0.06375 0.11777777777777777
2 0.85 0.2544444444444444 0.065 0.13111111111111112
2 0.395 0.41888888888888887 0.085 0.14888888888888888
3 0.921875 0.7911111111111111 0.14375 0.32
3 0.824375 0.5577777777777778 0.11375 0.20444444444444446
2 0.32375 0.3055555555555556 0.085 0.1622222222222222
2 0.0775 0.25222222222222224 0.045 0.1
5 0.636875 0.3488888888888889 0.10875 0.24444444444444444
2 0.706875 0.30777777777777776 0.05875 0.12222222222222222
2 0.12125 0.31444444444444447 0.075 0.13111111111111112
1 0.35 0.2477777777777778 0.0675 0.11333333333333333
2 0.9325 0.24 0.0575 0.1111111111111111
2 0.373125 0.5555555555555556 0.11875 0.19111111111111112
1 0.145625 0.24222222222222223 0.05625 0.09777777777777778
3 0.228125 0.5544444444444444 0.12625 0.15777777777777777
2 0.406875 0.3055555555555556 0.07625 0.15333333333333332
2 0.33625 0.7744444444444445 0.1775 0.37555555555555553
3 0.275625 0.43666666666666665 0.12375 0.1711111111111111
0 0.588125 0.2577777777777778 0.07375 0.09777777777777778
2 0.44 0.23777777777777778 0.0625 0.1288888888888889
