0 0.595 0.2511111111111111 0.08 0.09333333333333334
0 0.268125 0.4255555555555556 0.11375 0.14444444444444443
0 0.6675 0.42777777777777776 0.095 0.12222222222222222
0 0.925 0.7966666666666666 0.145 0.2688888888888889
0 0.370625 0.5688888888888889 0.12125 0.17777777777777778
0 0.62875 0.3233333333333333 0.085 0.09555555555555556
0 0.688125 0.2544444444444444 0.08375 0.07333333333333333
0 0.714375 0.3244444444444444 0.08625 0.08888888888888889
0 0.431875 0.2577777777777778 0.07625 0.09777777777777778
0 0.935 0.26222222222222225 0.0725 0.08
0 0.749375 0.8211111111111111 0.17125 0.17555555555555555
0 0.040625 0.43222222222222223 0.08125 0.12666666666666668
0 0.7675 0.4111111111111111 0.1125 0.14222222222222222
0 0.411875 0.32555555555555554 0.10375 0.12222222222222222
0 0.339375 0.81 0.19125 0.2111111111111111
0 0.12875 0.33 0.09 0.11777777777777777
0 0.21625 0.5622222222222222 0.1275 0.19111111111111112
0 0.34 0.26222222222222225 0.0775 0.10222222222222223
0 0.831875 0.5666666666666667 0.12875 0.2
0 0.848125 0.2688888888888889 0.07125 0.10222222222222223
0 0.394375 0.45222222222222225 0.12375 0.11777777777777777
0 0.935625 0.3466666666666667 0.10375 0.10222222222222223
0 0.149375 0.8533333333333334 0.17625 0.20444444444444446
0 0.0325 0.33666666666666667 0.065 0.08666666666666667
0 0.055625 0.2777777777777778 0.07375 0.08888888888888889
0 0.70375 0.5922222222222222 0.13 0.14
0 0.1375 0.2511111111111111 0.065 0.10222222222222223
0 0.31375 0.34555555555555556 0.0925 0.1
