2 0.66875 0.23555555555555555 0.0525 0.12
2 0.279375 0.41333333333333333 0.09125 0.19111111111111112
3 0.914375 0.7611111111111111 0.15125 0.22444444444444445
3 0.760625 0.7655555555555555 0.13875 0.26
2 0.15 0.2411111111111111 0.0475 0.1
2 0.084375 0.25 0.04625 0.11333333333333333
2 0.933125 0.2388888888888889 0.05625 0.11777777777777777
2 0.695 0.5488888888888889 0.13 0.2
3 0.37375 0.56 0.12 0.19111111111111112
3 0.809375 0.5733333333333334 0.08875 0.16
2 0.4375 0.23777777777777778 0.0675 0.13777777777777778
2 0.7575 0.3933333333333333 0.0975 0.17333333333333334
2 0.619375 0.3055555555555556 0.07625 0.15333333333333332
5 0.1975 0.4855555555555556 0.115 0.2733333333333333
2 0.038125 0.4 0.07375 0.1688888888888889
2 0.91875 0.3233333333333333 0.075 0.14888888888888888
2 0.32 0.30333333333333334 0.0725 0.14444444444444443
2 0.035625 0.30777777777777776 0.07125 0.12222222222222222
2 0.58625 0.23666666666666666 0.065 0.13111111111111112
2 0.705 0.31222222222222223 0.065 0.13555555555555557
2 0.12375 0.31333333333333335 0.0675 0.14666666666666667
2 0.350625 0.24333333333333335 0.06125 0.10444444444444445
2 0.18 0.7555555555555555 0.1375 0.27555555555555555
2 0.393125 0.41333333333333333 0.08125 0.16
2 0.404375 0.31777777777777777 0.07125 0.12444444444444444
2 0.850625 0.25666666666666665 0.07375 0.12222222222222222
2 0.65625 0.39555555555555555 0.0875 0.16444444444444445
