0 0.705 0.5955555555555555 0.13 0.14222222222222222
0 0.4125 0.3333333333333333 0.1125 0.09333333333333334
0 0.04125 0.43333333333333335 0.0825 0.1111111111111111
0 0.431875 0.2611111111111111 0.08625 0.08222222222222222
0 0.150625 0.8622222222222222 0.18375 0.24444444444444444
0 0.031875 0.33444444444444443 0.06375 0.09555555555555556
0 0.9325 0.2722222222222222 0.0725 0.06444444444444444
0 0.0725 0.27 0.0625 0.08222222222222222
0 0.360625 0.5722222222222222 0.13875 0.1711111111111111
0 0.855 0.27555555555555555 0.0775 0.08888888888888889
0 0.928125 0.3433333333333333 0.10375 0.10444444444444445
0 0.138125 0.2511111111111111 0.06875 0.09333333333333334
0 0.13 0.33111111111111113 0.09 0.11555555555555555
0 0.715 0.33111111111111113 0.0875 0.08888888888888889
0 0.7725 0.42333333333333334 0.12 0.12666666666666668
0 0.919375 0.7977777777777778 0.12875 0.29333333333333333
0 0.750625 0.8111111111111111 0.16125 0.21777777777777776
0 0.31375 0.3422222222222222 0.09 0.09777777777777778
0 0.399375 0.4411111111111111 0.12125 0.11777777777777777
0 0.69125 0.25555555555555554 0.08 0.08
0 0.338125 0.2644444444444444 0.07625 0.09333333333333334
0 0.62 0.32666666666666666 0.0975 0.10666666666666667
0 0.27 0.43333333333333335 0.11 0.14222222222222222
0 0.351875 0.8388888888888889 0.21125 0.21555555555555556
0 0.659375 0.4266666666666667 0.10875 0.12
0 0.600625 0.23555555555555555 0.07625 0.11555555555555555
0 0.215 0.5722222222222222 0.12 0.15777777777777777
