2 0.405 0.31333333333333335 0.0725 0.13333333333333333
2 0.746875 0.7744444444444445 0.12125 0.25555555555555554
2 0.144375 0.23555555555555555 0.05625 0.10666666666666667
2 0.37625 0.5688888888888889 0.1175 0.18666666666666668
2 0.6675 0.23666666666666666 0.05 0.10888888888888888
2 0.705 0.30444444444444446 0.065 0.11555555555555555
2 0.345 0.77 0.1825 0.3622222222222222
2 0.758125 0.39222222222222225 0.08125 0.1711111111111111
2 0.43625 0.2411111111111111 0.0675 0.12666666666666668
2 0.58375 0.23444444444444446 0.0525 0.13111111111111112
2 0.921875 0.32 0.07125 0.15555555555555556
2 0.850625 0.25222222222222224 0.06875 0.12666666666666668
2 0.07125 0.25555555555555554 0.05 0.10222222222222223
2 0.125 0.31444444444444447 0.0675 0.14444444444444443
2 0.665 0.39444444444444443 0.09 0.1711111111111111
2 0.285625 0.4166666666666667 0.09875 0.1711111111111111
2 0.045 0.31 0.0725 0.12222222222222222
2 0.395625 0.41 0.08875 0.16666666666666666
2 0.354375 0.24888888888888888 0.05875 0.12
2 0.175 0.7433333333333333 0.1525 0.29555555555555557
2 0.695625 0.5455555555555556 0.12125 0.2111111111111111
2 0.220625 0.5511111111111111 0.12125 0.17777777777777778
2 0.621875 0.29555555555555557 0.08625 0.16444444444444445
2 0.9225 0.7544444444444445 0.1225 0.23333333333333334
2 0.329375 0.30333333333333334 0.06875 0.14888888888888888
2 0.806875 0.5611111111111111 0.09125 0.21555555555555556
2 0.933125 0.23666666666666666 0.05625 0.12222222222222222
2 0.04375 0.4077777777777778 0.0825 0.18444444444444444
