0 0.929375 0.3422222222222222 0.10875 0.10666666666666667
0 0.9325 0.26555555555555554 0.07 0.07777777777777778
0 0.13875 0.26222222222222225 0.075 0.07111111111111111
0 0.13 0.33111111111111113 0.09 0.10666666666666667
0 0.271875 0.43333333333333335 0.11125 0.13777777777777778
0 0.65875 0.43 0.1075 0.12222222222222222
0 0.03125 0.3377777777777778 0.0625 0.08888888888888889
0 0.925625 0.7822222222222223 0.13625 0.27555555555555555
0 0.365625 0.5688888888888889 0.14375 0.18666666666666668
0 0.38875 0.4444444444444444 0.105 0.11555555555555555
0 0.725 0.59 0.0725 0.11777777777777777
0 0.753125 0.8155555555555556 0.18875 0.18666666666666668
0 0.345 0.2588888888888889 0.0725 0.08666666666666667
0 0.15125 0.8655555555555555 0.185 0.23333333333333334
0 0.851875 0.2677777777777778 0.07625 0.10888888888888888
0 0.34625 0.8222222222222222 0.2175 0.19111111111111112
0 0.410625 0.3377777777777778 0.11375 0.08888888888888889
0 0.7675 0.4311111111111111 0.0925 0.10666666666666667
0 0.68 0.2577777777777778 0.0725 0.07111111111111111
0 0.431875 0.26222222222222225 0.08125 0.08444444444444445
0 0.21 0.5777777777777777 0.1175 0.1511111111111111
0 0.7175 0.3288888888888889 0.0975 0.09777777777777778
0 0.069375 0.26666666666666666 0.06875 0.08444444444444445
0 0.04125 0.4255555555555556 0.0825 0.12222222222222222
0 0.59625 0.25555555555555554 0.08 0.10222222222222223
2 0.30875 0.31333333333333335 0.09 0.16
0 0.6225 0.3277777777777778 0.0925 0.09555555555555556
