2 0.925625 0.23666666666666666 0.05625 0.12222222222222222
2 0.275625 0.4166666666666667 0.10875 0.18
2 0.324375 0.3088888888888889 0.07125 0.14222222222222222
2 0.618125 0.28888888888888886 0.07375 0.16
2 0.169375 0.7755555555555556 0.15875 0.35555555555555557
2 0.39375 0.4166666666666667 0.085 0.15777777777777777
2 0.40875 0.31555555555555553 0.0875 0.13777777777777778
2 0.37875 0.5633333333333334 0.11 0.19333333333333333
2 0.66875 0.2388888888888889 0.0525 0.11777777777777777
2 0.030625 0.30777777777777776 0.06125 0.12666666666666668
2 0.6575 0.3933333333333333 0.0825 0.16444444444444445
2 0.440625 0.2388888888888889 0.06375 0.14
2 0.753125 0.39666666666666667 0.08625 0.1711111111111111
2 0.595 0.23444444444444446 0.0625 0.13555555555555557
2 0.825 0.5611111111111111 0.1075 0.19333333333333333
2 0.70625 0.3088888888888889 0.065 0.13333333333333333
2 0.1225 0.3111111111111111 0.075 0.14222222222222222
2 0.224375 0.5511111111111111 0.11625 0.17333333333333334
2 0.144375 0.2411111111111111 0.05625 0.1
2 0.07625 0.2588888888888889 0.05 0.10444444444444445
2 0.849375 0.25666666666666665 0.06625 0.12666666666666668
2 0.35 0.24888888888888888 0.0625 0.1111111111111111
2 0.330625 0.7366666666666667 0.12625 0.31777777777777777
1 0.04 0.39444444444444443 0.0775 0.16666666666666666
2 0.7425 0.7522222222222222 0.115 0.26
2 0.71125 0.5444444444444444 0.1 0.19111111111111112
2 0.92125 0.7755555555555556 0.1275 0.26222222222222225
2 0.923125 0.32 0.07625 0.14222222222222222
