1 0.680625 0.2288888888888889 0.06875 0.12444444444444444
2 0.04125 0.3988888888888889 0.0825 0.1711111111111111
1 0.650625 0.4033333333333333 0.09875 0.17555555555555555
2 0.9275 0.23777777777777778 0.065 0.1288888888888889
1 0.161875 0.76 0.19375 0.4177777777777778
1 0.805625 0.5255555555555556 0.11125 0.19333333333333333
0 0.7125 0.3233333333333333 0.0825 0.10444444444444445
1 0.125 0.31222222222222223 0.0825 0.13111111111111112
1 0.436875 0.24 0.07875 0.1288888888888889
0 0.31625 0.3377777777777778 0.0875 0.09777777777777778
1 0.61875 0.3011111111111111 0.0875 0.16666666666666666
1 0.409375 0.3111111111111111 0.09375 0.12444444444444444
1 0.074375 0.2477777777777778 0.06625 0.12666666666666668
1 0.59125 0.23777777777777778 0.07 0.13333333333333333
1 0.391875 0.41333333333333333 0.09875 0.19111111111111112
2 0.0325 0.3111111111111111 0.065 0.12
3 0.776875 0.3888888888888889 0.09125 0.17333333333333334
1 0.754375 0.8 0.16125 0.29777777777777775
1 0.358125 0.5466666666666666 0.12625 0.21777777777777776
0 0.34625 0.8311111111111111 0.1925 0.20444444444444446
1 0.270625 0.41555555555555557 0.09625 0.1511111111111111
1 0.923125 0.3111111111111111 0.08625 0.16
1 0.150625 0.23666666666666666 0.05625 0.10888888888888888
1 0.34375 0.24555555555555555 0.0725 0.10444444444444445
