2 0.756875 0.39 0.09375 0.1711111111111111
2 0.919375 0.32222222222222224 0.07625 0.1511111111111111
2 0.32875 0.2966666666666667 0.07 0.15777777777777777
2 0.395625 0.41888888888888887 0.09375 0.15777777777777777
2 0.28 0.4122222222222222 0.09 0.18444444444444444
2 0.810625 0.5611111111111111 0.09375 0.2111111111111111
2 0.58625 0.23333333333333334 0.0625 0.13777777777777778
2 0.035625 0.31333333333333335 0.07125 0.11555555555555555
2 0.08625 0.24444444444444444 0.0475 0.12444444444444444
2 0.695 0.5455555555555556 0.125 0.20666666666666667
2 0.750625 0.76 0.12375 0.3022222222222222
2 0.4075 0.31666666666666665 0.0775 0.13555555555555557
2 0.70625 0.31333333333333335 0.065 0.13777777777777778
2 0.3575 0.2477777777777778 0.0525 0.12666666666666668
2 0.93375 0.23777777777777778 0.055 0.12
2 0.229375 0.5522222222222222 0.11875 0.19333333333333333
2 0.179375 0.7422222222222222 0.12625 0.29333333333333333
2 0.67125 0.23222222222222222 0.055 0.11333333333333333
2 0.620625 0.2966666666666667 0.07875 0.16666666666666666
2 0.34 0.7544444444444445 0.15 0.35777777777777775
2 0.655625 0.39444444444444443 0.08875 0.1622222222222222
2 0.9125 0.7555555555555555 0.1475 0.24888888888888888
2 0.124375 0.31444444444444447 0.06625 0.14888888888888888
2 0.438125 0.23777777777777778 0.06625 0.14222222222222222
2 0.978125 0.3188888888888889 0.03625 0.12666666666666668
2 0.149375 0.2411111111111111 0.04625 0.09555555555555556
2 0.039375 0.4022222222222222 0.07875 0.17777777777777778
2 0.85 0.25333333333333335 0.07 0.12444444444444444
