2 0.698125 0.5388888888888889 0.11625 0.20222222222222222
2 0.76 0.39666666666666667 0.1025 0.16666666666666666
2 0.65375 0.40555555555555556 0.0875 0.17555555555555555
1 0.045625 0.4066666666666667 0.08125 0.17333333333333334
2 0.074375 0.24888888888888888 0.04875 0.11555555555555555
2 0.278125 0.41333333333333333 0.10125 0.17777777777777778
2 0.359375 0.5488888888888889 0.12875 0.2
2 0.916875 0.32555555555555554 0.08875 0.14444444444444443
5 0.30875 0.24888888888888888 0.0675 0.24888888888888888
2 0.621875 0.3088888888888889 0.07625 0.16444444444444445
1 0.12625 0.31444444444444447 0.085 0.14444444444444443
1 0.849375 0.25333333333333335 0.07375 0.13333333333333333
2 0.924375 0.7888888888888889 0.14125 0.28888888888888886
2 0.9375 0.24333333333333335 0.0575 0.10888888888888888
2 0.039375 0.3055555555555556 0.06875 0.13111111111111112
2 0.23125 0.5522222222222222 0.13 0.19777777777777777
2 0.39125 0.41555555555555557 0.1075 0.1511111111111111
1 0.77375 0.8066666666666666 0.1775 0.32
2 0.40875 0.3211111111111111 0.1 0.13111111111111112
1 0.336875 0.7577777777777778 0.17125 0.3422222222222222
2 0.436875 0.24222222222222223 0.06625 0.1288888888888889
2 0.14625 0.24 0.0625 0.10666666666666667
2 0.361875 0.2411111111111111 0.04375 0.11333333333333333
2 0.591875 0.23666666666666666 0.06375 0.13555555555555557
2 0.705625 0.31 0.06875 0.14
2 0.9725 0.4077777777777778 0.05 0.14444444444444443
2 0.82 0.5622222222222222 0.115 0.2
2 0.17125 0.7722222222222223 0.17 0.34444444444444444
2 0.6725 0.2311111111111111 0.0525 0.1111111111111111
