2 0.22125 0.5466666666666666 0.125 0.17777777777777778
2 0.43875 0.24 0.0675 0.13333333333333333
2 0.62875 0.3055555555555556 0.0925 0.14444444444444443
2 0.198125 0.7844444444444445 0.16375 0.3377777777777778
2 0.321875 0.31 0.08125 0.14444444444444443
2 0.390625 0.41444444444444445 0.07375 0.14444444444444443
2 0.711875 0.5433333333333333 0.10375 0.20666666666666667
2 0.353125 0.7566666666666667 0.12125 0.31333333333333335
2 0.15375 0.24444444444444444 0.05 0.09333333333333334
2 0.9175 0.7744444444444445 0.15 0.26
2 0.121875 0.3088888888888889 0.07125 0.14666666666666667
2 0.76 0.75 0.12 0.2688888888888889
2 0.660625 0.38666666666666666 0.08875 0.18222222222222223
2 0.701875 0.30777777777777776 0.06375 0.13111111111111112
2 0.76375 0.3888888888888889 0.09 0.16444444444444445
2 0.0425 0.40444444444444444 0.085 0.17333333333333334
2 0.356875 0.2477777777777778 0.05375 0.12666666666666668
2 0.08375 0.2477777777777778 0.045 0.11777777777777777
2 0.849375 0.25555555555555554 0.06875 0.12444444444444444
2 0.3725 0.5666666666666667 0.125 0.18222222222222223
2 0.039375 0.3111111111111111 0.06625 0.12
2 0.2775 0.41444444444444445 0.1025 0.17555555555555555
2 0.9275 0.3244444444444444 0.08 0.13333333333333333
2 0.9325 0.2388888888888889 0.0575 0.11777777777777777
2 0.82875 0.5622222222222222 0.1125 0.19555555555555557
2 0.59 0.23555555555555555 0.075 0.13777777777777778
2 0.409375 0.31444444444444447 0.07625 0.13111111111111112
2 0.66125 0.22777777777777777 0.055 0.10888888888888888
