2 0.62625 0.3055555555555556 0.0825 0.15333333333333332
2 0.394375 0.4166666666666667 0.07875 0.1622222222222222
2 0.655 0.39444444444444443 0.085 0.16666666666666666
2 0.189375 0.7488888888888889 0.12125 0.28444444444444444
2 0.813125 0.56 0.09875 0.2088888888888889
2 0.3275 0.3055555555555556 0.0725 0.14444444444444443
2 0.123125 0.31333333333333335 0.07375 0.14222222222222222
2 0.416875 0.3188888888888889 0.09375 0.13111111111111112
2 0.931875 0.23777777777777778 0.05875 0.1111111111111111
2 0.43625 0.2411111111111111 0.0675 0.13555555555555557
2 0.32875 0.7411111111111112 0.13 0.2911111111111111
2 0.669375 0.2311111111111111 0.04875 0.10666666666666667
2 0.22 0.5511111111111111 0.1175 0.17777777777777778
2 0.765 0.7788888888888889 0.165 0.2777777777777778
2 0.279375 0.4077777777777778 0.10875 0.18
2 0.146875 0.24222222222222223 0.05375 0.09777777777777778
2 0.040625 0.40444444444444444 0.07875 0.18222222222222223
2 0.035 0.3088888888888889 0.07 0.12444444444444444
2 0.919375 0.3233333333333333 0.07625 0.14
2 0.376875 0.5644444444444444 0.11375 0.17777777777777778
2 0.84875 0.25666666666666665 0.0725 0.12666666666666668
2 0.354375 0.2477777777777778 0.05625 0.13111111111111112
2 0.76125 0.3988888888888889 0.0925 0.1622222222222222
2 0.59 0.23666666666666666 0.0625 0.12666666666666668
2 0.924375 0.7555555555555555 0.13375 0.24
2 0.705 0.30777777777777776 0.0675 0.13111111111111112
2 0.076875 0.2511111111111111 0.05625 0.12
2 0.695 0.5477777777777778 0.13 0.19777777777777777
