0 0.151875 0.8555555555555555 0.18375 0.2577777777777778
0 0.20625 0.5822222222222222 0.1275 0.1511111111111111
0 0.595625 0.24888888888888888 0.08125 0.10666666666666667
0 0.658125 0.4266666666666667 0.10875 0.12444444444444444
0 0.928125 0.3388888888888889 0.10375 0.11333333333333333
0 0.434375 0.2611111111111111 0.08375 0.08222222222222222
0 0.391875 0.44555555555555554 0.10625 0.12222222222222222
1 0.0775 0.24666666666666667 0.0675 0.12
0 0.765625 0.4166666666666667 0.09875 0.11777777777777777
2 0.3075 0.31222222222222223 0.0875 0.1622222222222222
0 0.82875 0.5688888888888889 0.1325 0.18666666666666668
1 0.129375 0.3211111111111111 0.09625 0.13111111111111112
0 0.03125 0.33666666666666667 0.0625 0.08666666666666667
0 0.92375 0.7855555555555556 0.1275 0.2688888888888889
0 0.369375 0.5622222222222222 0.13375 0.18666666666666668
0 0.62625 0.33 0.0975 0.09555555555555556
0 0.2725 0.43222222222222223 0.11 0.14
0 0.854375 0.2644444444444444 0.07625 0.10666666666666667
0 0.696875 0.5922222222222222 0.12375 0.13111111111111112
0 0.764375 0.7822222222222223 0.18375 0.27555555555555555
0 0.34375 0.8088888888888889 0.2175 0.24444444444444444
0 0.410625 0.34 0.10875 0.08888888888888889
2 0.35375 0.2477777777777778 0.0575 0.11333333333333333
1 0.685625 0.23555555555555555 0.07375 0.11555555555555555
0 0.933125 0.2644444444444444 0.07375 0.07555555555555556
0 0.721875 0.33111111111111113 0.08625 0.08888888888888889
0 0.14125 0.2633333333333333 0.0675 0.06888888888888889
1 0.034375 0.42444444444444446 0.06875 0.12444444444444444
