2 0.038125 0.41 0.07625 0.18888888888888888
2 0.1175 0.31555555555555553 0.075 0.13777777777777778
2 0.808125 0.5644444444444444 0.09125 0.21777777777777776
2 0.435625 0.24 0.06875 0.13333333333333333
2 0.70375 0.30333333333333334 0.065 0.11777777777777777
2 0.9325 0.23666666666666666 0.0575 0.11333333333333333
2 0.1625 0.2411111111111111 0.05 0.10444444444444445
2 0.6975 0.5477777777777778 0.12 0.20666666666666667
2 0.390625 0.41333333333333333 0.07875 0.1688888888888889
2 0.278125 0.41444444444444445 0.09625 0.16666666666666666
2 0.576875 0.23666666666666666 0.05625 0.12222222222222222
2 0.844375 0.2544444444444444 0.05375 0.13555555555555557
2 0.924375 0.3233333333333333 0.07875 0.14888888888888888
1 0.221875 0.5544444444444444 0.12625 0.1711111111111111
2 0.315625 0.3022222222222222 0.08125 0.15555555555555556
2 0.1 0.23777777777777778 0.05 0.12
2 0.35125 0.7455555555555555 0.1875 0.36666666666666664
2 0.621875 0.29 0.08625 0.16666666666666666
1 0.76875 0.7744444444444445 0.16 0.3
2 0.9225 0.75 0.1275 0.24222222222222223
2 0.770625 0.7766666666666666 0.16375 0.29555555555555557
2 0.03375 0.30777777777777776 0.065 0.11777777777777777
2 0.354375 0.24555555555555555 0.05625 0.10888888888888888
2 0.16625 0.7722222222222223 0.165 0.2866666666666667
2 0.4075 0.31666666666666665 0.0725 0.13111111111111112
2 0.666875 0.23555555555555555 0.05125 0.11555555555555555
2 0.663125 0.4 0.09375 0.16
2 0.755 0.39444444444444443 0.09 0.16666666666666666
