2 0.325 0.31444444444444447 0.08 0.1622222222222222
2 0.8475 0.25333333333333335 0.07 0.13333333333333333
2 0.74125 0.78 0.1375 0.28444444444444444
2 0.04375 0.4077777777777778 0.085 0.17555555555555555
2 0.623125 0.3022222222222222 0.07875 0.14222222222222222
2 0.760625 0.3988888888888889 0.10375 0.16666666666666666
1 0.434375 0.24555555555555555 0.07625 0.11777777777777777
2 0.35125 0.2388888888888889 0.06 0.12666666666666668
2 0.395 0.4077777777777778 0.1025 0.15333333333333332
2 0.38875 0.5533333333333333 0.08 0.2
2 0.171875 0.7666666666666667 0.17125 0.3422222222222222
2 0.705 0.30666666666666664 0.0675 0.1288888888888889
2 0.70125 0.5477777777777778 0.105 0.20666666666666667
2 0.933125 0.23555555555555555 0.05625 0.12
2 0.076875 0.25 0.05875 0.11777777777777777
2 0.978125 0.31777777777777777 0.03625 0.12444444444444444
2 0.149375 0.24444444444444444 0.04875 0.09777777777777778
2 0.591875 0.23777777777777778 0.05875 0.1288888888888889
1 0.41375 0.31777777777777777 0.0875 0.12
2 0.819375 0.5711111111111111 0.10875 0.21777777777777776
1 0.96875 0.41444444444444445 0.0625 0.14444444444444443
2 0.67 0.23555555555555555 0.055 0.1111111111111111
2 0.660625 0.39666666666666667 0.08375 0.1622222222222222
5 0.318125 0.6444444444444445 0.15625 0.49777777777777776
2 0.92125 0.7655555555555555 0.155 0.2733333333333333
2 0.033125 0.31444444444444447 0.06125 0.10888888888888888
2 0.123125 0.3088888888888889 0.07375 0.15555555555555556
2 0.215625 0.5433333333333333 0.09625 0.1711111111111111
2 0.918125 0.32222222222222224 0.06875 0.1511111111111111
