1 0.6525 0.3977777777777778 0.1075 0.16
2 0.045625 0.3111111111111111 0.06125 0.1111111111111111
1 0.93875 0.25 0.0725 0.10444444444444445
1 0.5925 0.25222222222222224 0.07 0.12222222222222222
2 0.125625 0.31222222222222223 0.08875 0.14888888888888888
0 0.34 0.25555555555555554 0.075 0.09333333333333334
1 0.9675 0.41333333333333333 0.06 0.13777777777777778
1 0.91625 0.75 0.155 0.24222222222222223
1 0.0425 0.4077777777777778 0.0825 0.16666666666666666
1 0.673125 0.23 0.05625 0.1
1 0.41125 0.32222222222222224 0.0925 0.12
1 0.62625 0.29777777777777775 0.08 0.14222222222222222
1 0.125625 0.3111111111111111 0.08875 0.1511111111111111
1 0.31625 0.3055555555555556 0.0925 0.16666666666666666
1 0.365 0.5333333333333333 0.1175 0.2088888888888889
1 0.43 0.25222222222222224 0.0825 0.10888888888888888
1 0.915 0.3277777777777778 0.085 0.14
1 0.148125 0.24666666666666667 0.06375 0.09333333333333334
2 0.075625 0.25222222222222224 0.05375 0.10888888888888888
1 0.825625 0.56 0.12375 0.16444444444444445
1 0.401875 0.42333333333333334 0.11375 0.13555555555555557
1 0.075 0.2511111111111111 0.0525 0.1111111111111111
1 0.758125 0.3977777777777778 0.09625 0.1688888888888889
1 0.338125 0.7622222222222222 0.16625 0.3244444444444444
1 0.171875 0.7755555555555556 0.16875 0.3422222222222222
1 0.706875 0.31666666666666665 0.06875 0.13111111111111112
1 0.845 0.25333333333333335 0.07 0.1288888888888889
1 0.339375 0.26 0.07875 0.09777777777777778
1 0.7475 0.8055555555555556 0.14 0.19777777777777777
1 0.223125 0.5477777777777778 0.11625 0.1711111111111111
