2 0.71 0.5422222222222223 0.1025 0.2
2 0.708125 0.30666666666666664 0.06375 0.1288888888888889
2 0.084375 0.24555555555555555 0.04625 0.11777777777777777
2 0.66 0.39444444444444443 0.09 0.16666666666666666
2 0.031875 0.40444444444444444 0.06375 0.15555555555555556
2 0.16625 0.77 0.155 0.33555555555555555
2 0.9775 0.31555555555555553 0.035 0.12444444444444444
2 0.923125 0.3188888888888889 0.07625 0.14444444444444443
2 0.373125 0.5566666666666666 0.12125 0.19333333333333333
2 0.340625 0.7555555555555555 0.17375 0.32
2 0.32375 0.3022222222222222 0.0725 0.15555555555555556
2 0.76375 0.39222222222222225 0.0825 0.17555555555555555
2 0.759375 0.7855555555555556 0.13125 0.23333333333333334
1 0.3425 0.24555555555555555 0.0775 0.09111111111111111
2 0.03125 0.31222222222222223 0.0625 0.12222222222222222
2 0.403125 0.30666666666666664 0.08375 0.14666666666666667
2 0.121875 0.31333333333333335 0.07375 0.14222222222222222
2 0.393125 0.42 0.08625 0.14222222222222222
1 0.275625 0.4177777777777778 0.11625 0.19555555555555557
2 0.6675 0.23777777777777778 0.055 0.12
2 0.85125 0.2577777777777778 0.0675 0.1288888888888889
2 0.9325 0.24 0.0575 0.1111111111111111
2 0.43875 0.23666666666666666 0.065 0.13555555555555557
1 0.590625 0.24444444444444444 0.07875 0.12444444444444444
2 0.14875 0.24333333333333335 0.05 0.1
1 0.6175 0.3111111111111111 0.08 0.1511111111111111
1 0.224375 0.5588888888888889 0.12625 0.1711111111111111
