2 0.351875 0.2411111111111111 0.06625 0.12222222222222222
2 0.04 0.4088888888888889 0.0775 0.16444444444444445
2 0.705625 0.3111111111111111 0.06875 0.14666666666666667
2 0.360625 0.5333333333333333 0.11875 0.22666666666666666
2 0.22625 0.5477777777777778 0.1125 0.19333333333333333
2 0.396875 0.41444444444444445 0.08625 0.14888888888888888
2 0.76 0.39444444444444443 0.095 0.1711111111111111
2 0.923125 0.7844444444444445 0.14125 0.32
2 0.034375 0.30666666666666664 0.06875 0.12444444444444444
1 0.276875 0.41333333333333333 0.09375 0.17333333333333334
2 0.1575 0.24444444444444444 0.05 0.10666666666666667
2 0.65625 0.39222222222222225 0.085 0.1711111111111111
1 0.180625 0.7555555555555555 0.16625 0.3511111111111111
1 0.97 0.4088888888888889 0.0575 0.15555555555555556
2 0.61875 0.30444444444444446 0.0775 0.1688888888888889
2 0.436875 0.2411111111111111 0.06875 0.14
2 0.340625 0.7533333333333333 0.16125 0.3466666666666667
1 0.594375 0.24 0.07125 0.13333333333333333
2 0.931875 0.23555555555555555 0.05875 0.12
2 0.125 0.30777777777777776 0.08 0.1622222222222222
2 0.3175 0.3088888888888889 0.085 0.17777777777777778
2 0.84875 0.25666666666666665 0.065 0.14
2 0.816875 0.5511111111111111 0.10625 0.18666666666666668
2 0.410625 0.31555555555555553 0.09125 0.12444444444444444
2 0.921875 0.31777777777777777 0.08625 0.1511111111111111
2 0.78 0.7722222222222223 0.17 0.33555555555555555
2 0.674375 0.2288888888888889 0.05625 0.12444444444444444
1 0.040625 0.4088888888888889 0.08125 0.16444444444444445
2 0.699375 0.5377777777777778 0.11125 0.21333333333333335
5 0.075 0.20333333333333334 0.0575 0.19333333333333333
