2 0.91625 0.7911111111111111 0.1375 0.28444444444444444
2 0.714375 0.5477777777777778 0.09625 0.18444444444444444
2 0.120625 0.3088888888888889 0.06875 0.13777777777777778
2 0.655 0.3977777777777778 0.0875 0.17333333333333334
2 0.37625 0.5711111111111111 0.12 0.18222222222222223
2 0.275625 0.41333333333333333 0.10625 0.17777777777777778
2 0.35625 0.24888888888888888 0.06 0.1111111111111111
2 0.39125 0.42 0.0725 0.14666666666666667
2 0.849375 0.26 0.06875 0.12444444444444444
2 0.074375 0.25666666666666665 0.05125 0.10444444444444445
2 0.21875 0.5566666666666666 0.125 0.17555555555555555
2 0.329375 0.30666666666666664 0.06625 0.14666666666666667
2 0.04625 0.4033333333333333 0.0825 0.16666666666666666
2 0.666875 0.23444444444444446 0.05625 0.10888888888888888
2 0.18375 0.8011111111111111 0.1475 0.3622222222222222
2 0.141875 0.24333333333333335 0.05375 0.09555555555555556
2 0.75875 0.3933333333333333 0.09 0.1688888888888889
2 0.440625 0.24222222222222223 0.06375 0.13333333333333333
2 0.924375 0.32 0.07625 0.13777777777777778
2 0.9325 0.24222222222222223 0.06 0.11555555555555555
2 0.33875 0.75 0.1325 0.30444444444444446
2 0.7525 0.7377777777777778 0.12 0.28888888888888886
2 0.821875 0.5577777777777778 0.11125 0.19111111111111112
2 0.703125 0.30777777777777776 0.06375 0.12666666666666668
2 0.6175 0.2922222222222222 0.075 0.1622222222222222
2 0.0375 0.31444444444444447 0.0725 0.12222222222222222
2 0.41125 0.3055555555555556 0.0825 0.14444444444444443
