0 0.336875 0.8111111111111111 0.19375 0.20444444444444446
0 0.656875 0.4288888888888889 0.11125 0.12
1 0.9225 0.7622222222222222 0.145 0.24888888888888888
0 0.38625 0.44333333333333336 0.1 0.10888888888888888
0 0.411875 0.33555555555555555 0.10875 0.08888888888888889
0 0.270625 0.4288888888888889 0.11125 0.14222222222222222
0 0.9325 0.26555555555555554 0.07 0.07777777777777778
0 0.371875 0.5666666666666667 0.11875 0.17777777777777778
0 0.148125 0.8666666666666667 0.19125 0.2222222222222222
0 0.3425 0.2644444444444444 0.08 0.08444444444444445
1 0.038125 0.41 0.07625 0.14888888888888888
0 0.138125 0.26 0.06375 0.06222222222222222
0 0.83 0.5722222222222222 0.11 0.13111111111111112
0 0.77375 0.43333333333333335 0.12 0.1111111111111111
0 0.595625 0.25333333333333335 0.07875 0.09777777777777778
0 0.850625 0.2688888888888889 0.07875 0.10666666666666667
0 0.13 0.3277777777777778 0.0825 0.13555555555555557
0 0.71625 0.3322222222222222 0.0925 0.09111111111111111
0 0.430625 0.2633333333333333 0.08125 0.08666666666666667
0 0.620625 0.3277777777777778 0.08875 0.1
0 0.685 0.26 0.085 0.08
0 0.069375 0.2733333333333333 0.07375 0.08444444444444445
0 0.31125 0.33555555555555555 0.0925 0.12444444444444444
0 0.695625 0.5911111111111111 0.12375 0.13333333333333333
0 0.210625 0.5644444444444444 0.11125 0.17333333333333334
0 0.93375 0.34 0.11 0.10666666666666667
