0 0.413125 0.3377777777777778 0.10375 0.08444444444444445
0 0.14625 0.8755555555555555 0.1975 0.2222222222222222
0 0.27125 0.4311111111111111 0.1075 0.13333333333333333
0 0.921875 0.8077777777777778 0.13875 0.2733333333333333
0 0.714375 0.3277777777777778 0.08625 0.09111111111111111
0 0.83875 0.58 0.1175 0.13333333333333333
0 0.3675 0.5722222222222222 0.1325 0.1711111111111111
0 0.311875 0.34444444444444444 0.09375 0.09333333333333334
0 0.399375 0.44222222222222224 0.11875 0.12
0 0.433125 0.2577777777777778 0.08125 0.08888888888888889
0 0.6575 0.42777777777777776 0.105 0.12666666666666668
0 0.70125 0.5944444444444444 0.135 0.14
0 0.208125 0.5711111111111111 0.11375 0.16444444444444445
0 0.765 0.43222222222222223 0.0925 0.10888888888888888
0 0.59875 0.24888888888888888 0.0825 0.10666666666666667
0 0.03125 0.3388888888888889 0.0625 0.09555555555555556
0 0.85125 0.2777777777777778 0.08 0.08444444444444445
0 0.039375 0.43555555555555553 0.07875 0.10666666666666667
0 0.33375 0.7966666666666666 0.1925 0.24666666666666667
0 0.688125 0.25333333333333335 0.08125 0.08444444444444445
0 0.931875 0.34444444444444444 0.10625 0.10222222222222223
0 0.620625 0.3244444444444444 0.09875 0.1111111111111111
0 0.933125 0.2688888888888889 0.07375 0.07111111111111111
0 0.75375 0.78 0.16 0.28888888888888886
0 0.343125 0.2611111111111111 0.08375 0.09111111111111111
0 0.07375 0.2677777777777778 0.0675 0.08222222222222222
