2 0.075625 0.25555555555555554 0.06125 0.1111111111111111
1 0.594375 0.24444444444444444 0.07875 0.12
1 0.65625 0.39555555555555555 0.0875 0.16444444444444445
1 0.435625 0.2544444444444444 0.07625 0.11777777777777777
2 0.694375 0.5455555555555556 0.12375 0.20666666666666667
2 0.224375 0.5455555555555556 0.11625 0.18
2 0.978125 0.31777777777777777 0.03375 0.1288888888888889
2 0.363125 0.5611111111111111 0.13625 0.18888888888888888
2 0.764375 0.3977777777777778 0.11125 0.18222222222222223
1 0.041875 0.40444444444444444 0.07625 0.15555555555555556
1 0.85 0.2577777777777778 0.075 0.12444444444444444
2 0.675625 0.23222222222222222 0.06125 0.13555555555555557
1 0.923125 0.7866666666666666 0.15125 0.32
2 0.03625 0.30777777777777776 0.0675 0.12222222222222222
2 0.819375 0.5577777777777778 0.11625 0.19555555555555557
1 0.34125 0.7588888888888888 0.1675 0.3488888888888889
1 0.41875 0.3188888888888889 0.08 0.12222222222222222
1 0.128125 0.32222222222222224 0.07375 0.13333333333333333
2 0.97125 0.41333333333333333 0.055 0.14222222222222222
1 0.14875 0.24666666666666667 0.06 0.08888888888888889
1 0.276875 0.4011111111111111 0.10625 0.18
1 0.395 0.4088888888888889 0.1125 0.18222222222222223
1 0.17375 0.7755555555555556 0.165 0.3288888888888889
2 0.918125 0.32222222222222224 0.08125 0.14666666666666667
1 0.774375 0.8144444444444444 0.20625 0.31333333333333335
1 0.70625 0.3111111111111111 0.0675 0.12
2 0.93375 0.2411111111111111 0.055 0.11333333333333333
5 0.32875 0.2544444444444444 0.0975 0.23333333333333334
1 0.615 0.30666666666666664 0.08 0.1688888888888889
2 0.04125 0.40444444444444444 0.075 0.1511111111111111
