2 0.41125 0.3188888888888889 0.1 0.12666666666666668
1 0.07375 0.25666666666666665 0.055 0.09555555555555556
2 0.363125 0.5533333333333333 0.12875 0.18666666666666668
2 0.43625 0.2388888888888889 0.075 0.14
1 0.3425 0.76 0.1625 0.3377777777777778
2 0.820625 0.5633333333333334 0.10625 0.20222222222222222
2 0.620625 0.31 0.08625 0.15777777777777777
2 0.60125 0.23555555555555555 0.0625 0.13333333333333333
1 0.91625 0.32222222222222224 0.0875 0.14666666666666667
1 0.125625 0.31333333333333335 0.09375 0.1511111111111111
1 0.141875 0.24333333333333335 0.07125 0.09555555555555556
0 0.345625 0.26222222222222225 0.07375 0.09777777777777778
2 0.225 0.55 0.1225 0.18888888888888888
1 0.914375 0.7677777777777778 0.16125 0.2866666666666667
2 0.27875 0.40555555555555556 0.1025 0.18
1 0.74875 0.7788888888888889 0.1625 0.32222222222222224
1 0.706875 0.30777777777777776 0.06875 0.12222222222222222
2 0.036875 0.30777777777777776 0.06875 0.13111111111111112
2 0.6725 0.23555555555555555 0.0575 0.12
2 0.65125 0.3988888888888889 0.0975 0.1711111111111111
1 0.84875 0.2544444444444444 0.075 0.13111111111111112
2 0.760625 0.39666666666666667 0.09625 0.18
1 0.323125 0.31555555555555553 0.07875 0.16444444444444445
2 0.69625 0.5366666666666666 0.125 0.22444444444444445
1 0.393125 0.41888888888888887 0.11375 0.14444444444444443
1 0.935 0.24444444444444444 0.06 0.1111111111111111
1 0.966875 0.41555555555555557 0.06125 0.1511111111111111
2 0.039375 0.41444444444444445 0.07875 0.16666666666666666
1 0.174375 0.7811111111111111 0.17375 0.34
