2 0.9325 0.23666666666666666 0.0575 0.12222222222222222
2 0.076875 0.2477777777777778 0.05375 0.11777777777777777
1 0.1725 0.7766666666666666 0.1675 0.33555555555555555
1 0.433125 0.24666666666666667 0.07375 0.1111111111111111
2 0.278125 0.41 0.09625 0.1711111111111111
1 0.62 0.30777777777777776 0.08 0.16666666666666666
2 0.03625 0.31333333333333335 0.065 0.10666666666666667
5 0.314375 0.2588888888888889 0.07125 0.23777777777777778
2 0.85 0.2588888888888889 0.0725 0.13111111111111112
2 0.92375 0.7711111111111111 0.14 0.28444444444444444
1 0.409375 0.32 0.09625 0.13333333333333333
2 0.76875 0.7688888888888888 0.15 0.27111111111111114
2 0.6525 0.40555555555555556 0.09 0.18444444444444444
2 0.044375 0.40444444444444444 0.08125 0.17777777777777778
2 0.9225 0.3233333333333333 0.08 0.13555555555555557
2 0.689375 0.5377777777777778 0.11875 0.2222222222222222
2 0.23125 0.5522222222222222 0.13 0.20222222222222222
1 0.59375 0.24333333333333335 0.0725 0.12666666666666668
2 0.81875 0.5544444444444444 0.115 0.18888888888888888
2 0.67 0.23 0.055 0.11333333333333333
1 0.335625 0.7566666666666667 0.16125 0.34444444444444444
1 0.7575 0.39555555555555555 0.0975 0.17777777777777778
2 0.705625 0.3088888888888889 0.06625 0.14222222222222222
2 0.146875 0.24444444444444444 0.05375 0.10222222222222223
2 0.126875 0.31222222222222223 0.08625 0.14888888888888888
