2 0.75875 0.39444444444444443 0.1 0.17555555555555555
2 0.27375 0.4033333333333333 0.1125 0.17555555555555555
2 0.5875 0.2388888888888889 0.0575 0.13111111111111112
2 0.9175 0.3233333333333333 0.0725 0.14888888888888888
2 0.62125 0.30333333333333334 0.0775 0.15333333333333332
2 0.43625 0.2388888888888889 0.0675 0.13555555555555557
2 0.744375 0.7766666666666666 0.12125 0.2733333333333333
2 0.12375 0.30777777777777776 0.075 0.14888888888888888
2 0.224375 0.5488888888888889 0.11625 0.17333333333333334
2 0.705 0.3088888888888889 0.0675 0.14222222222222222
2 0.933125 0.23777777777777778 0.05625 0.12
2 0.035 0.3055555555555556 0.07 0.12666666666666668
2 0.9775 0.31777777777777777 0.04 0.1288888888888889
2 0.150625 0.24444444444444444 0.05375 0.09333333333333334
2 0.37 0.5622222222222222 0.12 0.19111111111111112
2 0.08875 0.24333333333333335 0.045 0.11777777777777777
2 0.6975 0.5444444444444444 0.125 0.20444444444444446
2 0.669375 0.2388888888888889 0.05125 0.10888888888888888
2 0.656875 0.39444444444444443 0.08625 0.1622222222222222
2 0.349375 0.2511111111111111 0.07125 0.1111111111111111
2 0.3275 0.31 0.0725 0.14444444444444443
2 0.330625 0.7433333333333333 0.12875 0.3
2 0.39875 0.4066666666666667 0.0925 0.16444444444444445
2 0.193125 0.7366666666666667 0.12375 0.2911111111111111
2 0.415625 0.31666666666666665 0.09375 0.12666666666666668
2 0.849375 0.2544444444444444 0.07125 0.12666666666666668
2 0.04 0.4 0.0775 0.1688888888888889
2 0.815 0.56 0.1 0.2088888888888889
