0 0.595 0.2544444444444444 0.07 0.10444444444444445
1 0.913125 0.34 0.08375 0.12
1 0.775625 0.7677777777777778 0.13375 0.2644444444444444
1 0.82375 0.5522222222222222 0.12 0.18
1 0.3575 0.24444444444444444 0.0625 0.09777777777777778
1 0.65125 0.4011111111111111 0.105 0.15777777777777777
1 0.6225 0.3211111111111111 0.0775 0.14888888888888888
1 0.93375 0.25333333333333335 0.065 0.10222222222222223
2 0.12125 0.3111111111111111 0.0775 0.14666666666666667
1 0.693125 0.5555555555555556 0.12875 0.2088888888888889
1 0.681875 0.24222222222222223 0.07125 0.09777777777777778
2 0.341875 0.7388888888888889 0.15875 0.34444444444444444
1 0.765625 0.4033333333333333 0.09125 0.13555555555555557
1 0.91625 0.7711111111111111 0.15 0.28444444444444444
1 0.17125 0.7588888888888888 0.1725 0.32666666666666666
2 0.150625 0.24444444444444444 0.05625 0.10222222222222223
1 0.068125 0.2588888888888889 0.06875 0.1
2 0.28 0.4222222222222222 0.0975 0.17333333333333334
1 0.845 0.2544444444444444 0.07 0.13111111111111112
1 0.435 0.24666666666666667 0.0725 0.11555555555555555
1 0.70875 0.3244444444444444 0.0775 0.12
2 0.316875 0.3111111111111111 0.08125 0.16444444444444445
1 0.41 0.3188888888888889 0.1 0.12666666666666668
