2 0.92125 0.7555555555555555 0.1225 0.2311111111111111
2 0.695625 0.5444444444444444 0.12375 0.21333333333333335
2 0.175625 0.7544444444444445 0.15375 0.2866666666666667
2 0.66875 0.23444444444444446 0.0525 0.1
2 0.75875 0.39111111111111113 0.0825 0.1688888888888889
2 0.345 0.7722222222222223 0.1875 0.36666666666666664
2 0.37625 0.5688888888888889 0.115 0.18666666666666668
2 0.22125 0.5522222222222222 0.12 0.18
2 0.704375 0.3111111111111111 0.06875 0.13333333333333333
2 0.920625 0.3244444444444444 0.07125 0.14666666666666667
2 0.14625 0.23555555555555555 0.0575 0.10666666666666667
2 0.398125 0.4111111111111111 0.08125 0.16444444444444445
2 0.125 0.31333333333333335 0.0675 0.14222222222222222
2 0.933125 0.2388888888888889 0.05625 0.11777777777777777
2 0.851875 0.2511111111111111 0.06875 0.1288888888888889
2 0.405 0.31444444444444447 0.075 0.13555555555555557
2 0.355625 0.2477777777777778 0.05625 0.12222222222222222
2 0.61875 0.2866666666666667 0.0725 0.17777777777777778
2 0.655625 0.39111111111111113 0.08375 0.17333333333333334
2 0.755 0.7755555555555556 0.1375 0.24444444444444444
2 0.28375 0.41555555555555557 0.0975 0.17333333333333334
2 0.80875 0.5622222222222222 0.0925 0.21333333333333335
2 0.32625 0.30444444444444446 0.07 0.14222222222222222
2 0.438125 0.24333333333333335 0.06375 0.12666666666666668
2 0.069375 0.2544444444444444 0.05125 0.1
2 0.04375 0.4077777777777778 0.0825 0.18444444444444444
2 0.044375 0.31 0.07375 0.12222222222222222
