0 0.930625 0.7844444444444445 0.13125 0.28888888888888886
0 0.829375 0.5666666666666667 0.11875 0.16444444444444445
0 0.365 0.58 0.135 0.16
0 0.3975 0.44 0.1175 0.11555555555555555
0 0.685625 0.2577777777777778 0.08625 0.08
1 0.84875 0.26555555555555554 0.07 0.11333333333333333
0 0.658125 0.43 0.10875 0.11777777777777777
0 0.62125 0.3277777777777778 0.095 0.1
7 0.4375 0.42444444444444446 0.2 0.30666666666666664
1 0.129375 0.31777777777777777 0.07875 0.1511111111111111
0 0.04125 0.43222222222222223 0.0825 0.10444444444444445
0 0.75125 0.7422222222222222 0.1675 0.30666666666666664
1 0.591875 0.2411111111111111 0.07875 0.12666666666666668
0 0.214375 0.5655555555555556 0.11625 0.1711111111111111
0 0.031875 0.3277777777777778 0.06125 0.10444444444444445
0 0.129375 0.3188888888888889 0.07875 0.14888888888888888
0 0.33625 0.8133333333333334 0.19 0.2222222222222222
0 0.936875 0.34 0.11125 0.10222222222222223
0 0.061875 0.2733333333333333 0.08125 0.08444444444444445
0 0.271875 0.42333333333333334 0.11125 0.14888888888888888
0 0.410625 0.3277777777777778 0.09375 0.10444444444444445
0 0.308125 0.3322222222222222 0.09125 0.12222222222222222
0 0.431875 0.26 0.07875 0.08444444444444445
0 0.149375 0.8622222222222222 0.18875 0.2311111111111111
0 0.774375 0.43222222222222223 0.12125 0.11333333333333333
0 0.71625 0.33 0.0925 0.09111111111111111
0 0.93 0.26 0.075 0.08888888888888889
0 0.344375 0.26555555555555554 0.07625 0.08666666666666667
0 0.695 0.59 0.12 0.13555555555555557
1 0.0325 0.32555555555555554 0.0625 0.10444444444444445
