0 0.930625 0.3411111111111111 0.11375 0.10888888888888888
0 0.715 0.3244444444444444 0.0925 0.08888888888888889
2 0.14 0.24444444444444444 0.065 0.11555555555555555
0 0.925 0.7944444444444444 0.1425 0.26
0 0.74625 0.82 0.1675 0.17333333333333334
0 0.34125 0.2611111111111111 0.0775 0.09555555555555556
0 0.774375 0.4266666666666667 0.11875 0.12
0 0.369375 0.5722222222222222 0.12125 0.16666666666666666
0 0.336875 0.8177777777777778 0.18625 0.2088888888888889
0 0.704375 0.5933333333333334 0.12625 0.13333333333333333
0 0.26875 0.4266666666666667 0.1125 0.14666666666666667
0 0.1525 0.8466666666666667 0.1825 0.20444444444444446
0 0.4325 0.25666666666666665 0.075 0.09555555555555556
0 0.0325 0.3377777777777778 0.065 0.08444444444444445
0 0.12875 0.3288888888888889 0.09 0.10666666666666667
0 0.931875 0.26222222222222225 0.07125 0.08
0 0.413125 0.3188888888888889 0.09875 0.12666666666666668
0 0.593125 0.2544444444444444 0.08125 0.1
0 0.625625 0.3277777777777778 0.09125 0.09555555555555556
0 0.218125 0.5733333333333334 0.11625 0.15555555555555556
0 0.850625 0.2677777777777778 0.07625 0.10444444444444445
0 0.658125 0.42777777777777776 0.10875 0.11777777777777777
0 0.040625 0.4311111111111111 0.08125 0.11555555555555555
0 0.8325 0.5677777777777778 0.13 0.18
0 0.685625 0.2544444444444444 0.08875 0.07777777777777778
0 0.055625 0.2733333333333333 0.07875 0.08444444444444445
0 0.39375 0.45222222222222225 0.1225 0.10888888888888888
0 0.315625 0.34555555555555556 0.08625 0.09555555555555556
