2 0.391875 0.4088888888888889 0.09125 0.16
2 0.669375 0.23666666666666666 0.05625 0.11777777777777777
2 0.35375 0.25222222222222224 0.06 0.12222222222222222
2 0.588125 0.24222222222222223 0.06625 0.12
2 0.275 0.4255555555555556 0.0975 0.16666666666666666
2 0.330625 0.7377777777777778 0.12875 0.3111111111111111
2 0.37625 0.5622222222222222 0.105 0.19111111111111112
2 0.619375 0.29 0.07375 0.15777777777777777
2 0.705 0.31 0.0625 0.12666666666666668
2 0.91125 0.7888888888888889 0.145 0.29777777777777775
2 0.145 0.24222222222222223 0.05 0.10222222222222223
2 0.170625 0.7855555555555556 0.16625 0.3622222222222222
2 0.075 0.25555555555555554 0.0525 0.09777777777777778
2 0.043125 0.40444444444444444 0.07875 0.16444444444444445
2 0.85 0.25666666666666665 0.07 0.12666666666666668
2 0.7625 0.39666666666666667 0.1025 0.1711111111111111
2 0.408125 0.3011111111111111 0.07875 0.14888888888888888
2 0.12375 0.31 0.0775 0.14
2 0.758125 0.7411111111111112 0.11375 0.2777777777777778
2 0.03125 0.3088888888888889 0.0625 0.12444444444444444
2 0.934375 0.24 0.05875 0.12444444444444444
2 0.44125 0.24 0.065 0.13333333333333333
2 0.22 0.5544444444444444 0.115 0.18444444444444444
2 0.920625 0.3188888888888889 0.08125 0.13111111111111112
2 0.656875 0.3933333333333333 0.08625 0.16444444444444445
2 0.323125 0.30666666666666664 0.06625 0.14222222222222222
2 0.8225 0.5577777777777778 0.115 0.18222222222222223
2 0.709375 0.5477777777777778 0.09875 0.18888888888888888
