0 0.93375 0.26222222222222225 0.075 0.08444444444444445
0 0.684375 0.2577777777777778 0.08875 0.08444444444444445
0 0.7725 0.4288888888888889 0.1125 0.12
0 0.041875 0.43 0.08375 0.11333333333333333
0 0.31 0.33555555555555555 0.0925 0.11555555555555555
0 0.343125 0.2544444444444444 0.07625 0.10444444444444445
0 0.335625 0.8155555555555556 0.18625 0.2222222222222222
0 0.92125 0.7988888888888889 0.145 0.25555555555555554
0 0.37125 0.58 0.125 0.16
0 0.763125 0.8011111111111111 0.16875 0.21555555555555556
0 0.596875 0.2477777777777778 0.07625 0.08666666666666667
0 0.03 0.33111111111111113 0.06 0.09333333333333334
0 0.218125 0.5744444444444444 0.11875 0.15333333333333332
0 0.410625 0.33444444444444443 0.10125 0.09555555555555556
0 0.715625 0.33444444444444443 0.09125 0.09111111111111111
0 0.05875 0.27 0.085 0.08222222222222222
0 0.1425 0.26222222222222225 0.075 0.07555555555555556
0 0.15 0.8533333333333334 0.18 0.2
0 0.3925 0.45 0.1225 0.10888888888888888
0 0.128125 0.3322222222222222 0.08625 0.1
0 0.7 0.5866666666666667 0.1325 0.14666666666666667
0 0.656875 0.42777777777777776 0.10625 0.11777777777777777
0 0.93 0.3466666666666667 0.1125 0.09777777777777778
0 0.43125 0.2588888888888889 0.08 0.09111111111111111
0 0.269375 0.42777777777777776 0.11125 0.14444444444444443
0 0.8475 0.26666666666666666 0.0775 0.10222222222222223
0 0.62625 0.3277777777777778 0.0875 0.09111111111111111
