1 0.41 0.32 0.095 0.12
2 0.073125 0.2544444444444444 0.05375 0.10888888888888888
2 0.673125 0.23 0.05625 0.10888888888888888
1 0.341875 0.7588888888888888 0.15875 0.33555555555555555
1 0.651875 0.3988888888888889 0.10125 0.16666666666666666
1 0.704375 0.3011111111111111 0.07375 0.1
2 0.32625 0.31222222222222223 0.08 0.18
2 0.97 0.41333333333333333 0.06 0.16
2 0.619375 0.31 0.08375 0.1622222222222222
2 0.23 0.5544444444444444 0.115 0.18888888888888888
0 0.3425 0.26 0.0825 0.08888888888888889
2 0.818125 0.5511111111111111 0.11125 0.17777777777777778
2 0.038125 0.3055555555555556 0.06875 0.13111111111111112
2 0.395 0.41 0.1075 0.1622222222222222
2 0.038125 0.4077777777777778 0.07625 0.1622222222222222
1 0.92 0.7677777777777778 0.1525 0.25555555555555554
2 0.91875 0.3244444444444444 0.09 0.14666666666666667
2 0.27875 0.4066666666666667 0.1075 0.17777777777777778
1 0.846875 0.25333333333333335 0.07125 0.13333333333333333
2 0.125625 0.3111111111111111 0.09125 0.15555555555555556
5 0.711875 0.4666666666666667 0.11875 0.29333333333333333
1 0.43375 0.24666666666666667 0.0825 0.11555555555555555
1 0.1475 0.25222222222222224 0.0625 0.07777777777777778
2 0.586875 0.23555555555555555 0.06625 0.13333333333333333
2 0.18125 0.77 0.17 0.3711111111111111
2 0.77 0.39666666666666667 0.0725 0.1622222222222222
2 0.935625 0.2388888888888889 0.05875 0.12222222222222222
