0 0.129375 0.3288888888888889 0.09125 0.12
0 0.398125 0.44222222222222224 0.12125 0.12
0 0.4125 0.3333333333333333 0.1125 0.09333333333333334
0 0.93375 0.27 0.0725 0.06444444444444444
0 0.36375 0.58 0.135 0.16
0 0.339375 0.2633333333333333 0.07875 0.09555555555555556
0 0.21625 0.5677777777777778 0.115 0.1622222222222222
0 0.77125 0.42444444444444446 0.1175 0.12444444444444444
0 0.6575 0.4266666666666667 0.11 0.12
0 0.59625 0.24888888888888888 0.075 0.11555555555555555
0 0.855 0.27555555555555555 0.0775 0.08888888888888889
0 0.619375 0.3277777777777778 0.09875 0.10444444444444445
0 0.03125 0.3377777777777778 0.0625 0.08888888888888889
0 0.3525 0.8377777777777777 0.21 0.21333333333333335
0 0.92875 0.34444444444444444 0.105 0.10666666666666667
0 0.91875 0.7988888888888889 0.1275 0.2866666666666667
0 0.269375 0.4288888888888889 0.10625 0.13777777777777778
0 0.715 0.3322222222222222 0.0875 0.09111111111111111
0 0.0425 0.43555555555555553 0.085 0.11555555555555555
0 0.073125 0.2722222222222222 0.06375 0.07777777777777778
0 0.705625 0.5944444444444444 0.12875 0.14
0 0.43375 0.2588888888888889 0.085 0.09111111111111111
0 0.143125 0.8722222222222222 0.19875 0.24666666666666667
0 0.135 0.25555555555555554 0.0725 0.08444444444444445
0 0.313125 0.34 0.09125 0.09777777777777778
0 0.689375 0.25333333333333335 0.08125 0.08
0 0.755 0.7911111111111111 0.165 0.27111111111111114
