2 0.758125 0.39555555555555555 0.09375 0.17333333333333334
2 0.156875 0.24333333333333335 0.04875 0.10444444444444445
2 0.124375 0.3055555555555556 0.08375 0.15777777777777777
2 0.438125 0.24 0.06625 0.13777777777777778
2 0.93375 0.23444444444444446 0.06 0.11777777777777777
2 0.620625 0.30333333333333334 0.07875 0.16666666666666666
2 0.924375 0.7811111111111111 0.13875 0.31777777777777777
2 0.700625 0.54 0.10875 0.2088888888888889
5 0.07375 0.20333333333333334 0.0575 0.18888888888888888
2 0.36 0.5288888888888889 0.115 0.22666666666666666
2 0.705625 0.31 0.06875 0.14888888888888888
2 0.67375 0.22777777777777777 0.0525 0.12222222222222222
2 0.396875 0.41333333333333333 0.08625 0.1511111111111111
2 0.039375 0.4011111111111111 0.07375 0.16666666666666666
2 0.591875 0.23666666666666666 0.06375 0.14888888888888888
1 0.2775 0.4066666666666667 0.095 0.18666666666666668
2 0.338125 0.7455555555555555 0.16125 0.34
2 0.228125 0.5444444444444444 0.10875 0.19111111111111112
2 0.18125 0.7611111111111111 0.165 0.35333333333333333
2 0.8175 0.5555555555555556 0.11 0.20444444444444446
1 0.180625 0.7611111111111111 0.16375 0.35777777777777775
2 0.65625 0.39222222222222225 0.0875 0.17555555555555555
2 0.9725 0.31 0.0475 0.14444444444444443
2 0.41375 0.31222222222222223 0.085 0.13555555555555557
2 0.84875 0.2577777777777778 0.065 0.13777777777777778
2 0.3175 0.30777777777777776 0.08 0.18888888888888888
2 0.03375 0.30666666666666664 0.0675 0.12444444444444444
2 0.925 0.3188888888888889 0.0975 0.1622222222222222
2 0.355 0.24333333333333335 0.06 0.12666666666666668
2 0.77625 0.7811111111111111 0.1775 0.31333333333333335
