2 0.76 0.3888888888888889 0.0925 0.17333333333333334
2 0.038125 0.31555555555555553 0.07375 0.12444444444444444
2 0.330625 0.7388888888888889 0.12375 0.3088888888888889
2 0.13 0.31333333333333335 0.0875 0.14222222222222222
2 0.276875 0.4122222222222222 0.10625 0.18
2 0.713125 0.5488888888888889 0.09625 0.19555555555555557
2 0.35625 0.24555555555555555 0.055 0.11333333333333333
2 0.935 0.23777777777777778 0.0575 0.12
2 0.84875 0.25666666666666665 0.07 0.12666666666666668
2 0.221875 0.5544444444444444 0.12375 0.17555555555555555
2 0.703125 0.30777777777777776 0.06625 0.13111111111111112
2 0.588125 0.23333333333333334 0.05875 0.13777777777777778
2 0.153125 0.23777777777777778 0.04875 0.10666666666666667
2 0.32625 0.30666666666666664 0.065 0.14666666666666667
2 0.04375 0.40555555555555556 0.0825 0.16666666666666666
2 0.44 0.2411111111111111 0.065 0.12666666666666668
2 0.39625 0.40555555555555556 0.08 0.17555555555555555
2 0.18 0.7911111111111111 0.155 0.3688888888888889
2 0.668125 0.23444444444444446 0.05625 0.11777777777777777
2 0.925625 0.3188888888888889 0.07875 0.14444444444444443
2 0.615 0.2922222222222222 0.08 0.1622222222222222
2 0.915625 0.7911111111111111 0.13875 0.28888888888888886
2 0.820625 0.5533333333333333 0.11625 0.18666666666666668
2 0.410625 0.30666666666666664 0.08375 0.14222222222222222
2 0.073125 0.2544444444444444 0.04875 0.10444444444444445
2 0.658125 0.3933333333333333 0.08125 0.1688888888888889
2 0.38 0.5688888888888889 0.105 0.18666666666666668
