2 0.66875 0.23444444444444446 0.0575 0.10888888888888888
2 0.935 0.24 0.06 0.12444444444444444
2 0.351875 0.25 0.06125 0.10888888888888888
2 0.619375 0.28888888888888886 0.07625 0.16
2 0.586875 0.23777777777777778 0.06125 0.13333333333333333
2 0.84875 0.2544444444444444 0.0675 0.12222222222222222
2 0.220625 0.5566666666666666 0.11625 0.18444444444444444
2 0.32375 0.30777777777777776 0.0675 0.14444444444444443
2 0.030625 0.31 0.06125 0.12666666666666668
2 0.915 0.7888888888888889 0.1425 0.29333333333333333
2 0.704375 0.31 0.06625 0.12666666666666668
2 0.76 0.7422222222222222 0.1225 0.28444444444444444
2 0.170625 0.7833333333333333 0.16875 0.35333333333333333
2 0.824375 0.5577777777777778 0.11375 0.18222222222222223
2 0.92 0.3188888888888889 0.08 0.13111111111111112
2 0.65875 0.39444444444444443 0.085 0.16666666666666666
2 0.37875 0.5633333333333334 0.11 0.18888888888888888
2 0.330625 0.7388888888888889 0.12625 0.3088888888888889
2 0.075 0.25555555555555554 0.0525 0.09777777777777778
2 0.041875 0.40444444444444444 0.08125 0.17333333333333334
2 0.145625 0.2411111111111111 0.05125 0.1
2 0.440625 0.2411111111111111 0.06375 0.13111111111111112
2 0.71 0.5488888888888889 0.0975 0.19111111111111112
2 0.4075 0.3011111111111111 0.0825 0.15333333333333332
2 0.124375 0.3088888888888889 0.07875 0.14222222222222222
2 0.275 0.42444444444444446 0.0975 0.16444444444444445
2 0.3925 0.41 0.0925 0.16666666666666666
2 0.76125 0.39555555555555555 0.0975 0.17777777777777778
