0 0.07 0.27 0.0725 0.08222222222222222
0 0.715625 0.33 0.09375 0.09111111111111111
0 0.596875 0.25222222222222224 0.08875 0.10888888888888888
0 0.775 0.4311111111111111 0.1225 0.1111111111111111
0 0.145625 0.8644444444444445 0.19625 0.22666666666666666
0 0.03125 0.33444444444444443 0.06 0.09555555555555556
0 0.130625 0.32222222222222224 0.08625 0.13777777777777778
0 0.4075 0.3211111111111111 0.095 0.11777777777777777
0 0.93125 0.2688888888888889 0.075 0.08
0 0.8275 0.5622222222222222 0.13 0.17333333333333334
0 0.311875 0.3322222222222222 0.08625 0.12222222222222222
0 0.9325 0.7844444444444445 0.13 0.28888888888888886
0 0.34375 0.26555555555555554 0.075 0.08666666666666667
0 0.75625 0.7644444444444445 0.15 0.30666666666666664
0 0.68625 0.2588888888888889 0.0875 0.08222222222222222
0 0.658125 0.4288888888888889 0.10875 0.11555555555555555
0 0.136875 0.2588888888888889 0.06625 0.06444444444444444
0 0.33625 0.8177777777777778 0.1875 0.22666666666666666
0 0.366875 0.5711111111111111 0.12625 0.1688888888888889
0 0.040625 0.4288888888888889 0.08125 0.1111111111111111
0 0.215 0.5677777777777778 0.1175 0.1622222222222222
0 0.934375 0.34555555555555556 0.10875 0.09555555555555556
0 0.27125 0.4255555555555556 0.11 0.14888888888888888
0 0.398125 0.44333333333333336 0.11625 0.11777777777777777
0 0.433125 0.26 0.07875 0.08888888888888889
2 0.61625 0.3022222222222222 0.085 0.16
0 0.850625 0.2688888888888889 0.07125 0.11555555555555555
0 0.696875 0.5877777777777777 0.12375 0.14
