2 0.035625 0.31333333333333335 0.06875 0.12444444444444444
2 0.62 0.31 0.0825 0.15777777777777777
1 0.17 0.7888888888888889 0.1625 0.3288888888888889
1 0.34 0.7755555555555556 0.1725 0.3422222222222222
2 0.66875 0.23333333333333334 0.0525 0.11555555555555555
2 0.9225 0.31666666666666665 0.0725 0.15333333333333332
2 0.363125 0.5622222222222222 0.13875 0.18666666666666668
2 0.9375 0.24333333333333335 0.065 0.11777777777777777
1 0.395625 0.4166666666666667 0.08125 0.14444444444444443
2 0.148125 0.24222222222222223 0.05125 0.10666666666666667
2 0.44 0.2411111111111111 0.0625 0.13555555555555557
2 0.6625 0.39666666666666667 0.0825 0.15777777777777777
2 0.405 0.3011111111111111 0.075 0.15333333333333332
2 0.036875 0.4066666666666667 0.07375 0.15555555555555556
2 0.32 0.3022222222222222 0.085 0.15555555555555556
0 0.5975 0.25333333333333335 0.0775 0.1111111111111111
2 0.12125 0.3111111111111111 0.08 0.14222222222222222
2 0.225 0.5511111111111111 0.13 0.1688888888888889
2 0.351875 0.24555555555555555 0.06125 0.10888888888888888
2 0.756875 0.38666666666666666 0.09375 0.17333333333333334
2 0.70625 0.3088888888888889 0.06 0.1288888888888889
2 0.928125 0.7577777777777778 0.11875 0.23555555555555555
2 0.08875 0.24555555555555555 0.0425 0.11777777777777777
2 0.27625 0.4166666666666667 0.12 0.18888888888888888
2 0.8425 0.2577777777777778 0.055 0.1288888888888889
2 0.7 0.5455555555555556 0.1275 0.19777777777777777
