2 0.82125 0.5577777777777778 0.1175 0.19111111111111112
2 0.14375 0.24222222222222223 0.0525 0.10222222222222223
2 0.618125 0.28888888888888886 0.07375 0.16
2 0.395 0.42 0.0775 0.16444444444444445
2 0.4075 0.31333333333333335 0.08 0.13777777777777778
2 0.073125 0.2544444444444444 0.05125 0.1
2 0.670625 0.23222222222222222 0.05625 0.10888888888888888
2 0.914375 0.7977777777777778 0.13875 0.27555555555555555
1 0.161875 0.7955555555555556 0.18625 0.3466666666666667
2 0.330625 0.7377777777777778 0.12625 0.30666666666666664
2 0.586875 0.23444444444444446 0.06125 0.13555555555555557
2 0.43875 0.2388888888888889 0.0675 0.13555555555555557
2 0.220625 0.5555555555555556 0.12375 0.17777777777777778
2 0.27625 0.4222222222222222 0.095 0.16444444444444445
2 0.933125 0.2411111111111111 0.05875 0.12222222222222222
2 0.76 0.39444444444444443 0.095 0.17555555555555555
2 0.3525 0.24888888888888888 0.0625 0.12444444444444444
2 0.755625 0.7722222222222223 0.12625 0.22444444444444445
2 0.326875 0.3088888888888889 0.06625 0.14666666666666667
2 0.705625 0.30666666666666664 0.06375 0.1288888888888889
2 0.123125 0.3111111111111111 0.07875 0.14222222222222222
2 0.84875 0.2577777777777778 0.0675 0.12444444444444444
2 0.710625 0.5466666666666666 0.09875 0.19555555555555557
2 0.923125 0.3188888888888889 0.07875 0.13111111111111112
2 0.659375 0.3933333333333333 0.08375 0.17333333333333334
2 0.03 0.3111111111111111 0.06 0.13777777777777778
2 0.379375 0.5622222222222222 0.11125 0.19111111111111112
2 0.045625 0.4 0.08625 0.17333333333333334
