0 0.65625 0.4311111111111111 0.11 0.12
0 0.07125 0.2677777777777778 0.0675 0.08222222222222222
0 0.620625 0.3244444444444444 0.09375 0.10666666666666667
0 0.74875 0.7511111111111111 0.1425 0.32
0 0.04125 0.43222222222222223 0.0825 0.11777777777777777
0 0.59375 0.25555555555555554 0.0825 0.10222222222222223
0 0.391875 0.44 0.09625 0.12
0 0.343125 0.8255555555555556 0.21375 0.18
0 0.413125 0.33 0.10625 0.10444444444444445
0 0.9175 0.7833333333333333 0.14 0.2822222222222222
0 0.14 0.2588888888888889 0.065 0.06888888888888889
1 0.32 0.3088888888888889 0.0825 0.18222222222222223
0 0.129375 0.3211111111111111 0.09625 0.13111111111111112
0 0.694375 0.5911111111111111 0.12375 0.13777777777777778
0 0.69 0.25555555555555554 0.08 0.07111111111111111
0 0.359375 0.5677777777777778 0.14875 0.19333333333333333
0 0.03125 0.33555555555555555 0.0625 0.09333333333333334
0 0.76625 0.43555555555555553 0.0975 0.10666666666666667
0 0.21 0.5666666666666667 0.1125 0.17777777777777778
0 0.715 0.32555555555555554 0.0925 0.09555555555555556
0 0.434375 0.26222222222222225 0.08125 0.08
0 0.831875 0.5633333333333334 0.11875 0.15777777777777777
0 0.273125 0.4266666666666667 0.10625 0.13777777777777778
0 0.34625 0.26222222222222225 0.0675 0.08888888888888889
0 0.8525 0.2688888888888889 0.07 0.10666666666666667
0 0.148125 0.8644444444444445 0.19875 0.2222222222222222
