2 0.278125 0.41444444444444445 0.10375 0.17555555555555555
2 0.850625 0.25555555555555554 0.06875 0.12444444444444444
2 0.041875 0.31666666666666665 0.07125 0.10888888888888888
2 0.758125 0.39111111111111113 0.08625 0.1688888888888889
2 0.8275 0.5633333333333334 0.1125 0.19333333333333333
2 0.62125 0.30333333333333334 0.0825 0.1622222222222222
2 0.933125 0.2411111111111111 0.05625 0.12222222222222222
2 0.22125 0.55 0.13 0.17555555555555555
2 0.70125 0.30666666666666664 0.065 0.13333333333333333
2 0.35375 0.24222222222222223 0.0575 0.12444444444444444
2 0.390625 0.41444444444444445 0.07625 0.14444444444444443
2 0.920625 0.3244444444444444 0.06875 0.14222222222222222
2 0.3525 0.7577777777777778 0.1225 0.3244444444444444
2 0.655 0.3933333333333333 0.09 0.16444444444444445
2 0.123125 0.31 0.06625 0.14
2 0.083125 0.2511111111111111 0.04875 0.11555555555555555
2 0.1525 0.24444444444444444 0.0525 0.08888888888888889
2 0.320625 0.3088888888888889 0.07875 0.14666666666666667
2 0.978125 0.31555555555555553 0.03625 0.1288888888888889
2 0.5875 0.23444444444444446 0.07 0.14
2 0.1975 0.7855555555555556 0.165 0.34
2 0.755 0.75 0.125 0.2777777777777778
2 0.371875 0.5644444444444444 0.12875 0.18666666666666668
2 0.661875 0.2311111111111111 0.04875 0.11555555555555555
2 0.71375 0.5444444444444444 0.1 0.19555555555555557
2 0.045 0.4033333333333333 0.085 0.17555555555555555
2 0.919375 0.7766666666666666 0.14875 0.2644444444444444
2 0.440625 0.24 0.06125 0.13333333333333333
2 0.4075 0.30666666666666664 0.08 0.14666666666666667
