0 0.07 0.2733333333333333 0.075 0.08444444444444445
0 0.031875 0.34 0.06375 0.08888888888888889
0 0.431875 0.2611111111111111 0.08125 0.08666666666666667
0 0.851875 0.2688888888888889 0.07625 0.1111111111111111
0 0.341875 0.2644444444444444 0.08125 0.08444444444444445
0 0.148125 0.8655555555555555 0.19125 0.22444444444444445
0 0.37125 0.5655555555555556 0.12 0.18
0 0.69875 0.5911111111111111 0.12 0.13777777777777778
0 0.12875 0.32666666666666666 0.085 0.13777777777777778
0 0.750625 0.7866666666666666 0.14875 0.23555555555555555
0 0.775 0.43333333333333335 0.115 0.1111111111111111
0 0.715625 0.33 0.09625 0.09555555555555556
0 0.270625 0.42777777777777776 0.11125 0.14444444444444443
0 0.935625 0.33555555555555555 0.11125 0.11555555555555555
0 0.829375 0.5677777777777778 0.12625 0.19333333333333333
0 0.61625 0.30333333333333334 0.09 0.15777777777777777
0 0.930625 0.26666666666666666 0.07125 0.07555555555555556
0 0.595625 0.25333333333333335 0.08125 0.10222222222222223
0 0.2125 0.5688888888888889 0.115 0.15555555555555556
0 0.93375 0.79 0.1275 0.2733333333333333
0 0.33625 0.8066666666666666 0.1925 0.2088888888888889
0 0.310625 0.33444444444444443 0.08875 0.11777777777777777
0 0.6575 0.42777777777777776 0.11 0.12222222222222222
0 0.689375 0.2588888888888889 0.07875 0.07777777777777778
0 0.04125 0.43333333333333335 0.0825 0.10666666666666667
0 0.39875 0.43222222222222223 0.1175 0.13111111111111112
0 0.4125 0.33 0.105 0.09555555555555556
