0 0.765 0.4311111111111111 0.0925 0.10666666666666667
0 0.069375 0.26222222222222225 0.06875 0.08888888888888889
0 0.41 0.34 0.11 0.08888888888888889
0 0.696875 0.5944444444444444 0.12625 0.12666666666666668
0 0.210625 0.58 0.11875 0.1511111111111111
0 0.61375 0.29888888888888887 0.0925 0.15777777777777777
0 0.150625 0.8611111111111112 0.18625 0.2288888888888889
0 0.140625 0.2588888888888889 0.07125 0.07777777777777778
0 0.933125 0.26 0.07625 0.09333333333333334
0 0.925625 0.7833333333333333 0.13375 0.2733333333333333
0 0.756875 0.7944444444444444 0.19375 0.23777777777777778
0 0.828125 0.5688888888888889 0.12875 0.18222222222222223
0 0.928125 0.3388888888888889 0.10625 0.11333333333333333
0 0.03625 0.43222222222222223 0.0725 0.11333333333333333
0 0.433125 0.26 0.08625 0.08
0 0.85125 0.27 0.0775 0.10888888888888888
0 0.658125 0.4288888888888889 0.10875 0.1111111111111111
0 0.345 0.8188888888888889 0.22 0.19777777777777777
0 0.030625 0.3322222222222222 0.05875 0.1
0 0.681875 0.2588888888888889 0.06875 0.07333333333333333
0 0.13125 0.3288888888888889 0.0925 0.1111111111111111
0 0.2725 0.43222222222222223 0.11 0.13555555555555557
0 0.719375 0.33 0.09375 0.09111111111111111
1 0.30625 0.30777777777777776 0.09 0.14888888888888888
0 0.36375 0.5644444444444444 0.145 0.19111111111111112
0 0.595 0.25666666666666665 0.0825 0.10444444444444445
1 0.349375 0.25666666666666665 0.06375 0.09111111111111111
0 0.390625 0.4444444444444444 0.10625 0.11555555555555555
