0 0.129375 0.32666666666666666 0.08875 0.11555555555555555
0 0.405625 0.4444444444444444 0.10875 0.11555555555555555
0 0.1425 0.8633333333333333 0.1975 0.22444444444444445
0 0.71625 0.33 0.0875 0.09555555555555556
0 0.6 0.2633333333333333 0.0925 0.09555555555555556
0 0.658125 0.4266666666666667 0.10625 0.12444444444444444
0 0.92625 0.8 0.14 0.29777777777777775
0 0.826875 0.5722222222222222 0.10625 0.18444444444444444
0 0.700625 0.5977777777777777 0.13625 0.1511111111111111
0 0.073125 0.27444444444444444 0.06625 0.08222222222222222
0 0.77375 0.4211111111111111 0.1175 0.11777777777777777
0 0.041875 0.43555555555555553 0.08375 0.10666666666666667
0 0.684375 0.25555555555555554 0.07625 0.07555555555555556
0 0.355 0.8311111111111111 0.205 0.21777777777777776
0 0.140625 0.2577777777777778 0.07375 0.08
0 0.9325 0.3466666666666667 0.1125 0.10222222222222223
0 0.34125 0.26222222222222225 0.0825 0.08888888888888889
0 0.754375 0.8077777777777778 0.16375 0.20666666666666667
0 0.935625 0.2733333333333333 0.07875 0.06666666666666667
0 0.03 0.34 0.06 0.09333333333333334
0 0.263125 0.4266666666666667 0.11375 0.14222222222222222
0 0.43375 0.26 0.0875 0.08444444444444445
0 0.36875 0.5733333333333334 0.125 0.1688888888888889
0 0.20625 0.5755555555555556 0.1175 0.1511111111111111
0 0.41 0.34 0.115 0.08444444444444445
0 0.61875 0.3277777777777778 0.1 0.1
0 0.311875 0.3466666666666667 0.08875 0.09777777777777778
