2 0.074375 0.25666666666666665 0.06125 0.10888888888888888
1 0.125625 0.32666666666666666 0.08125 0.1288888888888889
2 0.59 0.23777777777777778 0.0725 0.12
1 0.92125 0.7844444444444445 0.15 0.29777777777777775
1 0.169375 0.7588888888888888 0.15875 0.3088888888888889
1 0.845625 0.26222222222222225 0.07125 0.12444444444444444
1 0.043125 0.4033333333333333 0.08625 0.17555555555555555
2 0.765625 0.4011111111111111 0.11625 0.18
1 0.36375 0.5666666666666667 0.1425 0.18222222222222223
1 0.430625 0.25222222222222224 0.08375 0.10888888888888888
1 0.275 0.40555555555555556 0.11 0.18
1 0.65375 0.40555555555555556 0.095 0.16666666666666666
5 0.31375 0.25666666666666665 0.0775 0.2644444444444444
2 0.921875 0.3244444444444444 0.07125 0.1511111111111111
2 0.819375 0.5688888888888889 0.12125 0.20444444444444446
1 0.0375 0.3111111111111111 0.0675 0.1288888888888889
1 0.148125 0.25 0.06875 0.09555555555555556
1 0.42 0.31222222222222223 0.08 0.12666666666666668
1 0.33625 0.7444444444444445 0.17 0.3377777777777778
2 0.61875 0.3011111111111111 0.0775 0.14
1 0.935 0.24555555555555555 0.0575 0.11777777777777777
1 0.773125 0.8255555555555556 0.21125 0.31777777777777777
1 0.71625 0.30777777777777776 0.065 0.13111111111111112
1 0.39125 0.4088888888888889 0.11 0.17777777777777778
1 0.679375 0.24222222222222223 0.05875 0.13777777777777778
1 0.219375 0.5577777777777778 0.12125 0.19111111111111112
2 0.69125 0.5433333333333333 0.1225 0.20666666666666667
