1 0.846875 0.25333333333333335 0.06875 0.12444444444444444
1 0.97625 0.3088888888888889 0.045 0.13333333333333333
1 0.674375 0.23222222222222222 0.05625 0.10444444444444445
1 0.1725 0.7766666666666666 0.1675 0.34444444444444444
1 0.070625 0.2544444444444444 0.05875 0.11777777777777777
1 0.223125 0.55 0.11625 0.1711111111111111
1 0.03875 0.30777777777777776 0.07 0.1
1 0.2775 0.42333333333333334 0.0975 0.14444444444444443
2 0.151875 0.24222222222222223 0.05125 0.10222222222222223
1 0.313125 0.30777777777777776 0.09375 0.15777777777777777
1 0.70625 0.31555555555555553 0.0675 0.1288888888888889
1 0.909375 0.3411111111111111 0.08375 0.11777777777777777
1 0.365625 0.5388888888888889 0.11125 0.20666666666666667
1 0.394375 0.42777777777777776 0.09125 0.13111111111111112
1 0.91875 0.7522222222222222 0.1475 0.2511111111111111
0 0.343125 0.25666666666666665 0.07875 0.08666666666666667
1 0.823125 0.5588888888888889 0.13125 0.1622222222222222
1 0.75875 0.4 0.1 0.17333333333333334
1 0.6525 0.3988888888888889 0.1075 0.1622222222222222
1 0.338125 0.7588888888888888 0.16375 0.34
1 0.626875 0.29888888888888887 0.07875 0.14888888888888888
2 0.12625 0.31222222222222223 0.09 0.15333333333333332
1 0.934375 0.24888888888888888 0.06875 0.10666666666666667
1 0.0425 0.4 0.08 0.18222222222222223
1 0.4325 0.25 0.075 0.10888888888888888
1 0.5925 0.2544444444444444 0.0725 0.11777777777777777
1 0.41 0.3188888888888889 0.095 0.14
