2 0.0875 0.2477777777777778 0.0425 0.11777777777777777
3 0.226875 0.5555555555555556 0.12625 0.15555555555555556
3 0.368125 0.56 0.12375 0.17777777777777778
2 0.93375 0.23777777777777778 0.0575 0.11555555555555555
1 0.335 0.78 0.175 0.3511111111111111
2 0.671875 0.23222222222222222 0.05375 0.10888888888888888
2 0.32375 0.30777777777777776 0.085 0.1622222222222222
2 0.589375 0.2411111111111111 0.06625 0.12222222222222222
1 0.34625 0.24888888888888888 0.0675 0.1111111111111111
3 0.923125 0.7944444444444444 0.14625 0.31333333333333335
2 0.710625 0.5433333333333333 0.10125 0.20222222222222222
2 0.146875 0.2411111111111111 0.05375 0.10444444444444445
2 0.0325 0.4066666666666667 0.065 0.16
2 0.035625 0.31555555555555553 0.06875 0.12444444444444444
3 0.273125 0.42777777777777776 0.12125 0.18
2 0.979375 0.3188888888888889 0.03875 0.12222222222222222
1 0.393125 0.42 0.08375 0.14222222222222222
2 0.4075 0.30333333333333334 0.08 0.15777777777777777
2 0.66 0.3977777777777778 0.08 0.16
5 0.7625 0.3477777777777778 0.0875 0.25555555555555554
2 0.12 0.3111111111111111 0.08 0.14222222222222222
2 0.841875 0.2577777777777778 0.05375 0.12444444444444444
3 0.169375 0.7766666666666666 0.16375 0.3488888888888889
2 0.620625 0.30666666666666664 0.08125 0.1511111111111111
2 0.703125 0.31444444444444447 0.05875 0.13555555555555557
2 0.75875 0.8111111111111111 0.1625 0.29777777777777775
3 0.82125 0.5622222222222222 0.105 0.2
2 0.923125 0.3211111111111111 0.07125 0.14888888888888888
2 0.44 0.2388888888888889 0.0625 0.13111111111111112
