2 0.375 0.5655555555555556 0.1225 0.18888888888888888
2 0.0825 0.25222222222222224 0.0475 0.11333333333333333
2 0.69625 0.5488888888888889 0.1275 0.20444444444444446
3 0.756875 0.7544444444444445 0.13125 0.2822222222222222
2 0.181875 0.7544444444444445 0.13375 0.2822222222222222
2 0.43625 0.2388888888888889 0.07 0.14
2 0.586875 0.2388888888888889 0.06375 0.13111111111111112
2 0.404375 0.31555555555555553 0.07625 0.1288888888888889
2 0.705625 0.31222222222222223 0.06375 0.13555555555555557
2 0.394375 0.42 0.09125 0.15555555555555556
2 0.931875 0.23777777777777778 0.05625 0.12
2 0.320625 0.30666666666666664 0.07375 0.14666666666666667
2 0.7575 0.39555555555555555 0.1 0.1688888888888889
2 0.655625 0.39555555555555555 0.08875 0.16444444444444445
2 0.33625 0.7744444444444445 0.16 0.36666666666666664
2 0.351875 0.24666666666666667 0.06125 0.12
2 0.850625 0.25555555555555554 0.07375 0.12444444444444444
2 0.124375 0.31333333333333335 0.06625 0.14666666666666667
2 0.80875 0.5566666666666666 0.0875 0.18
3 0.2725 0.41 0.1075 0.18444444444444444
2 0.14625 0.23777777777777778 0.055 0.09777777777777778
2 0.918125 0.3244444444444444 0.07375 0.1511111111111111
2 0.67 0.23333333333333334 0.0525 0.11555555555555555
1 0.230625 0.5533333333333333 0.12125 0.17333333333333334
2 0.62 0.3055555555555556 0.08 0.15333333333333332
2 0.034375 0.32666666666666666 0.06375 0.18666666666666668
3 0.92 0.7611111111111111 0.1375 0.22444444444444445
