0 0.341875 0.2644444444444444 0.07875 0.08
0 0.704375 0.5933333333333334 0.13375 0.13777777777777778
0 0.71375 0.3322222222222222 0.09 0.09111111111111111
0 0.6875 0.25555555555555554 0.0825 0.07555555555555556
0 0.12875 0.32666666666666666 0.09 0.1111111111111111
0 0.43125 0.25222222222222224 0.0775 0.10444444444444445
0 0.201875 0.5811111111111111 0.12125 0.15777777777777777
0 0.850625 0.2688888888888889 0.07625 0.10222222222222223
0 0.75125 0.8133333333333334 0.1675 0.17777777777777778
0 0.03125 0.33555555555555555 0.0625 0.09333333333333334
0 0.65875 0.4266666666666667 0.1075 0.11555555555555555
0 0.764375 0.43666666666666665 0.09375 0.10888888888888888
0 0.62125 0.3277777777777778 0.095 0.10444444444444445
0 0.150625 0.8488888888888889 0.18375 0.2
0 0.055 0.2733333333333333 0.0775 0.08
0 0.924375 0.7933333333333333 0.14375 0.2577777777777778
0 0.3925 0.45 0.1225 0.10888888888888888
1 0.138125 0.24888888888888888 0.06625 0.10222222222222223
0 0.314375 0.3433333333333333 0.08625 0.09555555555555556
0 0.59375 0.2544444444444444 0.0825 0.10444444444444445
0 0.33625 0.8011111111111111 0.1825 0.22444444444444445
0 0.27 0.4266666666666667 0.11 0.14666666666666667
0 0.040625 0.43222222222222223 0.08125 0.11777777777777777
0 0.36875 0.5711111111111111 0.1225 0.17333333333333334
0 0.931875 0.2633333333333333 0.06875 0.07777777777777778
0 0.93 0.3466666666666667 0.105 0.09777777777777778
0 0.411875 0.33444444444444443 0.10625 0.09111111111111111
