1 0.2743055555555556 0.4962871287128713 0.07916666666666666 0.12128712871287128
2 0.4215277777777778 0.6967821782178217 0.09027777777777778 0.17574257425742573
2 0.1125 0.5866336633663366 0.06944444444444445 0.12376237623762376
2 0.5416666666666666 0.5037128712871287 0.058333333333333334 0.09653465346534654
2 0.8243055555555555 0.5841584158415841 0.06805555555555555 0.12871287128712872
2 0.21597222222222223 0.5717821782178217 0.06805555555555555 0.15346534653465346
2 0.45694444444444443 0.5 0.05277777777777778 0.09900990099009901
2 0.6604166666666667 0.4381188118811881 0.04583333333333333 0.10396039603960396
2 0.7395833333333334 0.4368811881188119 0.04861111111111111 0.10148514851485149
2 0.5319444444444444 0.43564356435643564 0.05277777777777778 0.09900990099009901
2 0.73125 0.573019801980198 0.07361111111111111 0.1707920792079208
2 0.16111111111111112 0.6782178217821783 0.06944444444444445 0.15346534653465346
2 0.7826388888888889 0.7054455445544554 0.08472222222222223 0.17326732673267325
2 0.8868055555555555 0.6844059405940595 0.06527777777777778 0.18564356435643564
2 0.3138888888888889 0.42326732673267325 0.05 0.10396039603960396
2 0.6826388888888889 0.49133663366336633 0.0625 0.11633663366336634
2 0.24097222222222223 0.42326732673267325 0.04861111111111111 0.09405940594059406
2 0.5368055555555555 0.6893564356435643 0.09027777777777778 0.2004950495049505
2 0.18541666666666667 0.5 0.059722222222222225 0.10891089108910891
2 0.46319444444444446 0.4368811881188119 0.05416666666666667 0.09653465346534654
2 0.4354166666666667 0.5829207920792079 0.09583333333333334 0.14108910891089108
2 0.7722222222222223 0.49876237623762376 0.05 0.11138613861386139
2 0.5298611111111111 0.5705445544554455 0.07083333333333333 0.15099009900990099
