6 0.4875 0.48514851485148514 0.17222222222222222 0.1485148514851485
6 0.4798611111111111 0.6027227722772277 0.23194444444444445 0.20544554455445543
6 0.2388888888888889 0.3935643564356436 0.13333333333333333 0.12376237623762376
1 0.5256944444444445 0.3415841584158416 0.0625 0.09900990099009901
6 0.27708333333333335 0.32425742574257427 0.12638888888888888 0.10396039603960396
1 0.8236111111111111 0.4900990099009901 0.09722222222222222 0.14356435643564355
6 0.7243055555555555 0.39603960396039606 0.14305555555555555 0.11386138613861387
7 0.1986111111111111 0.5853960396039604 0.21388888888888888 0.34405940594059403
6 0.4951388888888889 0.39851485148514854 0.13194444444444445 0.12376237623762376
2 0.5430555555555555 0.6051980198019802 0.11388888888888889 0.1905940594059406
6 0.5069444444444444 0.33663366336633666 0.10555555555555556 0.10396039603960396
6 0.8361111111111111 0.6076732673267327 0.175 0.17574257425742573
1 0.7333333333333333 0.3316831683168317 0.058333333333333334 0.09900990099009901
1 0.6666666666666666 0.33910891089108913 0.05 0.09900990099009901
1 0.5319444444444444 0.4876237623762376 0.08055555555555556 0.13366336633663367
1 0.46458333333333335 0.39851485148514854 0.05694444444444444 0.1188118811881188
1 0.5291666666666667 0.40222772277227725 0.06666666666666667 0.10148514851485149
