2 0.15555555555555556 0.6831683168316832 0.075 0.15841584158415842
2 0.8909722222222223 0.6992574257425742 0.0625 0.16584158415841585
5 0.5951388888888889 0.6522277227722773 0.08194444444444444 0.27970297029702973
2 0.27361111111111114 0.5037128712871287 0.05277777777777778 0.10643564356435643
2 0.11597222222222223 0.5792079207920792 0.0763888888888889 0.12871287128712872
2 0.19722222222222222 0.49133663366336633 0.06666666666666667 0.10148514851485149
2 0.7347222222222223 0.573019801980198 0.07222222222222222 0.17574257425742573
2 0.5395833333333333 0.5061881188118812 0.0625 0.08168316831683169
2 0.3145833333333333 0.42574257425742573 0.04583333333333333 0.10891089108910891
2 0.5340277777777778 0.43316831683168316 0.05416666666666667 0.09405940594059406
2 0.7770833333333333 0.49133663366336633 0.05694444444444444 0.11633663366336634
2 0.2152777777777778 0.5779702970297029 0.06944444444444445 0.13613861386138615
2 0.24166666666666667 0.4306930693069307 0.04722222222222222 0.09405940594059406
2 0.42291666666666666 0.7042079207920792 0.09305555555555556 0.1806930693069307
2 0.5333333333333333 0.5742574257425742 0.06666666666666667 0.1485148514851485
2 0.4618055555555556 0.4430693069306931 0.07361111111111111 0.09405940594059406
2 0.8263888888888888 0.5816831683168316 0.08333333333333333 0.12871287128712872
2 0.6875 0.49876237623762376 0.06388888888888888 0.11633663366336634
2 0.7340277777777777 0.4405940594059406 0.05416666666666667 0.09405940594059406
2 0.6638888888888889 0.4405940594059406 0.04722222222222222 0.09405940594059406
2 0.7895833333333333 0.7116336633663366 0.09305555555555556 0.15594059405940594
2 0.45555555555555555 0.4962871287128713 0.05555555555555555 0.12128712871287128
2 0.43472222222222223 0.5804455445544554 0.075 0.12128712871287128
