2 0.23958333333333334 0.32673267326732675 0.05416666666666667 0.08415841584158416
1 0.5416666666666666 0.400990099009901 0.07222222222222222 0.09900990099009901
2 0.6875 0.3997524752475248 0.058333333333333334 0.11633663366336634
1 0.4576388888888889 0.33910891089108913 0.0763888888888889 0.10396039603960396
3 0.4215277777777778 0.49504950495049505 0.09583333333333334 0.12376237623762376
0 0.8791666666666667 0.6225247524752475 0.08055555555555556 0.11633663366336634
3 0.5423611111111111 0.3997524752475248 0.07083333333333333 0.10148514851485149
2 0.6625 0.34405940594059403 0.044444444444444446 0.09405940594059406
2 0.21180555555555555 0.4801980198019802 0.06527777777777778 0.1485148514851485
1 0.12430555555555556 0.4814356435643564 0.0625 0.12623762376237624
3 0.19444444444444445 0.40470297029702973 0.09166666666666666 0.09653465346534654
2 0.5486111111111112 0.5965346534653465 0.10277777777777777 0.2079207920792079
0 0.8291666666666667 0.4938118811881188 0.08333333333333333 0.11633663366336634
3 0.7375 0.48267326732673266 0.075 0.16831683168316833
3 0.40625 0.6002475247524752 0.08194444444444444 0.16584158415841585
3 0.5284722222222222 0.47648514851485146 0.07361111111111111 0.12623762376237624
2 0.7777777777777778 0.6089108910891089 0.11666666666666667 0.1782178217821782
5 0.3159722222222222 0.3613861386138614 0.0625 0.17326732673267325
2 0.7381944444444445 0.34282178217821785 0.04861111111111111 0.09158415841584158
0 0.45069444444444445 0.40717821782178215 0.07083333333333333 0.08663366336633663
2 0.5340277777777778 0.3378712871287129 0.05138888888888889 0.09653465346534654
