2 0.15416666666666667 0.6794554455445545 0.10833333333333334 0.15594059405940594
2 0.5451388888888888 0.7017326732673267 0.08194444444444444 0.2103960396039604
2 0.7743055555555556 0.6955445544554455 0.08194444444444444 0.17326732673267325
2 0.5402777777777777 0.5037128712871287 0.05555555555555555 0.09653465346534654
2 0.19375 0.49257425742574257 0.059722222222222225 0.11386138613861387
2 0.7409722222222223 0.4430693069306931 0.043055555555555555 0.09900990099009901
2 0.22083333333333333 0.5754950495049505 0.06666666666666667 0.14108910891089108
2 0.2763888888888889 0.49504950495049505 0.05555555555555555 0.1188118811881188
2 0.24027777777777778 0.4245049504950495 0.05 0.09158415841584158
2 0.31319444444444444 0.4207920792079208 0.04861111111111111 0.10891089108910891
2 0.7722222222222223 0.49257425742574257 0.05277777777777778 0.11386138613861387
2 0.11180555555555556 0.5779702970297029 0.06805555555555555 0.14603960396039603
2 0.6611111111111111 0.4381188118811881 0.044444444444444446 0.10396039603960396
2 0.53125 0.5742574257425742 0.07083333333333333 0.13861386138613863
2 0.4201388888888889 0.7042079207920792 0.09027777777777778 0.1707920792079208
2 0.4527777777777778 0.504950495049505 0.058333333333333334 0.09900990099009901
2 0.8854166666666666 0.6918316831683168 0.06527777777777778 0.1707920792079208
2 0.7277777777777777 0.5705445544554455 0.06944444444444445 0.1608910891089109
2 0.5340277777777778 0.4381188118811881 0.05416666666666667 0.09900990099009901
2 0.4354166666666667 0.5866336633663366 0.08472222222222223 0.13366336633663367
2 0.8270833333333333 0.5829207920792079 0.07083333333333333 0.14108910891089108
2 0.6819444444444445 0.4962871287128713 0.06111111111111111 0.12623762376237624
1 0.4673611111111111 0.44925742574257427 0.05694444444444444 0.07673267326732673
