2 0.24097222222222223 0.42326732673267325 0.04861111111111111 0.0891089108910891
2 0.1111111111111111 0.5829207920792079 0.06944444444444445 0.12623762376237624
2 0.45625 0.5037128712871287 0.05694444444444444 0.10148514851485149
3 0.7395833333333334 0.4405940594059406 0.04583333333333333 0.09405940594059406
3 0.8881944444444444 0.6918316831683168 0.0625 0.1707920792079208
2 0.15833333333333333 0.681930693069307 0.06944444444444445 0.15594059405940594
2 0.5319444444444444 0.4368811881188119 0.05 0.09653465346534654
2 0.5347222222222222 0.5024752475247525 0.05555555555555555 0.09405940594059406
2 0.41944444444444445 0.7029702970297029 0.09444444444444444 0.18316831683168316
3 0.7708333333333334 0.49133663366336633 0.058333333333333334 0.11633663366336634
2 0.21666666666666667 0.5742574257425742 0.06388888888888888 0.1485148514851485
2 0.6819444444444445 0.49876237623762376 0.06388888888888888 0.11138613861386139
3 0.7833333333333333 0.7042079207920792 0.08611111111111111 0.16584158415841585
3 0.8236111111111111 0.5779702970297029 0.06388888888888888 0.1311881188118812
2 0.46319444444444446 0.43935643564356436 0.05416666666666667 0.09653465346534654
2 0.275 0.4938118811881188 0.07777777777777778 0.11633663366336634
2 0.73125 0.5742574257425742 0.07361111111111111 0.16831683168316833
2 0.6604166666666667 0.4405940594059406 0.04583333333333333 0.09405940594059406
2 0.18888888888888888 0.4938118811881188 0.06666666666666667 0.11633663366336634
2 0.5298611111111111 0.568069306930693 0.07361111111111111 0.15099009900990099
2 0.31319444444444444 0.4207920792079208 0.04861111111111111 0.09900990099009901
3 0.4354166666666667 0.5829207920792079 0.07916666666666666 0.1311881188118812
2 0.5451388888888888 0.698019801980198 0.09027777777777778 0.21782178217821782
