7 0.2 0.5866336633663366 0.20555555555555555 0.3613861386138614
6 0.7361111111111112 0.42326732673267325 0.1388888888888889 0.10891089108910891
6 0.8423611111111111 0.6113861386138614 0.16527777777777777 0.1782178217821782
6 0.4951388888888889 0.48886138613861385 0.17083333333333334 0.14603960396039603
1 0.8263888888888888 0.49257425742574257 0.09166666666666666 0.13861386138613863
6 0.26875 0.3254950495049505 0.11805555555555555 0.10148514851485149
1 0.7333333333333333 0.48267326732673266 0.07222222222222222 0.16831683168316833
6 0.48819444444444443 0.6101485148514851 0.2263888888888889 0.2004950495049505
6 0.49583333333333335 0.39232673267326734 0.125 0.11633663366336634
6 0.25277777777777777 0.4084158415841584 0.10555555555555556 0.1188118811881188
6 0.5083333333333333 0.3415841584158416 0.10833333333333334 0.09900990099009901
