2 0.5034722222222222 0.31064356435643564 0.04583333333333333 0.09158415841584158
2 0.3 0.3688118811881188 0.05555555555555555 0.1188118811881188
3 0.18680555555555556 0.5655940594059405 0.09305555555555556 0.19554455445544555
2 0.46944444444444444 0.46163366336633666 0.08888888888888889 0.12623762376237624
2 0.8118055555555556 0.5829207920792079 0.0875 0.1707920792079208
2 0.7638888888888888 0.4566831683168317 0.07222222222222222 0.1608910891089109
2 0.6972222222222222 0.31683168316831684 0.04722222222222222 0.09405940594059406
3 0.5611111111111111 0.43935643564356436 0.06944444444444445 0.15099009900990099
5 0.46458333333333335 0.34282178217821785 0.07916666666666666 0.1806930693069307
2 0.21666666666666667 0.35396039603960394 0.05277777777777778 0.12376237623762376
2 0.25416666666666665 0.4467821782178218 0.06666666666666667 0.14108910891089108
2 0.7180555555555556 0.375 0.06388888888888888 0.12128712871287128
2 0.28125 0.29455445544554454 0.059722222222222225 0.0891089108910891
2 0.7736111111111111 0.31435643564356436 0.05 0.09900990099009901
2 0.8583333333333333 0.4665841584158416 0.06111111111111111 0.1311881188118812
2 0.3472222222222222 0.29207920792079206 0.05 0.10396039603960396
2 0.15 0.4443069306930693 0.06666666666666667 0.1311881188118812
2 0.5701388888888889 0.31064356435643564 0.05416666666666667 0.09653465346534654
2 0.45416666666666666 0.568069306930693 0.08888888888888889 0.1707920792079208
2 0.8076388888888889 0.3811881188118812 0.05138888888888889 0.10396039603960396
2 0.5826388888888889 0.5717821782178217 0.09583333333333334 0.18811881188118812
