2 0.6833333333333333 0.49504950495049505 0.06111111111111111 0.1188118811881188
2 0.4201388888888889 0.7029702970297029 0.0875 0.17326732673267325
2 0.31319444444444444 0.42574257425742573 0.05138888888888889 0.09900990099009901
2 0.8291666666666667 0.5804455445544554 0.06666666666666667 0.13613861386138615
2 0.4576388888888889 0.5 0.05138888888888889 0.11386138613861387
2 0.5326388888888889 0.4381188118811881 0.05138888888888889 0.09900990099009901
2 0.2708333333333333 0.5 0.05555555555555555 0.09900990099009901
2 0.4354166666666667 0.5841584158415841 0.08194444444444444 0.13366336633663367
1 0.76875 0.49133663366336633 0.059722222222222225 0.11138613861386139
2 0.5319444444444444 0.5754950495049505 0.07222222222222222 0.14108910891089108
2 0.24027777777777778 0.4245049504950495 0.05 0.08663366336633663
2 0.7291666666666666 0.5717821782178217 0.06944444444444445 0.16336633663366337
2 0.7409722222222223 0.4430693069306931 0.04583333333333333 0.09405940594059406
2 0.5465277777777777 0.7054455445544554 0.08472222222222223 0.18811881188118812
2 0.11180555555555556 0.5792079207920792 0.07083333333333333 0.12871287128712872
2 0.78125 0.6992574257425742 0.08472222222222223 0.1707920792079208
2 0.19166666666666668 0.5024752475247525 0.05555555555555555 0.10891089108910891
2 0.16041666666666668 0.6831683168316832 0.06805555555555555 0.15841584158415842
2 0.5409722222222222 0.5037128712871287 0.05694444444444444 0.09653465346534654
2 0.6611111111111111 0.4405940594059406 0.044444444444444446 0.09900990099009901
2 0.4673611111111111 0.44183168316831684 0.05138888888888889 0.08663366336633663
2 0.21944444444444444 0.5767326732673267 0.06388888888888888 0.14356435643564355
