2 0.7833333333333333 0.7017326732673267 0.08888888888888889 0.1707920792079208
2 0.27569444444444446 0.4975247524752475 0.05694444444444444 0.12376237623762376
2 0.5381944444444444 0.5024752475247525 0.05694444444444444 0.09405940594059406
2 0.24027777777777778 0.422029702970297 0.05 0.09158415841584158
4 0.41597222222222224 0.7079207920792079 0.09305555555555556 0.17326732673267325
2 0.7381944444444445 0.4344059405940594 0.05138888888888889 0.10148514851485149
2 0.6833333333333333 0.4962871287128713 0.06666666666666667 0.11633663366336634
2 0.18958333333333333 0.5 0.05694444444444444 0.11386138613861387
2 0.4375 0.5816831683168316 0.06944444444444445 0.12871287128712872
4 0.7708333333333334 0.49257425742574257 0.05277777777777778 0.1188118811881188
2 0.4576388888888889 0.5024752475247525 0.05416666666666667 0.09900990099009901
2 0.6631944444444444 0.44183168316831684 0.04861111111111111 0.09653465346534654
2 0.5326388888888889 0.4344059405940594 0.05138888888888889 0.09653465346534654
2 0.8256944444444444 0.5829207920792079 0.059722222222222225 0.1311881188118812
2 0.31527777777777777 0.41955445544554454 0.05 0.10148514851485149
2 0.5305555555555556 0.5693069306930693 0.06944444444444445 0.1485148514851485
2 0.21319444444444444 0.5779702970297029 0.07361111111111111 0.15099009900990099
2 0.7319444444444444 0.573019801980198 0.07222222222222222 0.16584158415841585
2 0.1597222222222222 0.6856435643564357 0.07222222222222222 0.1485148514851485
2 0.5451388888888888 0.6918316831683168 0.09027777777777778 0.2103960396039604
1 0.4625 0.44925742574257427 0.05 0.07673267326732673
1 0.11180555555555556 0.5853960396039604 0.06805555555555555 0.11633663366336634
