0 0.03625 0.43444444444444447 0.0725 0.10888888888888888
0 0.03125 0.3388888888888889 0.0625 0.08666666666666667
0 0.36625 0.5633333333333334 0.1425 0.19777777777777777
0 0.9325 0.26666666666666666 0.0725 0.08444444444444445
0 0.3975 0.4533333333333333 0.1125 0.12
0 0.83625 0.5622222222222222 0.125 0.19111111111111112
0 0.13125 0.32555555555555554 0.0925 0.11777777777777777
0 0.34125 0.26555555555555554 0.08 0.08222222222222222
0 0.075 0.2688888888888889 0.0675 0.08444444444444445
0 0.31 0.34444444444444444 0.095 0.10666666666666667
0 0.8525 0.26666666666666666 0.0775 0.10666666666666667
0 0.659375 0.4288888888888889 0.11375 0.12444444444444444
0 0.32125 0.8266666666666667 0.165 0.18222222222222223
0 0.688125 0.26 0.08625 0.08444444444444445
0 0.696875 0.59 0.13125 0.14444444444444443
0 0.2 0.5866666666666667 0.125 0.14666666666666667
0 0.771875 0.43222222222222223 0.08875 0.10888888888888888
0 0.43 0.2588888888888889 0.08 0.07777777777777778
0 0.719375 0.33 0.09125 0.09111111111111111
0 0.59625 0.25666666666666665 0.0825 0.1
0 0.41125 0.33555555555555555 0.1025 0.09333333333333334
0 0.768125 0.7655555555555555 0.16875 0.3
0 0.1475 0.8511111111111112 0.1825 0.19555555555555557
0 0.9275 0.3466666666666667 0.0975 0.09777777777777778
0 0.2725 0.42777777777777776 0.1125 0.13555555555555557
0 0.13875 0.25333333333333335 0.0625 0.07111111111111111
0 0.625625 0.33444444444444443 0.09375 0.1
