2 0.2326388888888889 0.3626237623762376 0.0625 0.10643564356435643
2 0.45069444444444445 0.573019801980198 0.09305555555555556 0.18564356435643564
3 0.5701388888888889 0.5792079207920792 0.10694444444444444 0.1782178217821782
2 0.8618055555555556 0.4715346534653465 0.07083333333333333 0.12128712871287128
2 0.5680555555555555 0.3131188118811881 0.05277777777777778 0.09653465346534654
2 0.7652777777777777 0.452970297029703 0.07222222222222222 0.16336633663366337
2 0.25416666666666665 0.45173267326732675 0.06944444444444445 0.13613861386138615
2 0.3125 0.3774752475247525 0.058333333333333334 0.10148514851485149
3 0.4951388888888889 0.3180693069306931 0.06527777777777778 0.09653465346534654
5 0.7041666666666667 0.28836633663366334 0.06388888888888888 0.15594059405940594
1 0.8076388888888889 0.38242574257425743 0.05694444444444444 0.10148514851485149
3 0.49166666666666664 0.3725247524752475 0.05277777777777778 0.09653465346534654
2 0.8069444444444445 0.5853960396039604 0.1 0.1707920792079208
3 0.46875 0.45792079207920794 0.07361111111111111 0.12376237623762376
2 0.34375 0.29455445544554454 0.0625 0.10396039603960396
2 0.1486111111111111 0.452970297029703 0.08333333333333333 0.1188118811881188
2 0.18333333333333332 0.5594059405940595 0.1111111111111111 0.15841584158415842
2 0.2763888888888889 0.297029702970297 0.05 0.08415841584158416
2 0.7194444444444444 0.3712871287128713 0.06388888888888888 0.12871287128712872
2 0.7763888888888889 0.3155940594059406 0.04722222222222222 0.09653465346534654
