2 0.3145833333333333 0.42326732673267325 0.04861111111111111 0.09900990099009901
2 0.15902777777777777 0.6806930693069307 0.06805555555555555 0.15346534653465346
2 0.45625 0.49876237623762376 0.059722222222222225 0.11138613861386139
2 0.7798611111111111 0.6992574257425742 0.08472222222222223 0.16584158415841585
2 0.2763888888888889 0.5012376237623762 0.05555555555555555 0.10643564356435643
2 0.5319444444444444 0.5717821782178217 0.07222222222222222 0.14356435643564355
2 0.19027777777777777 0.5 0.06111111111111111 0.10891089108910891
2 0.41805555555555557 0.7042079207920792 0.08611111111111111 0.1707920792079208
2 0.7270833333333333 0.573019801980198 0.07083333333333333 0.1608910891089109
2 0.4625 0.45792079207920794 0.05 0.1188118811881188
2 0.11388888888888889 0.5829207920792079 0.07222222222222222 0.11633663366336634
2 0.7395833333333334 0.4430693069306931 0.04583333333333333 0.09900990099009901
2 0.6833333333333333 0.49876237623762376 0.06111111111111111 0.12128712871287128
2 0.5493055555555556 0.693069306930693 0.0875 0.18316831683168316
3 0.8298611111111112 0.5804455445544554 0.0625 0.13613861386138615
2 0.22083333333333333 0.573019801980198 0.06388888888888888 0.14603960396039603
2 0.8847222222222222 0.693069306930693 0.06666666666666667 0.16831683168316833
2 0.7680555555555556 0.4975247524752475 0.05 0.09900990099009901
5 0.5055555555555555 0.46163366336633666 0.044444444444444446 0.15099009900990099
2 0.6604166666666667 0.4430693069306931 0.04583333333333333 0.09405940594059406
2 0.24027777777777778 0.4245049504950495 0.04722222222222222 0.09158415841584158
2 0.43680555555555556 0.5866336633663366 0.06805555555555555 0.1188118811881188
