2 0.3145833333333333 0.4207920792079208 0.04861111111111111 0.10396039603960396
1 0.46458333333333335 0.4467821782178218 0.05416666666666667 0.08168316831683169
2 0.5305555555555556 0.5705445544554455 0.06944444444444445 0.15099009900990099
4 0.8854166666666666 0.6881188118811881 0.07083333333333333 0.17326732673267325
2 0.21319444444444444 0.5779702970297029 0.06805555555555555 0.14603960396039603
2 0.7743055555555556 0.5012376237623762 0.05138888888888889 0.10643564356435643
2 0.6833333333333333 0.4900990099009901 0.06111111111111111 0.1188118811881188
2 0.5375 0.6967821782178217 0.09444444444444444 0.19554455445544555
2 0.1597222222222222 0.6831683168316832 0.07222222222222222 0.1485148514851485
2 0.41597222222222224 0.7079207920792079 0.09027777777777778 0.1782178217821782
2 0.11527777777777778 0.5878712871287128 0.06944444444444445 0.12128712871287128
2 0.8229166666666666 0.5841584158415841 0.0625 0.14356435643564355
5 0.7159722222222222 0.6621287128712872 0.08472222222222223 0.2747524752475248
2 0.6645833333333333 0.4381188118811881 0.05138888888888889 0.09900990099009901
2 0.43819444444444444 0.5792079207920792 0.06805555555555555 0.12871287128712872
2 0.275 0.4962871287128713 0.05555555555555555 0.12623762376237624
2 0.7361111111111112 0.44183168316831684 0.05 0.09653465346534654
2 0.45625 0.5037128712871287 0.05416666666666667 0.10148514851485149
2 0.24097222222222223 0.42326732673267325 0.04861111111111111 0.09405940594059406
2 0.5326388888888889 0.4344059405940594 0.04861111111111111 0.09653465346534654
2 0.5395833333333333 0.5037128712871287 0.059722222222222225 0.09653465346534654
2 0.18680555555555556 0.49257425742574257 0.0625 0.11386138613861387
