1 0.4097222222222222 0.6039603960396039 0.09166666666666666 0.17326732673267325
1 0.43125 0.48886138613861385 0.09583333333333334 0.14108910891089108
2 0.31319444444444444 0.327970297029703 0.05138888888888889 0.09653465346534654
1 0.46319444444444446 0.34777227722772275 0.0763888888888889 0.10148514851485149
1 0.12013888888888889 0.4839108910891089 0.07916666666666666 0.12128712871287128
2 0.23819444444444443 0.3254950495049505 0.04861111111111111 0.08168316831683169
2 0.6618055555555555 0.34529702970297027 0.04583333333333333 0.09158415841584158
2 0.6909722222222222 0.3997524752475248 0.07361111111111111 0.12623762376237624
2 0.5333333333333333 0.3378712871287129 0.058333333333333334 0.09158415841584158
3 0.5451388888888888 0.6039603960396039 0.10694444444444444 0.19306930693069307
2 0.7423611111111111 0.48514851485148514 0.08472222222222223 0.14356435643564355
0 0.4548611111111111 0.4084158415841584 0.08194444444444444 0.09405940594059406
1 0.15347222222222223 0.599009900990099 0.10138888888888889 0.19306930693069307
2 0.5395833333333333 0.40470297029702973 0.07361111111111111 0.09653465346534654
3 0.7659722222222223 0.6188118811881188 0.09305555555555556 0.19306930693069307
3 0.5277777777777778 0.47648514851485146 0.075 0.15099009900990099
1 0.8819444444444444 0.6027227722772277 0.07777777777777778 0.17574257425742573
2 0.7388888888888889 0.3415841584158416 0.05 0.09405940594059406
1 0.7722222222222223 0.3997524752475248 0.06111111111111111 0.11138613861386139
5 0.2701388888888889 0.4430693069306931 0.0875 0.21782178217821782
2 0.8284722222222223 0.49504950495049505 0.0875 0.12871287128712872
2 0.1909722222222222 0.4084158415841584 0.0875 0.10891089108910891
