2 0.5645833333333333 0.4504950495049505 0.10416666666666667 0.15346534653465346
2 0.31319444444444444 0.3688118811881188 0.05138888888888889 0.10891089108910891
2 0.5694444444444444 0.3118811881188119 0.05277777777777778 0.09900990099009901
2 0.1909722222222222 0.551980198019802 0.09305555555555556 0.15346534653465346
2 0.45416666666666666 0.5705445544554455 0.08888888888888889 0.16584158415841585
2 0.7194444444444444 0.3712871287128713 0.06111111111111111 0.12376237623762376
1 0.8006944444444445 0.37376237623762376 0.05416666666666667 0.1188118811881188
5 0.15625 0.41955445544554454 0.07361111111111111 0.2103960396039604
2 0.7743055555555556 0.31435643564356436 0.04861111111111111 0.10396039603960396
2 0.275 0.297029702970297 0.05 0.09405940594059406
2 0.46875 0.45544554455445546 0.07916666666666666 0.12871287128712872
2 0.7645833333333333 0.45544554455445546 0.0763888888888889 0.15841584158415842
2 0.5736111111111111 0.37623762376237624 0.05555555555555555 0.10396039603960396
1 0.49166666666666664 0.3217821782178218 0.06388888888888888 0.09900990099009901
2 0.6958333333333333 0.3155940594059406 0.05277777777777778 0.09653465346534654
2 0.3458333333333333 0.29455445544554454 0.04722222222222222 0.10396039603960396
2 0.22291666666666668 0.36386138613861385 0.05694444444444444 0.11386138613861387
2 0.10069444444444445 0.5383663366336634 0.04861111111111111 0.1608910891089109
2 0.8604166666666667 0.46905940594059403 0.06527777777777778 0.12128712871287128
2 0.5833333333333334 0.568069306930693 0.08888888888888889 0.2103960396039604
3 0.25625 0.4381188118811881 0.07083333333333333 0.1485148514851485
3 0.8083333333333333 0.5829207920792079 0.08611111111111111 0.1707920792079208
2 0.4888888888888889 0.3787128712871287 0.05277777777777778 0.09900990099009901
