2 0.10069444444444445 0.5358910891089109 0.04583333333333333 0.1608910891089109
2 0.6944444444444444 0.3155940594059406 0.05 0.09653465346534654
2 0.46944444444444444 0.4591584158415842 0.075 0.1311881188118812
2 0.5722222222222222 0.3774752475247525 0.05555555555555555 0.10148514851485149
2 0.3451388888888889 0.29455445544554454 0.04583333333333333 0.09900990099009901
2 0.5645833333333333 0.44925742574257427 0.10416666666666667 0.15594059405940594
2 0.3104166666666667 0.3688118811881188 0.05416666666666667 0.10891089108910891
2 0.7763888888888889 0.31435643564356436 0.05 0.09900990099009901
2 0.275 0.2957920792079208 0.04722222222222222 0.09158415841584158
2 0.4513888888888889 0.568069306930693 0.08888888888888889 0.16584158415841585
2 0.8576388888888888 0.46905940594059403 0.06527777777777778 0.12623762376237624
2 0.58125 0.5705445544554455 0.09305555555555556 0.2004950495049505
2 0.19166666666666668 0.551980198019802 0.09444444444444444 0.15841584158415842
2 0.2534722222222222 0.4405940594059406 0.06527777777777778 0.14356435643564355
2 0.7201388888888889 0.3712871287128713 0.0625 0.12376237623762376
2 0.7652777777777777 0.45792079207920794 0.07777777777777778 0.16336633663366337
5 0.15694444444444444 0.41955445544554454 0.07222222222222222 0.20544554455445543
2 0.8020833333333334 0.37623762376237624 0.05416666666666667 0.10891089108910891
2 0.2152777777777778 0.3650990099009901 0.06666666666666667 0.11633663366336634
2 0.4909722222222222 0.37995049504950495 0.05416666666666667 0.10148514851485149
2 0.56875 0.3131188118811881 0.05416666666666667 0.10148514851485149
2 0.8097222222222222 0.5829207920792079 0.08333333333333333 0.1707920792079208
2 0.4930555555555556 0.32301980198019803 0.06388888888888888 0.10148514851485149
