0 0.4847222222222222 0.3787128712871287 0.07222222222222222 0.0891089108910891
0 0.8083333333333333 0.38985148514851486 0.08333333333333333 0.09158415841584158
0 0.8631944444444445 0.4863861386138614 0.09861111111111111 0.10148514851485149
0 0.18333333333333332 0.5631188118811881 0.10555555555555556 0.14603960396039603
0 0.46041666666666664 0.46782178217821785 0.09861111111111111 0.10396039603960396
0 0.8069444444444445 0.6027227722772277 0.12222222222222222 0.1311881188118812
0 0.31666666666666665 0.38366336633663367 0.08611111111111111 0.0891089108910891
0 0.7180555555555556 0.39851485148514854 0.08055555555555556 0.07920792079207921
0 0.7722222222222223 0.327970297029703 0.06944444444444445 0.08663366336633663
0 0.7659722222222223 0.46534653465346537 0.09305555555555556 0.14356435643564355
0 0.43680555555555556 0.6027227722772277 0.11805555555555555 0.11138613861386139
0 0.7034722222222223 0.33044554455445546 0.07361111111111111 0.08663366336633663
0 0.2423611111111111 0.45792079207920794 0.08194444444444444 0.11386138613861387
0 0.1486111111111111 0.4628712871287129 0.08055555555555556 0.10396039603960396
0 0.49375 0.33292079207920794 0.0763888888888889 0.07673267326732673
0 0.2326388888888889 0.3811881188118812 0.07361111111111111 0.0891089108910891
0 0.5638888888888889 0.3180693069306931 0.06666666666666667 0.09158415841584158
0 0.3458333333333333 0.3069306930693069 0.06666666666666667 0.07920792079207921
0 0.2708333333333333 0.3180693069306931 0.06944444444444445 0.06683168316831684
