2 0.5298611111111111 0.5754950495049505 0.07361111111111111 0.14108910891089108
4 0.8861111111111111 0.693069306930693 0.06944444444444445 0.16336633663366337
2 0.7326388888888888 0.5693069306930693 0.07083333333333333 0.16831683168316833
2 0.18888888888888888 0.5024752475247525 0.05277777777777778 0.10891089108910891
2 0.41875 0.7029702970297029 0.0875 0.17326732673267325
2 0.4576388888888889 0.5012376237623762 0.05416666666666667 0.11138613861386139
2 0.43194444444444446 0.5841584158415841 0.08611111111111111 0.12871287128712872
2 0.6618055555555555 0.4443069306930693 0.04583333333333333 0.09158415841584158
2 0.7805555555555556 0.698019801980198 0.08333333333333333 0.16831683168316833
2 0.6840277777777778 0.49876237623762376 0.06527777777777778 0.12128712871287128
2 0.8298611111111112 0.5816831683168316 0.06527777777777778 0.13861386138613863
2 0.24027777777777778 0.4245049504950495 0.05 0.09158415841584158
2 0.7381944444444445 0.4405940594059406 0.043055555555555555 0.09405940594059406
2 0.11319444444444444 0.5829207920792079 0.06805555555555555 0.12623762376237624
2 0.3145833333333333 0.42574257425742573 0.04861111111111111 0.09900990099009901
2 0.15763888888888888 0.6806930693069307 0.07083333333333333 0.16336633663366337
2 0.7708333333333334 0.5 0.04722222222222222 0.09900990099009901
2 0.5333333333333333 0.43564356435643564 0.05555555555555555 0.09405940594059406
2 0.5416666666666666 0.5012376237623762 0.05555555555555555 0.10148514851485149
2 0.5444444444444444 0.698019801980198 0.10555555555555556 0.2079207920792079
2 0.4638888888888889 0.44183168316831684 0.058333333333333334 0.08663366336633663
2 0.22013888888888888 0.5742574257425742 0.0625 0.1485148514851485
2 0.27569444444444446 0.4962871287128713 0.059722222222222225 0.12128712871287128
