6 0.3333333333333333 0.41955445544554454 0.10555555555555556 0.10148514851485149
1 0.8229166666666666 0.5037128712871287 0.07083333333333333 0.11138613861386139
6 0.5520833333333334 0.6646039603960396 0.1986111111111111 0.2202970297029703
6 0.55625 0.474009900990099 0.14027777777777778 0.15594059405940594
7 0.29305555555555557 0.5841584158415841 0.2 0.31683168316831684
2 0.49722222222222223 0.5903465346534653 0.08611111111111111 0.12623762376237624
1 0.5222222222222223 0.4801980198019802 0.075 0.12376237623762376
6 0.18263888888888888 0.6361386138613861 0.14027777777777778 0.19801980198019803
6 0.7569444444444444 0.4777227722772277 0.1111111111111111 0.15841584158415842
6 0.8354166666666667 0.625 0.16805555555555557 0.1806930693069307
1 0.35138888888888886 0.422029702970297 0.06388888888888888 0.10148514851485149
