2 0.73125 0.5717821782178217 0.07361111111111111 0.16336633663366337
2 0.24097222222222223 0.422029702970297 0.04861111111111111 0.09158415841584158
1 0.5319444444444444 0.4319306930693069 0.05 0.10148514851485149
3 0.7611111111111111 0.7054455445544554 0.12777777777777777 0.15841584158415842
2 0.1909722222222222 0.49133663366336633 0.0625 0.12128712871287128
2 0.5319444444444444 0.4319306930693069 0.05 0.10148514851485149
2 0.6611111111111111 0.4368811881188119 0.04722222222222222 0.10148514851485149
2 0.2743055555555556 0.49504950495049505 0.05694444444444444 0.12376237623762376
2 0.21458333333333332 0.573019801980198 0.07083333333333333 0.14603960396039603
4 0.7722222222222223 0.49257425742574257 0.05555555555555555 0.1188118811881188
2 0.4375 0.5816831683168316 0.07222222222222222 0.12871287128712872
2 0.15833333333333333 0.6856435643564357 0.075 0.1485148514851485
2 0.4576388888888889 0.5024752475247525 0.05416666666666667 0.09900990099009901
2 0.1125 0.5841584158415841 0.06666666666666667 0.12376237623762376
2 0.5444444444444444 0.6943069306930693 0.09166666666666666 0.2202970297029703
2 0.6819444444444445 0.49504950495049505 0.06666666666666667 0.1188118811881188
1 0.4625 0.45173267326732675 0.05277777777777778 0.07673267326732673
2 0.7368055555555556 0.43316831683168316 0.05138888888888889 0.10396039603960396
2 0.31527777777777777 0.4207920792079208 0.05 0.09900990099009901
2 0.8243055555555555 0.5841584158415841 0.059722222222222225 0.13861386138613863
4 0.41458333333333336 0.7066831683168316 0.09583333333333334 0.17574257425742573
1 0.8243055555555555 0.5816831683168316 0.059722222222222225 0.12871287128712872
2 0.5305555555555556 0.5693069306930693 0.06944444444444445 0.1485148514851485
2 0.5375 0.504950495049505 0.05555555555555555 0.09405940594059406
2 0.7715277777777778 0.4938118811881188 0.05416666666666667 0.11633663366336634
