2 0.5493055555555556 0.5952970297029703 0.10416666666666667 0.20544554455445543
3 0.5305555555555556 0.47896039603960394 0.075 0.12623762376237624
2 0.2388888888888889 0.327970297029703 0.05 0.08663366336633663
1 0.8284722222222223 0.49504950495049505 0.0875 0.11386138613861387
2 0.2125 0.4777227722772277 0.06388888888888888 0.1485148514851485
2 0.7354166666666667 0.4801980198019802 0.07916666666666666 0.16831683168316833
2 0.7770833333333333 0.6150990099009901 0.11805555555555555 0.18564356435643564
1 0.4486111111111111 0.40222772277227725 0.06666666666666667 0.09653465346534654
3 0.5409722222222222 0.400990099009901 0.0763888888888889 0.09900990099009901
0 0.8798611111111111 0.625 0.08194444444444444 0.12128712871287128
3 0.41944444444444445 0.4962871287128713 0.09166666666666666 0.11633663366336634
1 0.45902777777777776 0.34034653465346537 0.0763888888888889 0.10148514851485149
5 0.3194444444444444 0.3626237623762376 0.06666666666666667 0.16584158415841585
2 0.6868055555555556 0.3972772277227723 0.05694444444444444 0.11633663366336634
2 0.7729166666666667 0.39851485148514854 0.05694444444444444 0.11386138613861387
3 0.19722222222222222 0.40965346534653463 0.09444444444444444 0.10148514851485149
3 0.40902777777777777 0.599009900990099 0.0875 0.16831683168316833
1 0.12222222222222222 0.4801980198019802 0.06944444444444445 0.12376237623762376
2 0.5340277777777778 0.34034653465346537 0.05416666666666667 0.09653465346534654
2 0.6625 0.34282178217821785 0.044444444444444446 0.09158415841584158
2 0.7381944444444445 0.3465346534653465 0.05138888888888889 0.09405940594059406
