1 0.85 0.2588888888888889 0.06 0.12222222222222222
0 0.145625 0.8122222222222222 0.17375 0.22
1 0.0325 0.31777777777777777 0.065 0.11555555555555555
1 0.82 0.56 0.1325 0.16444444444444445
1 0.41 0.31333333333333335 0.085 0.14666666666666667
1 0.674375 0.2388888888888889 0.05875 0.09111111111111111
1 0.92875 0.25555555555555554 0.07 0.10222222222222223
1 0.34875 0.2588888888888889 0.0675 0.10888888888888888
0 0.709375 0.31555555555555553 0.07125 0.10666666666666667
5 0.298125 0.6555555555555556 0.19625 0.5022222222222222
1 0.034375 0.4111111111111111 0.06875 0.13333333333333333
0 0.741875 0.8188888888888889 0.15375 0.2866666666666667
1 0.925625 0.32555555555555554 0.08375 0.11333333333333333
2 0.20375 0.5622222222222222 0.1125 0.2
2 0.410625 0.31333333333333335 0.08625 0.15555555555555556
1 0.625 0.3111111111111111 0.09 0.15555555555555556
0 0.070625 0.27111111111111114 0.06125 0.08888888888888889
0 0.384375 0.4411111111111111 0.09125 0.11777777777777777
1 0.43375 0.25222222222222224 0.0775 0.10444444444444445
2 0.703125 0.55 0.10375 0.18
0 0.145 0.2588888888888889 0.0675 0.07333333333333333
2 0.769375 0.40555555555555556 0.09625 0.1711111111111111
1 0.126875 0.31555555555555553 0.09375 0.14222222222222222
1 0.314375 0.31444444444444447 0.09375 0.16666666666666666
1 0.59125 0.24666666666666667 0.0775 0.12
