2 0.7201388888888889 0.37004950495049505 0.06527777777777778 0.1311881188118812
2 0.4965277777777778 0.36386138613861385 0.059722222222222225 0.11386138613861387
2 0.5013888888888889 0.3056930693069307 0.058333333333333334 0.09653465346534654
1 0.7694444444444445 0.3118811881188119 0.05 0.10891089108910891
3 0.7840277777777778 0.5693069306930693 0.0763888888888889 0.18811881188118812
5 0.7131944444444445 0.2871287128712871 0.0625 0.1485148514851485
2 0.85 0.46163366336633666 0.06111111111111111 0.14603960396039603
2 0.4708333333333333 0.45173267326732675 0.08055555555555556 0.14108910891089108
3 0.5708333333333333 0.3032178217821782 0.05277777777777778 0.09653465346534654
2 0.25972222222222224 0.43935643564356436 0.07222222222222222 0.15594059405940594
2 0.1625 0.4504950495049505 0.06111111111111111 0.1188118811881188
2 0.3111111111111111 0.36386138613861385 0.06111111111111111 0.11386138613861387
1 0.8041666666666667 0.37995049504950495 0.05555555555555555 0.10643564356435643
3 0.5659722222222222 0.43316831683168316 0.0625 0.15841584158415842
