2 0.3125 0.41955445544554454 0.05 0.10643564356435643
1 0.4618055555555556 0.43935643564356436 0.06805555555555555 0.08663366336633663
3 0.2152777777777778 0.573019801980198 0.06944444444444445 0.14603960396039603
2 0.7715277777777778 0.4938118811881188 0.05138888888888889 0.11633663366336634
2 0.8256944444444444 0.5816831683168316 0.0625 0.13366336633663367
2 0.24097222222222223 0.422029702970297 0.04861111111111111 0.09158415841584158
2 0.275 0.4938118811881188 0.058333333333333334 0.12128712871287128
5 0.6486111111111111 0.474009900990099 0.06388888888888888 0.1608910891089109
2 0.45694444444444443 0.5 0.05277777777777778 0.10891089108910891
2 0.7861111111111111 0.7004950495049505 0.08333333333333333 0.16831683168316833
2 0.11180555555555556 0.5829207920792079 0.06805555555555555 0.12128712871287128
2 0.15555555555555556 0.681930693069307 0.075 0.15594059405940594
2 0.5381944444444444 0.5 0.05694444444444444 0.09900990099009901
2 0.4361111111111111 0.5792079207920792 0.06388888888888888 0.12871287128712872
2 0.53125 0.4282178217821782 0.04861111111111111 0.09900990099009901
2 0.4236111111111111 0.7054455445544554 0.08888888888888889 0.18316831683168316
2 0.5305555555555556 0.5668316831683168 0.07222222222222222 0.1485148514851485
2 0.7368055555555556 0.43316831683168316 0.05138888888888889 0.09900990099009901
5 0.8756944444444444 0.19925742574257427 0.04027777777777778 0.13613861386138615
1 0.8840277777777777 0.681930693069307 0.06805555555555555 0.1806930693069307
2 0.5520833333333334 0.6967821782178217 0.09861111111111111 0.21534653465346534
2 0.1951388888888889 0.49257425742574257 0.06805555555555555 0.10891089108910891
2 0.7319444444444444 0.5705445544554455 0.07222222222222222 0.16584158415841585
