2 0.7722222222222223 0.3972772277227723 0.05555555555555555 0.11138613861386139
5 0.4444444444444444 0.32425742574257427 0.06111111111111111 0.16336633663366337
3 0.8798611111111111 0.6126237623762376 0.08194444444444444 0.1608910891089109
0 0.4576388888888889 0.41089108910891087 0.07916666666666666 0.08415841584158416
3 0.2076388888888889 0.49133663366336633 0.07083333333333333 0.13613861386138615
2 0.40902777777777777 0.6076732673267327 0.0875 0.16584158415841585
1 0.15347222222222223 0.5977722772277227 0.10416666666666667 0.1806930693069307
2 0.6854166666666667 0.39851485148514854 0.0625 0.1188118811881188
2 0.7388888888888889 0.34529702970297027 0.05 0.09158415841584158
3 0.19652777777777777 0.40717821782178215 0.09027777777777778 0.10643564356435643
3 0.78125 0.6039603960396039 0.11527777777777778 0.16336633663366337
2 0.24097222222222223 0.32673267326732675 0.04861111111111111 0.08415841584158416
2 0.5326388888888889 0.34034653465346537 0.05138888888888889 0.09158415841584158
3 0.5305555555555556 0.46782178217821785 0.075 0.14356435643564355
0 0.11597222222222223 0.4863861386138614 0.0763888888888889 0.12128712871287128
2 0.5472222222222223 0.5952970297029703 0.10555555555555556 0.19554455445544555
1 0.8298611111111112 0.4938118811881188 0.0875 0.12128712871287128
3 0.7354166666666667 0.4752475247524752 0.07361111111111111 0.16831683168316833
2 0.42916666666666664 0.49133663366336633 0.08888888888888889 0.1311881188118812
2 0.31180555555555556 0.327970297029703 0.05138888888888889 0.09158415841584158
2 0.6631944444444444 0.34282178217821785 0.04583333333333333 0.09158415841584158
