0 0.7666666666666667 0.4628712871287129 0.08888888888888889 0.1485148514851485
0 0.4847222222222222 0.37995049504950495 0.06944444444444445 0.08663366336633663
0 0.8055555555555556 0.39851485148514854 0.08333333333333333 0.08415841584158416
0 0.49375 0.3341584158415842 0.0763888888888889 0.07425742574257425
0 0.7159722222222222 0.400990099009901 0.07916666666666666 0.07425742574257425
0 0.14722222222222223 0.4628712871287129 0.08333333333333333 0.10396039603960396
0 0.7722222222222223 0.3292079207920792 0.06944444444444445 0.08415841584158416
3 0.5625 0.39851485148514854 0.07777777777777778 0.11386138613861387
0 0.30694444444444446 0.38242574257425743 0.075 0.08663366336633663
0 0.8090277777777778 0.6014851485148515 0.12638888888888888 0.12376237623762376
0 0.4409722222222222 0.6027227722772277 0.13194444444444445 0.11138613861386139
0 0.56875 0.5779702970297029 0.12361111111111112 0.15099009900990099
0 0.27291666666666664 0.3118811881188119 0.06527777777777778 0.06930693069306931
3 0.46458333333333335 0.45173267326732675 0.10138888888888889 0.14603960396039603
1 0.5618055555555556 0.3069306930693069 0.0625 0.09405940594059406
0 0.8604166666666667 0.4900990099009901 0.09861111111111111 0.0891089108910891
0 0.18472222222222223 0.5693069306930693 0.10833333333333334 0.12871287128712872
0 0.7048611111111112 0.3292079207920792 0.07361111111111111 0.08415841584158416
2 0.5625 0.44183168316831684 0.07777777777777778 0.15594059405940594
0 0.2263888888888889 0.38366336633663367 0.08611111111111111 0.08415841584158416
0 0.34305555555555556 0.3069306930693069 0.06666666666666667 0.08415841584158416
0 0.24166666666666667 0.46410891089108913 0.08611111111111111 0.10643564356435643
