1 0.3104166666666667 0.36633663366336633 0.059722222222222225 0.10891089108910891
2 0.6944444444444444 0.3155940594059406 0.05 0.09653465346534654
2 0.275 0.2957920792079208 0.04722222222222222 0.09158415841584158
2 0.7645833333333333 0.4542079207920792 0.07361111111111111 0.15594059405940594
2 0.4513888888888889 0.568069306930693 0.08888888888888889 0.16584158415841585
2 0.4930555555555556 0.3217821782178218 0.06666666666666667 0.10396039603960396
2 0.7756944444444445 0.31435643564356436 0.04861111111111111 0.09900990099009901
2 0.58125 0.5717821782178217 0.09305555555555556 0.19801980198019803
2 0.8048611111111111 0.375 0.059722222222222225 0.11138613861386139
2 0.19375 0.5482673267326733 0.09583333333333334 0.1608910891089109
2 0.34444444444444444 0.29455445544554454 0.04722222222222222 0.09900990099009901
2 0.10069444444444445 0.5371287128712872 0.04861111111111111 0.15841584158415842
2 0.46875 0.4591584158415842 0.0763888888888889 0.1311881188118812
2 0.5715277777777777 0.3774752475247525 0.05694444444444444 0.10643564356435643
2 0.8104166666666667 0.5829207920792079 0.08472222222222223 0.1707920792079208
2 0.7201388888888889 0.3712871287128713 0.0625 0.12376237623762376
2 0.2152777777777778 0.3650990099009901 0.06388888888888888 0.11633663366336634
2 0.5652777777777778 0.4504950495049505 0.10277777777777777 0.15346534653465346
2 0.8576388888888888 0.46782178217821785 0.0625 0.12871287128712872
5 0.15694444444444444 0.41955445544554454 0.07222222222222222 0.2103960396039604
2 0.4909722222222222 0.37995049504950495 0.05416666666666667 0.10148514851485149
2 0.56875 0.3131188118811881 0.05416666666666667 0.10148514851485149
2 0.2548611111111111 0.43935643564356436 0.06527777777777778 0.15099009900990099
