1 0.3275 0.7688888888888888 0.18 0.28444444444444444
0 0.625 0.33 0.1 0.10444444444444445
0 0.2725 0.42777777777777776 0.115 0.14444444444444443
0 0.035625 0.43333333333333335 0.07125 0.12
0 0.598125 0.25222222222222224 0.08125 0.1
2 0.349375 0.24888888888888888 0.06375 0.10666666666666667
0 0.929375 0.34555555555555556 0.11625 0.10444444444444445
0 0.41125 0.32555555555555554 0.0975 0.11777777777777777
0 0.075 0.27 0.065 0.07777777777777778
0 0.20875 0.5655555555555556 0.1275 0.18888888888888888
1 0.766875 0.78 0.18125 0.30666666666666664
0 0.696875 0.5677777777777778 0.13125 0.18888888888888888
0 0.771875 0.4288888888888889 0.09125 0.1111111111111111
0 0.92125 0.7877777777777778 0.13 0.2777777777777778
2 0.30875 0.31222222222222223 0.09 0.1622222222222222
0 0.131875 0.3277777777777778 0.08875 0.13111111111111112
0 0.37 0.5533333333333333 0.1375 0.2
0 0.69125 0.2544444444444444 0.075 0.08666666666666667
0 0.399375 0.4533333333333333 0.10625 0.12
0 0.935625 0.2644444444444444 0.07625 0.08
0 0.72125 0.33111111111111113 0.0875 0.09333333333333334
0 0.138125 0.25555555555555554 0.06625 0.08
0 0.146875 0.8366666666666667 0.18625 0.2288888888888889
0 0.659375 0.42777777777777776 0.11375 0.12222222222222222
0 0.849375 0.2633333333333333 0.07375 0.11333333333333333
0 0.031875 0.3388888888888889 0.06375 0.08666666666666667
0 0.435625 0.2611111111111111 0.08125 0.08222222222222222
