2 0.5333333333333333 0.43564356435643564 0.05277777777777778 0.09405940594059406
2 0.8291666666666667 0.5816831683168316 0.06666666666666667 0.13366336633663367
2 0.78125 0.698019801980198 0.08472222222222223 0.17326732673267325
2 0.1597222222222222 0.6844059405940595 0.06944444444444445 0.1608910891089109
2 0.4201388888888889 0.7042079207920792 0.0875 0.17574257425742573
2 0.7291666666666666 0.573019801980198 0.06944444444444445 0.16584158415841585
2 0.11319444444444444 0.5804455445544554 0.06805555555555555 0.1311881188118812
2 0.7388888888888889 0.4430693069306931 0.044444444444444446 0.09900990099009901
2 0.6833333333333333 0.49876237623762376 0.06388888888888888 0.12128712871287128
2 0.5402777777777777 0.5024752475247525 0.058333333333333334 0.09900990099009901
2 0.21944444444444444 0.5767326732673267 0.06388888888888888 0.1485148514851485
2 0.19236111111111112 0.5024752475247525 0.05694444444444444 0.10891089108910891
2 0.23958333333333334 0.4245049504950495 0.04861111111111111 0.09158415841584158
1 0.46458333333333335 0.4443069306930693 0.05694444444444444 0.08168316831683169
2 0.6611111111111111 0.4405940594059406 0.044444444444444446 0.09405940594059406
2 0.7722222222222223 0.49257425742574257 0.05 0.12376237623762376
2 0.27569444444444446 0.5 0.05694444444444444 0.11386138613861387
2 0.5458333333333333 0.6992574257425742 0.08333333333333333 0.2004950495049505
2 0.3145833333333333 0.42698019801980197 0.04861111111111111 0.10148514851485149
2 0.4354166666666667 0.5866336633663366 0.08472222222222223 0.13366336633663367
2 0.4576388888888889 0.49876237623762376 0.05138888888888889 0.11138613861386139
2 0.53125 0.573019801980198 0.07083333333333333 0.14108910891089108
