0 0.713125 0.31444444444444447 0.08125 0.12666666666666668
0 0.2775 0.43666666666666665 0.1125 0.15777777777777777
0 0.77 0.43222222222222223 0.0975 0.11333333333333333
0 0.391875 0.41888888888888887 0.10125 0.14444444444444443
0 0.92125 0.3466666666666667 0.095 0.10222222222222223
0 0.136875 0.24888888888888888 0.06375 0.09333333333333334
0 0.921875 0.7844444444444445 0.15125 0.28444444444444444
0 0.139375 0.8544444444444445 0.18125 0.22
0 0.3075 0.3288888888888889 0.095 0.12
0 0.75125 0.8055555555555556 0.145 0.2288888888888889
0 0.41875 0.34444444444444444 0.1075 0.09333333333333334
0 0.8525 0.27555555555555555 0.075 0.08888888888888889
0 0.07375 0.27111111111111114 0.0675 0.08
0 0.68625 0.25555555555555554 0.0825 0.07111111111111111
0 0.13125 0.33 0.0775 0.11333333333333333
0 0.700625 0.5822222222222222 0.13125 0.14666666666666667
0 0.625625 0.33111111111111113 0.10125 0.10222222222222223
0 0.360625 0.5522222222222222 0.13375 0.2111111111111111
0 0.345 0.2633333333333333 0.08 0.07777777777777778
0 0.5925 0.25222222222222224 0.0825 0.11333333333333333
0 0.21 0.5844444444444444 0.135 0.16444444444444445
0 0.83 0.57 0.125 0.18888888888888888
0 0.9325 0.2588888888888889 0.0725 0.08666666666666667
0 0.330625 0.8311111111111111 0.19375 0.19555555555555557
0 0.433125 0.2633333333333333 0.08875 0.09111111111111111
0 0.6575 0.42777777777777776 0.115 0.12222222222222222
