2 0.44375 0.5717821782178217 0.09305555555555556 0.1782178217821782
0 0.80625 0.3873762376237624 0.05694444444444444 0.09653465346534654
1 0.4840277777777778 0.3712871287128713 0.0625 0.09900990099009901
2 0.5645833333333333 0.45544554455445546 0.0875 0.1485148514851485
0 0.8611111111111112 0.47896039603960394 0.08888888888888889 0.10643564356435643
2 0.46597222222222223 0.45792079207920794 0.09027777777777778 0.14356435643564355
0 0.7715277777777778 0.33044554455445546 0.06805555555555555 0.08663366336633663
2 0.2263888888888889 0.3650990099009901 0.075 0.11138613861386139
0 0.76875 0.4665841584158416 0.0875 0.15099009900990099
1 0.15208333333333332 0.4467821782178218 0.06805555555555555 0.12128712871287128
2 0.28541666666666665 0.2908415841584158 0.04861111111111111 0.09653465346534654
1 0.19652777777777777 0.5408415841584159 0.0875 0.1707920792079208
0 0.5708333333333333 0.5717821782178217 0.12777777777777777 0.18316831683168316
0 0.4951388888888889 0.32673267326732675 0.0763888888888889 0.08415841584158416
0 0.7034722222222223 0.327970297029703 0.06527777777777778 0.07673267326732673
2 0.24861111111111112 0.452970297029703 0.06666666666666667 0.14356435643564355
0 0.80625 0.6039603960396039 0.12083333333333333 0.10891089108910891
0 0.5666666666666667 0.3155940594059406 0.07222222222222222 0.09653465346534654
0 0.725 0.3725247524752475 0.06944444444444445 0.11138613861386139
1 0.5680555555555555 0.38366336633663367 0.07777777777777778 0.09405940594059406
