2 0.42083333333333334 0.7029702970297029 0.08888888888888889 0.17326732673267325
2 0.4548611111111111 0.504950495049505 0.05416666666666667 0.09900990099009901
2 0.27708333333333335 0.49504950495049505 0.05694444444444444 0.1188118811881188
2 0.7805555555555556 0.7004950495049505 0.08333333333333333 0.16831683168316833
2 0.7277777777777777 0.5717821782178217 0.07222222222222222 0.16831683168316833
2 0.8861111111111111 0.693069306930693 0.06666666666666667 0.17326732673267325
2 0.5298611111111111 0.5742574257425742 0.07361111111111111 0.13861386138613863
1 0.4666666666666667 0.4504950495049505 0.05555555555555555 0.07920792079207921
2 0.3145833333333333 0.4183168316831683 0.04861111111111111 0.10396039603960396
2 0.7715277777777778 0.49257425742574257 0.05416666666666667 0.1188118811881188
2 0.5409722222222222 0.5037128712871287 0.05416666666666667 0.09653465346534654
2 0.6618055555555555 0.4381188118811881 0.04583333333333333 0.10396039603960396
2 0.5333333333333333 0.4368811881188119 0.05277777777777778 0.09653465346534654
2 0.19375 0.49257425742574257 0.0625 0.11386138613861387
2 0.15486111111111112 0.6782178217821783 0.10694444444444444 0.15346534653465346
2 0.5451388888888888 0.7029702970297029 0.08194444444444444 0.2079207920792079
2 0.6819444444444445 0.5 0.06388888888888888 0.1188118811881188
2 0.11388888888888889 0.5742574257425742 0.06666666666666667 0.14356435643564355
2 0.24027777777777778 0.42326732673267325 0.05 0.0891089108910891
2 0.4354166666666667 0.5866336633663366 0.08472222222222223 0.13366336633663367
2 0.8277777777777777 0.5816831683168316 0.06944444444444445 0.13861386138613863
2 0.22013888888888888 0.5742574257425742 0.06805555555555555 0.14356435643564355
2 0.7416666666666667 0.44183168316831684 0.044444444444444446 0.09653465346534654
