0 0.2722222222222222 0.3155940594059406 0.06666666666666667 0.06683168316831684
0 0.7680555555555556 0.4628712871287129 0.09444444444444444 0.15346534653465346
1 0.14166666666666666 0.45792079207920794 0.08333333333333333 0.10396039603960396
0 0.7034722222222223 0.327970297029703 0.07361111111111111 0.08663366336633663
0 0.3368055555555556 0.30445544554455445 0.05694444444444444 0.08415841584158416
0 0.7194444444444444 0.39851485148514854 0.08055555555555556 0.07425742574257425
0 0.44305555555555554 0.6039603960396039 0.13333333333333333 0.11386138613861387
0 0.4875 0.37623762376237624 0.075 0.09405940594059406
0 0.8159722222222222 0.3935643564356436 0.07361111111111111 0.0891089108910891
0 0.49444444444444446 0.3316831683168317 0.075 0.07425742574257425
0 0.7729166666666667 0.3292079207920792 0.06805555555555555 0.08415841584158416
0 0.24097222222222223 0.4665841584158416 0.0875 0.10643564356435643
0 0.5638888888888889 0.32054455445544555 0.06944444444444445 0.09158415841584158
0 0.8097222222222222 0.5977722772277227 0.11666666666666667 0.14603960396039603
0 0.56875 0.5717821782178217 0.11805555555555555 0.18316831683168316
0 0.31666666666666665 0.3873762376237624 0.08333333333333333 0.08663366336633663
0 0.46458333333333335 0.4665841584158416 0.09583333333333334 0.11138613861386139
0 0.23541666666666666 0.3774752475247525 0.07361111111111111 0.09158415841584158
0 0.5625 0.44925742574257427 0.09722222222222222 0.15594059405940594
0 0.18888888888888888 0.5668316831683168 0.1 0.13861386138613863
0 0.8625 0.48267326732673266 0.1 0.10396039603960396
