0 0.22291666666666668 0.3712871287128713 0.07916666666666666 0.09900990099009901
0 0.14375 0.46534653465346537 0.08194444444444444 0.10396039603960396
1 0.34444444444444444 0.29455445544554454 0.05 0.09405940594059406
1 0.46319444444444446 0.47029702970297027 0.09305555555555556 0.12871287128712872
3 0.24722222222222223 0.44183168316831684 0.06666666666666667 0.13613861386138615
0 0.49375 0.33044554455445546 0.07916666666666666 0.08168316831683169
0 0.48819444444444443 0.37995049504950495 0.07361111111111111 0.09158415841584158
0 0.7069444444444445 0.327970297029703 0.06944444444444445 0.07673267326732673
1 0.30277777777777776 0.36757425742574257 0.06388888888888888 0.11633663366336634
0 0.5680555555555555 0.3217821782178218 0.07222222222222222 0.09405940594059406
0 0.7791666666666667 0.33292079207920794 0.075 0.08663366336633663
0 0.8611111111111112 0.4801980198019802 0.09722222222222222 0.11386138613861387
0 0.8076388888888889 0.6051980198019802 0.12083333333333333 0.12623762376237624
0 0.8069444444444445 0.3935643564356436 0.06388888888888888 0.0891089108910891
0 0.2701388888888889 0.3118811881188119 0.0625 0.07425742574257425
0 0.56875 0.5878712871287128 0.12361111111111112 0.14603960396039603
0 0.5666666666666667 0.38985148514851486 0.08888888888888889 0.08663366336633663
0 0.4423611111111111 0.5866336633663366 0.13194444444444445 0.16336633663366337
0 0.7236111111111111 0.3849009900990099 0.07222222222222222 0.11138613861386139
1 0.18958333333333333 0.5544554455445545 0.10416666666666667 0.16831683168316833
0 0.7611111111111111 0.4665841584158416 0.09722222222222222 0.15099009900990099
