2 0.21388888888888888 0.5779702970297029 0.07222222222222222 0.14108910891089108
1 0.825 0.5816831683168316 0.06111111111111111 0.12871287128712872
2 0.18958333333333333 0.5 0.059722222222222225 0.11386138613861387
2 0.24027777777777778 0.422029702970297 0.05 0.09158415841584158
2 0.7840277777777778 0.7042079207920792 0.0875 0.1707920792079208
1 0.46319444444444446 0.44801980198019803 0.05138888888888889 0.07920792079207921
2 0.5375 0.5061881188118812 0.05555555555555555 0.09653465346534654
4 0.4125 0.7091584158415841 0.09166666666666666 0.17574257425742573
2 0.73125 0.573019801980198 0.07361111111111111 0.16584158415841585
2 0.53125 0.4344059405940594 0.05138888888888889 0.10148514851485149
2 0.5458333333333333 0.6955445544554455 0.08888888888888889 0.21782178217821782
2 0.7381944444444445 0.43316831683168316 0.05138888888888889 0.09900990099009901
2 0.6631944444444444 0.44183168316831684 0.04861111111111111 0.09653465346534654
5 0.7875 0.19306930693069307 0.041666666666666664 0.13366336633663367
2 0.31527777777777777 0.4207920792079208 0.05 0.09900990099009901
2 0.4375 0.5804455445544554 0.06944444444444445 0.12623762376237624
2 0.6826388888888889 0.4975247524752475 0.06805555555555555 0.1188118811881188
2 0.5305555555555556 0.5717821782178217 0.06944444444444445 0.14356435643564355
2 0.2743055555555556 0.4938118811881188 0.05694444444444444 0.12623762376237624
2 0.4583333333333333 0.5012376237623762 0.05277777777777778 0.10148514851485149
2 0.1597222222222222 0.6856435643564357 0.07222222222222222 0.1485148514851485
1 0.1125 0.5841584158415841 0.06944444444444445 0.12376237623762376
1 0.76875 0.49504950495049505 0.0625 0.11386138613861387
