2 0.6833333333333333 0.49504950495049505 0.06111111111111111 0.1188118811881188
2 0.31180555555555556 0.42326732673267325 0.04861111111111111 0.10396039603960396
2 0.21180555555555555 0.5742574257425742 0.06805555555555555 0.14356435643564355
2 0.5368055555555555 0.5 0.05694444444444444 0.09405940594059406
2 0.2743055555555556 0.4975247524752475 0.05694444444444444 0.10891089108910891
2 0.19652777777777777 0.4839108910891089 0.0625 0.11138613861386139
2 0.7298611111111111 0.5705445544554455 0.07361111111111111 0.16584158415841585
2 0.7347222222222223 0.4381188118811881 0.05 0.10396039603960396
2 0.53125 0.42945544554455445 0.05138888888888889 0.09653465346534654
2 0.53125 0.5705445544554455 0.07083333333333333 0.14603960396039603
5 0.875 0.1844059405940594 0.041666666666666664 0.11138613861386139
2 0.6604166666666667 0.4381188118811881 0.043055555555555555 0.09405940594059406
2 0.8868055555555555 0.6943069306930693 0.06527777777777778 0.1707920792079208
2 0.42291666666666666 0.7042079207920792 0.09027777777777778 0.18564356435643564
2 0.46041666666666664 0.4405940594059406 0.06527777777777778 0.09900990099009901
2 0.7868055555555555 0.7054455445544554 0.09027777777777778 0.15346534653465346
2 0.24097222222222223 0.4245049504950495 0.04861111111111111 0.09158415841584158
2 0.8243055555555555 0.5816831683168316 0.0763888888888889 0.12871287128712872
2 0.11388888888888889 0.5792079207920792 0.06944444444444445 0.12376237623762376
5 0.59375 0.6472772277227723 0.0763888888888889 0.2599009900990099
2 0.15625 0.6806930693069307 0.07361111111111111 0.15346534653465346
2 0.43194444444444446 0.5792079207920792 0.07222222222222222 0.12871287128712872
2 0.7736111111111111 0.49257425742574257 0.05277777777777778 0.11386138613861387
2 0.45694444444444443 0.5 0.05277777777777778 0.1188118811881188
