0 0.5659722222222222 0.31435643564356436 0.07083333333333333 0.09900990099009901
0 0.8583333333333333 0.48267326732673266 0.07777777777777778 0.10396039603960396
2 0.5652777777777778 0.452970297029703 0.08611111111111111 0.1485148514851485
0 0.8090277777777778 0.6014851485148515 0.12083333333333333 0.12871287128712872
0 0.7243055555555555 0.37623762376237624 0.059722222222222225 0.1188118811881188
0 0.7715277777777778 0.3292079207920792 0.06527777777777778 0.08415841584158416
0 0.7048611111111112 0.33044554455445546 0.06527777777777778 0.07178217821782178
1 0.22777777777777777 0.36757425742574257 0.07777777777777778 0.11138613861386139
0 0.31180555555555556 0.38242574257425743 0.08472222222222223 0.09158415841584158
2 0.24791666666666667 0.452970297029703 0.06527777777777778 0.13366336633663367
1 0.5652777777777778 0.31435643564356436 0.06944444444444445 0.09405940594059406
2 0.28125 0.29207920792079206 0.04583333333333333 0.09900990099009901
1 0.3423611111111111 0.3032178217821782 0.06527777777777778 0.10148514851485149
1 0.4875 0.3725247524752475 0.07222222222222222 0.10148514851485149
0 0.7680555555555556 0.46534653465346537 0.08888888888888889 0.1485148514851485
1 0.20069444444444445 0.5433168316831684 0.07361111111111111 0.16584158415841585
1 0.1527777777777778 0.4467821782178218 0.06666666666666667 0.11633663366336634
1 0.8041666666666667 0.3787128712871287 0.05277777777777778 0.09900990099009901
0 0.4965277777777778 0.3341584158415842 0.07361111111111111 0.07425742574257425
0 0.5715277777777777 0.5717821782178217 0.12916666666666668 0.18316831683168316
2 0.5701388888888889 0.38366336633663367 0.07916666666666666 0.09900990099009901
1 0.46458333333333335 0.4591584158415842 0.09861111111111111 0.13613861386138615
1 0.44166666666666665 0.5693069306930693 0.09444444444444444 0.17326732673267325
