2 0.7763888888888889 0.3155940594059406 0.05 0.09653465346534654
3 0.46944444444444444 0.4603960396039604 0.07222222222222222 0.12376237623762376
2 0.45069444444444445 0.573019801980198 0.09305555555555556 0.18564356435643564
3 0.5715277777777777 0.5792079207920792 0.10694444444444444 0.1782178217821782
2 0.27708333333333335 0.297029702970297 0.04861111111111111 0.08415841584158416
2 0.23333333333333334 0.3626237623762376 0.06388888888888888 0.10643564356435643
3 0.49027777777777776 0.375 0.058333333333333334 0.09653465346534654
2 0.25416666666666665 0.45173267326732675 0.06944444444444445 0.13613861386138615
2 0.3125 0.3774752475247525 0.058333333333333334 0.10148514851485149
5 0.7041666666666667 0.2896039603960396 0.06666666666666667 0.15346534653465346
2 0.7194444444444444 0.3725247524752475 0.06388888888888888 0.12623762376237624
3 0.49583333333333335 0.3155940594059406 0.06944444444444445 0.10148514851485149
2 0.8076388888888889 0.5853960396039604 0.10138888888888889 0.17574257425742573
2 0.8604166666666667 0.46905940594059403 0.06805555555555555 0.12623762376237624
2 0.7645833333333333 0.452970297029703 0.07083333333333333 0.15841584158415842
2 0.34305555555555556 0.29207920792079206 0.06111111111111111 0.10396039603960396
2 0.5694444444444444 0.3131188118811881 0.05277777777777778 0.09653465346534654
2 0.1486111111111111 0.452970297029703 0.08333333333333333 0.1188118811881188
1 0.8083333333333333 0.3811881188118812 0.058333333333333334 0.10396039603960396
2 0.18333333333333332 0.5594059405940595 0.1111111111111111 0.15841584158415842
