1 0.923125 0.3233333333333333 0.07375 0.14888888888888888
1 0.9275 0.2477777777777778 0.06 0.10888888888888888
0 0.125 0.3233333333333333 0.0875 0.13111111111111112
1 0.83125 0.5577777777777778 0.115 0.14222222222222222
2 0.031875 0.3188888888888889 0.06375 0.12222222222222222
1 0.62375 0.3111111111111111 0.09 0.16444444444444445
1 0.76125 0.39555555555555555 0.0975 0.18222222222222223
1 0.709375 0.30666666666666664 0.06875 0.1111111111111111
1 0.65625 0.4077777777777778 0.1075 0.1622222222222222
1 0.03875 0.41888888888888887 0.0775 0.12666666666666668
0 0.073125 0.27444444444444444 0.06625 0.08222222222222222
0 0.310625 0.31444444444444447 0.09625 0.14888888888888888
2 0.391875 0.42444444444444446 0.08625 0.13777777777777778
1 0.439375 0.24333333333333335 0.07125 0.13555555555555557
2 0.848125 0.25333333333333335 0.05875 0.12444444444444444
0 0.143125 0.2633333333333333 0.06375 0.06444444444444444
3 0.214375 0.56 0.12625 0.18666666666666668
1 0.27375 0.43222222222222223 0.11 0.16666666666666666
1 0.67375 0.2311111111111111 0.0575 0.10666666666666667
0 0.15625 0.8188888888888889 0.185 0.20222222222222222
1 0.92125 0.7888888888888889 0.15 0.30666666666666664
2 0.92375 0.32555555555555554 0.075 0.14888888888888888
2 0.4125 0.3188888888888889 0.095 0.13555555555555557
0 0.34875 0.26222222222222225 0.0675 0.08888888888888889
0 0.595 0.24888888888888888 0.0775 0.10666666666666667
1 0.335 0.7677777777777778 0.175 0.3622222222222222
