0 0.3076388888888889 0.3849009900990099 0.0763888888888889 0.08663366336633663
0 0.7159722222222222 0.400990099009901 0.07916666666666666 0.07425742574257425
0 0.27291666666666664 0.3131188118811881 0.06527777777777778 0.07178217821782178
0 0.44305555555555554 0.5804455445544554 0.1361111111111111 0.14603960396039603
0 0.8097222222222222 0.6014851485148515 0.12777777777777777 0.12376237623762376
3 0.4673611111111111 0.45173267326732675 0.09861111111111111 0.14108910891089108
0 0.8611111111111112 0.4900990099009901 0.1 0.09405940594059406
0 0.8055555555555556 0.3997524752475248 0.08055555555555556 0.08663366336633663
0 0.1840277777777778 0.5668316831683168 0.10972222222222222 0.13366336633663367
0 0.5618055555555556 0.3094059405940594 0.06805555555555555 0.09900990099009901
0 0.22777777777777777 0.38613861386138615 0.08611111111111111 0.0891089108910891
1 0.44166666666666665 0.5779702970297029 0.1361111111111111 0.14603960396039603
0 0.7666666666666667 0.46534653465346537 0.08888888888888889 0.14356435643564355
0 0.4951388888888889 0.3341584158415842 0.0763888888888889 0.07425742574257425
0 0.7041666666666667 0.327970297029703 0.07222222222222222 0.08168316831683169
0 0.14652777777777778 0.4591584158415842 0.08194444444444444 0.10643564356435643
0 0.24166666666666667 0.4628712871287129 0.08611111111111111 0.10396039603960396
0 0.34305555555555556 0.3056930693069307 0.06666666666666667 0.08168316831683169
0 0.4888888888888889 0.3626237623762376 0.07222222222222222 0.07673267326732673
3 0.5625 0.43935643564356436 0.07777777777777778 0.16584158415841585
0 0.56875 0.5779702970297029 0.12083333333333333 0.15099009900990099
0 0.7729166666666667 0.32673267326732675 0.06805555555555555 0.08415841584158416
