0 0.15 0.85 0.1825 0.19777777777777777
0 0.850625 0.26222222222222225 0.07375 0.11555555555555555
0 0.686875 0.25666666666666665 0.07625 0.08222222222222222
0 0.324375 0.8077777777777778 0.17125 0.18888888888888888
0 0.138125 0.25333333333333335 0.06625 0.07111111111111111
0 0.62375 0.33111111111111113 0.09 0.10222222222222223
0 0.27 0.42777777777777776 0.115 0.14444444444444443
0 0.59875 0.25222222222222224 0.08 0.1
0 0.9325 0.2588888888888889 0.0725 0.09111111111111111
0 0.435625 0.2611111111111111 0.07625 0.08222222222222222
0 0.39625 0.4488888888888889 0.115 0.12444444444444444
0 0.695 0.5911111111111111 0.125 0.14222222222222222
0 0.346875 0.2611111111111111 0.06875 0.07333333333333333
0 0.368125 0.5633333333333334 0.13625 0.19333333333333333
0 0.7175 0.33111111111111113 0.0925 0.09333333333333334
0 0.7675 0.7833333333333333 0.1775 0.2644444444444444
1 0.309375 0.31777777777777777 0.08875 0.16444444444444445
0 0.13 0.32666666666666666 0.0925 0.12
0 0.774375 0.4311111111111111 0.09125 0.11555555555555555
0 0.2 0.5811111111111111 0.12 0.14888888888888888
0 0.66 0.4266666666666667 0.115 0.12
3 0.925 0.7555555555555555 0.13 0.26666666666666666
0 0.071875 0.2677777777777778 0.06625 0.08222222222222222
0 0.035625 0.43444444444444447 0.07125 0.11777777777777777
0 0.0325 0.3388888888888889 0.065 0.08666666666666667
1 0.410625 0.32 0.09875 0.14222222222222222
0 0.929375 0.3411111111111111 0.10875 0.1
