5 0.5305555555555556 0.40717821782178215 0.058333333333333334 0.13613861386138615
2 0.275 0.49876237623762376 0.05555555555555555 0.10643564356435643
2 0.7333333333333333 0.4381188118811881 0.05277777777777778 0.10891089108910891
2 0.7298611111111111 0.5717821782178217 0.07361111111111111 0.16831683168316833
2 0.11319444444444444 0.5754950495049505 0.07083333333333333 0.12623762376237624
2 0.3125 0.422029702970297 0.05 0.10643564356435643
2 0.6833333333333333 0.49504950495049505 0.058333333333333334 0.11386138613861387
2 0.5319444444444444 0.5717821782178217 0.07222222222222222 0.1485148514851485
2 0.21736111111111112 0.5742574257425742 0.06527777777777778 0.14356435643564355
2 0.19583333333333333 0.48886138613861385 0.06666666666666667 0.11138613861386139
2 0.15625 0.6806930693069307 0.07361111111111111 0.15841584158415842
2 0.6597222222222222 0.4405940594059406 0.044444444444444446 0.09405940594059406
2 0.24027777777777778 0.4245049504950495 0.05 0.09158415841584158
2 0.7868055555555555 0.7029702970297029 0.08472222222222223 0.15841584158415842
1 0.4625 0.4430693069306931 0.07222222222222222 0.09900990099009901
2 0.4222222222222222 0.7029702970297029 0.09166666666666666 0.18316831683168316
1 0.7743055555555556 0.4938118811881188 0.05694444444444444 0.11138613861386139
2 0.4354166666666667 0.5804455445544554 0.06805555555555555 0.13613861386138615
2 0.8875 0.693069306930693 0.06388888888888888 0.17326732673267325
2 0.5388888888888889 0.5 0.058333333333333334 0.09900990099009901
2 0.8256944444444444 0.5804455445544554 0.07361111111111111 0.12623762376237624
2 0.5416666666666666 0.6881188118811881 0.08333333333333333 0.1782178217821782
2 0.4548611111111111 0.5024752475247525 0.05138888888888889 0.09900990099009901
