2 0.23958333333333334 0.3254950495049505 0.05138888888888889 0.08663366336633663
5 0.31319444444444444 0.3650990099009901 0.06527777777777778 0.1806930693069307
2 0.6861111111111111 0.3997524752475248 0.058333333333333334 0.11633663366336634
2 0.7805555555555556 0.6027227722772277 0.11666666666666667 0.1707920792079208
2 0.7388888888888889 0.34282178217821785 0.05 0.09158415841584158
2 0.6631944444444444 0.34405940594059403 0.043055555555555555 0.09405940594059406
0 0.8798611111111111 0.625 0.07916666666666666 0.11138613861386139
2 0.21319444444444444 0.4801980198019802 0.06527777777777778 0.1485148514851485
2 0.45555555555555555 0.3378712871287129 0.06666666666666667 0.10148514851485149
0 0.8291666666666667 0.49133663366336633 0.08333333333333333 0.11633663366336634
4 0.45625 0.3378712871287129 0.07361111111111111 0.10643564356435643
1 0.45208333333333334 0.39851485148514854 0.07916666666666666 0.10396039603960396
2 0.5486111111111112 0.599009900990099 0.10277777777777777 0.19801980198019803
2 0.775 0.3997524752475248 0.05277777777777778 0.11138613861386139
2 0.16319444444444445 0.5866336633663366 0.0875 0.16831683168316833
3 0.5284722222222222 0.47648514851485146 0.07361111111111111 0.12623762376237624
2 0.12361111111111112 0.4839108910891089 0.06111111111111111 0.12128712871287128
3 0.19375 0.4034653465346535 0.09305555555555556 0.09900990099009901
2 0.7388888888888889 0.4777227722772277 0.075 0.16336633663366337
2 0.4131944444444444 0.5928217821782178 0.08194444444444444 0.1707920792079208
3 0.5395833333333333 0.3997524752475248 0.07361111111111111 0.10643564356435643
2 0.5340277777777778 0.3378712871287129 0.05138888888888889 0.09653465346534654
2 0.41944444444444445 0.48514851485148514 0.09444444444444444 0.12871287128712872
2 0.19444444444444445 0.40470297029702973 0.08888888888888889 0.10148514851485149
