0 0.0725 0.27 0.065 0.08666666666666667
0 0.71875 0.33111111111111113 0.09 0.09333333333333334
0 0.660625 0.42777777777777776 0.11625 0.11777777777777777
0 0.39625 0.45111111111111113 0.115 0.12444444444444444
3 0.924375 0.7655555555555555 0.11875 0.24666666666666667
0 0.77625 0.4311111111111111 0.095 0.11555555555555555
0 0.3675 0.5588888888888889 0.1375 0.19777777777777777
0 0.035 0.43666666666666665 0.07 0.11777777777777777
0 0.621875 0.33111111111111113 0.09125 0.10222222222222223
0 0.2025 0.5788888888888889 0.1225 0.1622222222222222
0 0.92375 0.7677777777777778 0.125 0.24222222222222223
0 0.598125 0.25222222222222224 0.08125 0.1
0 0.9275 0.34444444444444444 0.11 0.10222222222222223
0 0.694375 0.5877777777777777 0.12375 0.14
2 0.308125 0.31333333333333335 0.08875 0.16444444444444445
1 0.851875 0.2611111111111111 0.07375 0.11333333333333333
0 0.9325 0.26222222222222225 0.075 0.08888888888888889
0 0.149375 0.8488888888888889 0.18125 0.19555555555555557
0 0.3475 0.26 0.065 0.08
0 0.68875 0.2544444444444444 0.075 0.08222222222222222
1 0.409375 0.3211111111111111 0.09625 0.14444444444444443
0 0.318125 0.8233333333333334 0.16875 0.16666666666666666
0 0.270625 0.42777777777777776 0.11375 0.14888888888888888
0 0.435 0.26222222222222225 0.08 0.08444444444444445
0 0.13875 0.25333333333333335 0.07 0.08
0 0.768125 0.7811111111111111 0.18375 0.2777777777777778
0 0.031875 0.3388888888888889 0.06375 0.08666666666666667
0 0.131875 0.32555555555555554 0.09125 0.12222222222222222
