5 0.6701388888888888 0.5272277227722773 0.08194444444444444 0.23267326732673269
2 0.5298611111111111 0.5705445544554455 0.07361111111111111 0.15594059405940594
2 0.8597222222222223 0.17574257425742573 0.041666666666666664 0.09900990099009901
2 0.15694444444444444 0.6831683168316832 0.06944444444444445 0.15841584158415842
2 0.53125 0.4282178217821782 0.05138888888888889 0.09900990099009901
2 0.4375 0.5779702970297029 0.06388888888888888 0.1311881188118812
2 0.8270833333333333 0.5829207920792079 0.0763888888888889 0.12623762376237624
2 0.5347222222222222 0.5 0.058333333333333334 0.09900990099009901
2 0.24027777777777778 0.4207920792079208 0.05 0.09405940594059406
2 0.1125 0.5816831683168316 0.06944444444444445 0.1188118811881188
2 0.3125 0.422029702970297 0.05277777777777778 0.10643564356435643
2 0.55 0.698019801980198 0.09444444444444444 0.21782178217821782
2 0.7375 0.43316831683168316 0.05 0.10396039603960396
2 0.19583333333333333 0.49133663366336633 0.06666666666666667 0.10643564356435643
2 0.2743055555555556 0.49876237623762376 0.05694444444444444 0.11138613861386139
2 0.46319444444444446 0.43316831683168316 0.05138888888888889 0.09405940594059406
2 0.21666666666666667 0.573019801980198 0.06388888888888888 0.14603960396039603
2 0.4576388888888889 0.4975247524752475 0.04861111111111111 0.1188118811881188
2 0.8902777777777777 0.693069306930693 0.06388888888888888 0.17326732673267325
2 0.7722222222222223 0.4975247524752475 0.05555555555555555 0.11386138613861387
2 0.7875 0.7004950495049505 0.08333333333333333 0.16831683168316833
2 0.4222222222222222 0.7004950495049505 0.08888888888888889 0.18811881188118812
