0 0.138125 0.2644444444444444 0.06375 0.057777777777777775
0 0.125 0.3233333333333333 0.0875 0.13111111111111112
1 0.4125 0.31666666666666665 0.1025 0.13555555555555557
0 0.1625 0.81 0.1625 0.16666666666666666
1 0.2125 0.5633333333333334 0.1325 0.18888888888888888
0 0.35875 0.5788888888888889 0.13 0.16666666666666666
0 0.35125 0.2611111111111111 0.0625 0.09111111111111111
1 0.706875 0.3111111111111111 0.07375 0.10666666666666667
1 0.333125 0.7711111111111111 0.17125 0.35555555555555557
2 0.915625 0.32666666666666666 0.07625 0.1288888888888889
1 0.84875 0.2577777777777778 0.065 0.12
1 0.624375 0.3111111111111111 0.09125 0.15555555555555556
2 0.925625 0.2477777777777778 0.06125 0.12222222222222222
1 0.389375 0.43 0.08625 0.12222222222222222
1 0.915625 0.79 0.14625 0.2822222222222222
0 0.0325 0.32555555555555554 0.065 0.11777777777777777
0 0.0725 0.2644444444444444 0.065 0.09333333333333334
1 0.673125 0.2388888888888889 0.06125 0.10444444444444445
1 0.58625 0.2388888888888889 0.0675 0.13111111111111112
1 0.27375 0.43333333333333335 0.1125 0.16444444444444445
1 0.435625 0.2511111111111111 0.07625 0.1111111111111111
0 0.038125 0.42777777777777776 0.07625 0.12222222222222222
1 0.76625 0.4033333333333333 0.095 0.15777777777777777
2 0.31125 0.29888888888888887 0.09 0.17555555555555555
