0 0.356875 0.5544444444444444 0.12625 0.20666666666666667
1 0.9075 0.7422222222222222 0.1625 0.28444444444444444
0 0.3425 0.2633333333333333 0.0825 0.07777777777777778
1 0.966875 0.4211111111111111 0.06125 0.13111111111111112
0 0.590625 0.2577777777777778 0.08125 0.10222222222222223
0 0.699375 0.5711111111111111 0.13125 0.16444444444444445
0 0.1325 0.86 0.1725 0.19111111111111112
0 0.27625 0.43444444444444447 0.11 0.15333333333333332
0 0.030625 0.33666666666666667 0.06125 0.09111111111111111
0 0.414375 0.3422222222222222 0.11375 0.08444444444444445
0 0.930625 0.2611111111111111 0.07375 0.08222222222222222
2 0.979375 0.31 0.03625 0.13555555555555557
0 0.61875 0.3288888888888889 0.0925 0.10222222222222223
0 0.0325 0.4311111111111111 0.0625 0.1111111111111111
0 0.853125 0.2777777777777778 0.07625 0.08888888888888889
0 0.7675 0.43333333333333335 0.09 0.10666666666666667
0 0.65625 0.4266666666666667 0.11 0.11555555555555555
0 0.30625 0.3422222222222222 0.09 0.10222222222222223
0 0.32625 0.8344444444444444 0.19 0.18888888888888888
0 0.43125 0.26222222222222225 0.085 0.08444444444444445
0 0.68 0.2577777777777778 0.0725 0.07555555555555556
0 0.7125 0.3188888888888889 0.08 0.11777777777777777
0 0.918125 0.3466666666666667 0.09375 0.10666666666666667
1 0.145 0.2477777777777778 0.065 0.1
2 0.7525 0.78 0.15 0.28444444444444444
0 0.208125 0.5811111111111111 0.13625 0.1622222222222222
