2 0.5694444444444444 0.38242574257425743 0.075 0.10148514851485149
2 0.3451388888888889 0.2896039603960396 0.04583333333333333 0.09900990099009901
0 0.7041666666666667 0.327970297029703 0.06944444444444445 0.08168316831683169
2 0.725 0.37004950495049505 0.06944444444444445 0.11633663366336634
0 0.8069444444444445 0.6027227722772277 0.12222222222222222 0.11633663366336634
0 0.7652777777777777 0.4665841584158416 0.09444444444444444 0.14603960396039603
0 0.7694444444444445 0.3316831683168317 0.058333333333333334 0.08415841584158416
3 0.1527777777777778 0.452970297029703 0.06666666666666667 0.1188118811881188
1 0.1909722222222222 0.5556930693069307 0.09861111111111111 0.17574257425742573
0 0.8638888888888889 0.48514851485148514 0.1 0.09405940594059406
1 0.4423611111111111 0.573019801980198 0.09583333333333334 0.16584158415841585
2 0.5666666666666667 0.30198019801980197 0.05 0.10396039603960396
1 0.46111111111111114 0.4603960396039604 0.09722222222222222 0.12376237623762376
0 0.49583333333333335 0.3341584158415842 0.07777777777777778 0.07425742574257425
2 0.8097222222222222 0.37004950495049505 0.05555555555555555 0.11633663366336634
0 0.48194444444444445 0.38242574257425743 0.06944444444444445 0.08663366336633663
2 0.31527777777777777 0.36386138613861385 0.08333333333333333 0.1188118811881188
1 0.2722222222222222 0.29455445544554454 0.05 0.0891089108910891
1 0.7701388888888889 0.3316831683168317 0.05416666666666667 0.07920792079207921
2 0.5618055555555556 0.44554455445544555 0.07361111111111111 0.13366336633663367
