0 0.34375 0.2644444444444444 0.0825 0.07555555555555556
0 0.1325 0.3288888888888889 0.0775 0.1111111111111111
0 0.39125 0.4211111111111111 0.1025 0.13555555555555557
0 0.138125 0.25222222222222224 0.06375 0.08666666666666667
0 0.4325 0.26222222222222225 0.0875 0.08444444444444445
0 0.415625 0.34444444444444444 0.11375 0.09333333333333334
0 0.746875 0.8188888888888889 0.14375 0.21555555555555556
0 0.920625 0.7911111111111111 0.15625 0.28
0 0.27625 0.44 0.115 0.16
0 0.69875 0.5833333333333334 0.1275 0.14444444444444443
0 0.931875 0.2611111111111111 0.07375 0.08666666666666667
0 0.026875 0.3388888888888889 0.05375 0.09111111111111111
0 0.8525 0.27555555555555555 0.075 0.08888888888888889
0 0.3575 0.55 0.135 0.21555555555555556
0 0.91875 0.3466666666666667 0.0925 0.09777777777777778
0 0.32625 0.8333333333333334 0.19 0.18666666666666668
0 0.68875 0.2577777777777778 0.09 0.07111111111111111
0 0.131875 0.8588888888888889 0.16875 0.19333333333333333
0 0.828125 0.57 0.12375 0.18888888888888888
0 0.071875 0.26666666666666666 0.06375 0.07555555555555556
0 0.5925 0.25222222222222224 0.0825 0.11333333333333333
0 0.209375 0.5833333333333334 0.13375 0.15777777777777777
0 0.62625 0.33111111111111113 0.0925 0.09777777777777778
0 0.65625 0.42777777777777776 0.11 0.11777777777777777
0 0.309375 0.33444444444444443 0.09125 0.10444444444444445
0 0.768125 0.4311111111111111 0.09125 0.10666666666666667
0 0.711875 0.3188888888888889 0.07875 0.11333333333333333
