0 0.7159722222222222 0.400990099009901 0.07916666666666666 0.07425742574257425
2 0.5618055555555556 0.4405940594059406 0.0763888888888889 0.14356435643564355
0 0.14722222222222223 0.4628712871287129 0.08333333333333333 0.10396039603960396
0 0.8069444444444445 0.6064356435643564 0.13055555555555556 0.12376237623762376
0 0.7659722222222223 0.46163366336633666 0.09027777777777778 0.15099009900990099
0 0.49444444444444446 0.3341584158415842 0.075 0.07425742574257425
0 0.4840277777777778 0.3811881188118812 0.06805555555555555 0.08415841584158416
1 0.5701388888888889 0.5693069306930693 0.11805555555555555 0.16336633663366337
3 0.5625 0.38985148514851486 0.07777777777777778 0.10643564356435643
0 0.30625 0.37995049504950495 0.07361111111111111 0.08663366336633663
2 0.4652777777777778 0.452970297029703 0.1 0.1485148514851485
0 0.2423611111111111 0.4628712871287129 0.08472222222222223 0.10396039603960396
0 0.8611111111111112 0.4876237623762376 0.10277777777777777 0.09405940594059406
0 0.4423611111111111 0.6014851485148515 0.13194444444444445 0.10891089108910891
0 0.7722222222222223 0.327970297029703 0.06944444444444445 0.08663366336633663
1 0.5625 0.30816831683168316 0.06666666666666667 0.09653465346534654
0 0.2743055555555556 0.3069306930693069 0.06527777777777778 0.07920792079207921
0 0.7041666666666667 0.3292079207920792 0.07222222222222222 0.08415841584158416
0 0.18472222222222223 0.5693069306930693 0.10833333333333334 0.12871287128712872
3 0.4652777777777778 0.4542079207920792 0.1 0.14603960396039603
0 0.8076388888888889 0.39851485148514854 0.0763888888888889 0.08415841584158416
0 0.22777777777777777 0.3811881188118812 0.08333333333333333 0.0891089108910891
0 0.34305555555555556 0.30445544554455445 0.06666666666666667 0.07920792079207921
