0 0.48333333333333334 0.38242574257425743 0.07222222222222222 0.08663366336633663
0 0.7694444444444445 0.33044554455445546 0.06388888888888888 0.08168316831683169
0 0.8576388888888888 0.47648514851485146 0.07916666666666666 0.10643564356435643
1 0.8125 0.3787128712871287 0.06388888888888888 0.10396039603960396
1 0.44166666666666665 0.5705445544554455 0.09444444444444444 0.1707920792079208
1 0.27152777777777776 0.29455445544554454 0.04861111111111111 0.0891089108910891
0 0.7652777777777777 0.46534653465346537 0.09444444444444444 0.14356435643564355
1 0.46319444444444446 0.45792079207920794 0.09583333333333334 0.1188118811881188
1 0.5645833333333333 0.3094059405940594 0.06805555555555555 0.10396039603960396
0 0.49583333333333335 0.3341584158415842 0.075 0.06930693069306931
2 0.5597222222222222 0.4467821782178218 0.06944444444444445 0.14108910891089108
2 0.5701388888888889 0.3811881188118812 0.0763888888888889 0.09900990099009901
0 0.7034722222222223 0.33044554455445546 0.06527777777777778 0.08168316831683169
7 0.22777777777777777 0.4975247524752475 0.18611111111111112 0.2871287128712871
2 0.15208333333333332 0.4542079207920792 0.06527777777777778 0.12623762376237624
0 0.8048611111111111 0.6051980198019802 0.11805555555555555 0.11138613861386139
2 0.3458333333333333 0.297029702970297 0.04722222222222222 0.0891089108910891
