1 0.3055555555555556 0.3292079207920792 0.05 0.0891089108910891
6 0.48541666666666666 0.6051980198019802 0.19583333333333333 0.2004950495049505
1 0.6715277777777777 0.34034653465346537 0.04861111111111111 0.10148514851485149
6 0.7319444444444444 0.39603960396039606 0.11944444444444445 0.1188118811881188
6 0.27152777777777776 0.3292079207920792 0.13472222222222222 0.10396039603960396
6 0.47708333333333336 0.4876237623762376 0.14583333333333334 0.1485148514851485
6 0.24305555555555555 0.3972772277227723 0.11666666666666667 0.12623762376237624
2 0.8326388888888889 0.4814356435643564 0.08472222222222223 0.1311881188118812
6 0.8430555555555556 0.6113861386138614 0.15555555555555556 0.1782178217821782
3 0.5104166666666666 0.49133663366336633 0.07361111111111111 0.14108910891089108
6 0.49236111111111114 0.3415841584158416 0.09583333333333334 0.09405940594059406
1 0.13194444444444445 0.474009900990099 0.06666666666666667 0.14108910891089108
6 0.5041666666666667 0.3972772277227723 0.12777777777777777 0.12128712871287128
