5 0.34125 0.24555555555555555 0.0775 0.2111111111111111
5 0.158125 0.6844444444444444 0.14375 0.4311111111111111
5 0.92875 0.6766666666666666 0.125 0.44222222222222224
2 0.273125 0.37333333333333335 0.08875 0.2222222222222222
5 0.711875 0.46444444444444444 0.10875 0.31555555555555553
5 0.71125 0.2588888888888889 0.0625 0.2111111111111111
2 0.680625 0.16444444444444445 0.04875 0.14222222222222222
5 0.30875 0.26222222222222225 0.075 0.2222222222222222
5 0.19375 0.51 0.1075 0.2777777777777778
5 0.773125 0.3288888888888889 0.07375 0.24888888888888888
5 0.11375 0.2822222222222222 0.08 0.2088888888888889
5 0.035 0.35888888888888887 0.07 0.24222222222222223
5 0.371875 0.4588888888888889 0.09625 0.35333333333333333
5 0.434375 0.2411111111111111 0.06875 0.2111111111111111
5 0.653125 0.3322222222222222 0.08875 0.29555555555555557
5 0.859375 0.21777777777777776 0.06625 0.20444444444444446
5 0.92125 0.27111111111111114 0.095 0.2311111111111111
5 0.8325 0.48777777777777775 0.0825 0.2777777777777778
4 0.061875 0.22333333333333333 0.05625 0.14
5 0.618125 0.23222222222222222 0.08625 0.2866666666666667
5 0.319375 0.6433333333333333 0.15375 0.4777777777777778
5 0.12875 0.22555555555555556 0.065 0.1711111111111111
5 0.771875 0.6944444444444444 0.15125 0.45111111111111113
5 0.39625 0.3488888888888889 0.0825 0.28444444444444444
