0 0.136875 0.2588888888888889 0.06875 0.06444444444444444
0 0.038125 0.4311111111111111 0.07625 0.10666666666666667
0 0.215 0.5744444444444444 0.1225 0.15777777777777777
0 0.073125 0.27111111111111114 0.06125 0.07555555555555556
0 0.85125 0.2733333333333333 0.075 0.09777777777777778
0 0.309375 0.34555555555555556 0.09375 0.1
0 0.030625 0.33 0.05875 0.10444444444444445
0 0.33875 0.2644444444444444 0.08 0.09333333333333334
0 0.13125 0.32666666666666666 0.0925 0.12444444444444444
0 0.141875 0.8544444444444445 0.19125 0.20222222222222222
0 0.2725 0.43 0.11 0.14444444444444443
0 0.365 0.5622222222222222 0.14 0.2
0 0.72 0.33444444444444443 0.09 0.09111111111111111
0 0.6975 0.5788888888888889 0.13 0.15777777777777777
0 0.769375 0.4311111111111111 0.08625 0.10666666666666667
0 0.76875 0.7655555555555555 0.175 0.30444444444444446
0 0.93125 0.26 0.0725 0.09777777777777778
0 0.591875 0.2477777777777778 0.07875 0.11333333333333333
0 0.32625 0.8322222222222222 0.17 0.18
0 0.434375 0.2644444444444444 0.08125 0.09333333333333334
0 0.3925 0.44666666666666666 0.11 0.11555555555555555
0 0.69125 0.26 0.0825 0.08888888888888889
1 0.92375 0.7788888888888889 0.1325 0.2822222222222222
0 0.6575 0.4288888888888889 0.1125 0.12
0 0.408125 0.3322222222222222 0.10625 0.1
1 0.621875 0.3111111111111111 0.08875 0.15555555555555556
0 0.923125 0.3477777777777778 0.09625 0.1
