0 0.323125 0.8311111111111111 0.16375 0.17777777777777778
0 0.031875 0.33666666666666667 0.06375 0.08222222222222222
0 0.6025 0.24888888888888888 0.0925 0.1111111111111111
0 0.394375 0.4477777777777778 0.11125 0.10888888888888888
0 0.925625 0.7833333333333333 0.13625 0.2822222222222222
0 0.77 0.43333333333333335 0.085 0.1111111111111111
0 0.310625 0.34444444444444444 0.09375 0.10222222222222223
0 0.140625 0.25555555555555554 0.06375 0.07111111111111111
0 0.694375 0.5877777777777777 0.12625 0.14444444444444443
0 0.61875 0.3233333333333333 0.09 0.13555555555555557
0 0.72 0.33 0.0925 0.09111111111111111
0 0.410625 0.33666666666666667 0.10375 0.09555555555555556
0 0.150625 0.8522222222222222 0.18375 0.20222222222222222
0 0.85375 0.26666666666666666 0.0775 0.10666666666666667
0 0.690625 0.2588888888888889 0.08125 0.08222222222222222
0 0.13125 0.3277777777777778 0.09 0.11333333333333333
0 0.43125 0.2611111111111111 0.085 0.08222222222222222
0 0.365 0.5577777777777778 0.1425 0.20444444444444446
0 0.071875 0.27 0.07125 0.08222222222222222
0 0.199375 0.5911111111111111 0.12375 0.14222222222222222
0 0.03625 0.4311111111111111 0.0725 0.1111111111111111
0 0.340625 0.26555555555555554 0.08125 0.08222222222222222
0 0.7725 0.7744444444444445 0.1675 0.29555555555555557
0 0.659375 0.4255555555555556 0.11125 0.12666666666666668
0 0.271875 0.4288888888888889 0.11625 0.13777777777777778
1 0.9325 0.25222222222222224 0.0725 0.10888888888888888
0 0.925625 0.34555555555555556 0.09625 0.1
