0 0.7659722222222223 0.47029702970297027 0.09027777777777778 0.14356435643564355
0 0.8631944444444445 0.4876237623762376 0.09861111111111111 0.10396039603960396
0 0.8090277777777778 0.40222772277227725 0.08472222222222223 0.09158415841584158
0 0.1840277777777778 0.5655940594059405 0.10694444444444444 0.15099009900990099
2 0.5611111111111111 0.44554455445544555 0.075 0.14356435643564355
0 0.5638888888888889 0.5928217821782178 0.09444444444444444 0.13613861386138615
0 0.2708333333333333 0.3180693069306931 0.06666666666666667 0.06683168316831684
0 0.48541666666666666 0.3787128712871287 0.07083333333333333 0.09405940594059406
0 0.23333333333333334 0.38613861386138615 0.07222222222222222 0.08415841584158416
0 0.3145833333333333 0.38985148514851486 0.0875 0.08663366336633663
0 0.775 0.3316831683168317 0.06944444444444445 0.0891089108910891
0 0.3451388888888889 0.31064356435643564 0.06805555555555555 0.08168316831683169
0 0.1486111111111111 0.46410891089108913 0.07777777777777778 0.10643564356435643
0 0.2423611111111111 0.4591584158415842 0.08472222222222223 0.12128712871287128
0 0.5638888888888889 0.3193069306930693 0.06388888888888888 0.09405940594059406
0 0.70625 0.3316831683168317 0.0763888888888889 0.09405940594059406
0 0.4666666666666667 0.452970297029703 0.09166666666666666 0.13366336633663367
0 0.49444444444444446 0.3353960396039604 0.07777777777777778 0.07673267326732673
0 0.8069444444444445 0.6076732673267327 0.11944444444444445 0.13613861386138615
0 0.44583333333333336 0.6051980198019802 0.13055555555555556 0.11633663366336634
0 0.7180555555555556 0.4034653465346535 0.08055555555555556 0.08415841584158416
