1 0.27625 0.43777777777777777 0.1075 0.17777777777777778
0 0.126875 0.3188888888888889 0.08875 0.14888888888888888
1 0.391875 0.42444444444444446 0.08375 0.13333333333333333
1 0.363125 0.5644444444444444 0.11875 0.19555555555555557
1 0.708125 0.29888888888888887 0.06625 0.11777777777777777
2 0.7025 0.5422222222222223 0.095 0.19555555555555557
2 0.0325 0.31555555555555553 0.065 0.1288888888888889
1 0.923125 0.7844444444444445 0.14875 0.29333333333333333
1 0.0825 0.24222222222222223 0.06 0.12444444444444444
0 0.311875 0.31777777777777777 0.09625 0.1511111111111111
2 0.848125 0.2544444444444444 0.05875 0.12666666666666668
0 0.59625 0.24888888888888888 0.075 0.10666666666666667
1 0.438125 0.24666666666666667 0.07625 0.11555555555555555
1 0.830625 0.5622222222222222 0.11625 0.1511111111111111
1 0.6725 0.23 0.055 0.10888888888888888
0 0.34875 0.26 0.065 0.08888888888888889
2 0.654375 0.40555555555555556 0.10375 0.16666666666666666
3 0.2125 0.5588888888888889 0.1275 0.17555555555555555
1 0.33875 0.7522222222222222 0.17 0.3488888888888889
2 0.920625 0.32666666666666666 0.07125 0.14222222222222222
1 0.036875 0.42333333333333334 0.07375 0.13555555555555557
0 0.148125 0.2633333333333333 0.06625 0.06444444444444444
2 0.410625 0.3188888888888889 0.09625 0.13555555555555557
5 0.763125 0.7533333333333333 0.18125 0.3377777777777778
1 0.16 0.7944444444444444 0.19 0.3488888888888889
1 0.62375 0.31444444444444447 0.0875 0.1622222222222222
2 0.765625 0.39444444444444443 0.10375 0.17555555555555555
2 0.925 0.2477777777777778 0.0625 0.10444444444444445
