0 0.355625 0.5644444444444444 0.13875 0.2
1 0.9275 0.7455555555555555 0.135 0.26
0 0.139375 0.26222222222222225 0.07125 0.06666666666666667
0 0.036875 0.43222222222222223 0.07375 0.10888888888888888
0 0.3425 0.26 0.08 0.09333333333333334
0 0.695 0.5933333333333334 0.125 0.13777777777777778
0 0.82625 0.5666666666666667 0.13 0.18666666666666668
0 0.27625 0.43333333333333335 0.1125 0.16
0 0.62 0.33111111111111113 0.0925 0.10222222222222223
0 0.386875 0.43777777777777777 0.09625 0.12
0 0.129375 0.3322222222222222 0.08375 0.10444444444444445
0 0.735 0.8033333333333333 0.16 0.26
0 0.308125 0.33666666666666667 0.08875 0.10444444444444445
0 0.4325 0.26222222222222225 0.0825 0.09333333333333334
1 0.84625 0.26222222222222225 0.07 0.1111111111111111
0 0.921875 0.3466666666666667 0.09875 0.10666666666666667
1 0.591875 0.24333333333333335 0.08375 0.12222222222222222
0 0.211875 0.5733333333333334 0.12625 0.1688888888888889
0 0.070625 0.2722222222222222 0.06625 0.07777777777777778
0 0.685 0.25666666666666665 0.075 0.06888888888888889
0 0.40875 0.3377777777777778 0.1075 0.09777777777777778
0 0.329375 0.8411111111111111 0.18875 0.18444444444444444
0 0.71375 0.3188888888888889 0.085 0.10444444444444445
0 0.031875 0.3377777777777778 0.06375 0.08888888888888889
1 0.92875 0.24222222222222223 0.0675 0.12444444444444444
0 0.593125 0.2388888888888889 0.08125 0.12222222222222222
0 0.765625 0.4388888888888889 0.09625 0.1
0 0.140625 0.8555555555555555 0.16125 0.18666666666666668
0 0.654375 0.4255555555555556 0.10875 0.12666666666666668
