3 0.43333333333333335 0.4863861386138614 0.09722222222222222 0.15099009900990099
1 0.54375 0.40470297029702973 0.07916666666666666 0.10643564356435643
3 0.27291666666666664 0.3997524752475248 0.059722222222222225 0.10148514851485149
2 0.40694444444444444 0.6027227722772277 0.08333333333333333 0.16584158415841585
2 0.23958333333333334 0.32673267326732675 0.04861111111111111 0.08415841584158416
2 0.31180555555555556 0.327970297029703 0.05138888888888889 0.09653465346534654
3 0.8819444444444444 0.6039603960396039 0.07777777777777778 0.16336633663366337
0 0.11597222222222223 0.4839108910891089 0.07361111111111111 0.12128712871287128
2 0.5472222222222223 0.5952970297029703 0.10277777777777777 0.19554455445544555
3 0.7354166666666667 0.48267326732673266 0.07083333333333333 0.15841584158415842
3 0.18263888888888888 0.4146039603960396 0.07083333333333333 0.09158415841584158
2 0.5326388888888889 0.3353960396039604 0.05416666666666667 0.09653465346534654
3 0.2152777777777778 0.4777227722772277 0.06944444444444445 0.1485148514851485
1 0.15347222222222223 0.599009900990099 0.10138888888888889 0.1782178217821782
3 0.5284722222222222 0.4814356435643564 0.07361111111111111 0.1311881188118812
2 0.7375 0.3415841584158416 0.04722222222222222 0.09405940594059406
3 0.7805555555555556 0.6039603960396039 0.11388888888888889 0.15841584158415842
1 0.46319444444444446 0.34529702970297027 0.07083333333333333 0.10148514851485149
1 0.4548611111111111 0.4084158415841584 0.08194444444444444 0.09405940594059406
1 0.8270833333333333 0.49133663366336633 0.09027777777777778 0.12623762376237624
