2 0.4201388888888889 0.7029702970297029 0.0875 0.17326732673267325
2 0.4361111111111111 0.5853960396039604 0.08333333333333333 0.13613861386138615
2 0.19305555555555556 0.49133663366336633 0.058333333333333334 0.11633663366336634
2 0.5444444444444444 0.7029702970297029 0.08333333333333333 0.2079207920792079
2 0.5305555555555556 0.5754950495049505 0.07222222222222222 0.13613861386138615
2 0.15902777777777777 0.6806930693069307 0.07361111111111111 0.16336633663366337
2 0.8861111111111111 0.6893564356435643 0.06944444444444445 0.17574257425742573
2 0.1125 0.5804455445544554 0.06666666666666667 0.12623762376237624
2 0.2777777777777778 0.49133663366336633 0.058333333333333334 0.12128712871287128
2 0.6826388888888889 0.49876237623762376 0.0625 0.12128712871287128
2 0.24027777777777778 0.4245049504950495 0.05 0.09158415841584158
2 0.8270833333333333 0.5816831683168316 0.06805555555555555 0.13861386138613863
2 0.5333333333333333 0.4381188118811881 0.05277777777777778 0.09900990099009901
1 0.8854166666666666 0.6881188118811881 0.06805555555555555 0.1782178217821782
2 0.6604166666666667 0.4368811881188119 0.04583333333333333 0.10148514851485149
2 0.3145833333333333 0.42574257425742573 0.04861111111111111 0.09900990099009901
2 0.45625 0.504950495049505 0.05416666666666667 0.10396039603960396
2 0.7805555555555556 0.6967821782178217 0.08611111111111111 0.1707920792079208
2 0.7381944444444445 0.44183168316831684 0.043055555555555555 0.09653465346534654
2 0.7277777777777777 0.5717821782178217 0.06944444444444445 0.16336633663366337
1 0.46597222222222223 0.4430693069306931 0.05416666666666667 0.08415841584158416
2 0.5402777777777777 0.5024752475247525 0.05555555555555555 0.09900990099009901
2 0.22083333333333333 0.5742574257425742 0.06666666666666667 0.14356435643564355
