2 0.49027777777777776 0.3725247524752475 0.058333333333333334 0.09653465346534654
3 0.46944444444444444 0.46163366336633666 0.07222222222222222 0.12623762376237624
3 0.3111111111111111 0.3712871287128713 0.058333333333333334 0.10891089108910891
5 0.7055555555555556 0.2871287128712871 0.06388888888888888 0.15346534653465346
2 0.3451388888888889 0.29207920792079206 0.05694444444444444 0.09900990099009901
2 0.7659722222222223 0.452970297029703 0.07361111111111111 0.16336633663366337
2 0.71875 0.3725247524752475 0.0625 0.12623762376237624
3 0.49444444444444446 0.3217821782178218 0.06944444444444445 0.09405940594059406
2 0.56875 0.3131188118811881 0.05138888888888889 0.09653465346534654
2 0.27708333333333335 0.2957920792079208 0.04861111111111111 0.08663366336633663
3 0.22847222222222222 0.35767326732673266 0.05694444444444444 0.11633663366336634
2 0.45 0.5742574257425742 0.08888888888888889 0.18811881188118812
2 0.2534722222222222 0.452970297029703 0.06805555555555555 0.13861386138613863
2 0.1486111111111111 0.4542079207920792 0.08611111111111111 0.11633663366336634
2 0.80625 0.5853960396039604 0.09861111111111111 0.1707920792079208
2 0.8611111111111112 0.46905940594059403 0.06944444444444445 0.12623762376237624
1 0.8083333333333333 0.3811881188118812 0.058333333333333334 0.10396039603960396
2 0.18333333333333332 0.5594059405940595 0.1111111111111111 0.15841584158415842
3 0.5729166666666666 0.5767326732673267 0.10972222222222222 0.18316831683168316
2 0.775 0.3155940594059406 0.04722222222222222 0.09653465346534654
