3 0.8833333333333333 0.6064356435643564 0.07777777777777778 0.16831683168316833
2 0.4097222222222222 0.6039603960396039 0.09166666666666666 0.16336633663366337
2 0.43194444444444446 0.4863861386138614 0.09444444444444444 0.14108910891089108
2 0.31180555555555556 0.327970297029703 0.05138888888888889 0.09653465346534654
2 0.46319444444444446 0.3415841584158416 0.07083333333333333 0.10396039603960396
2 0.7381944444444445 0.3415841584158416 0.04861111111111111 0.09405940594059406
1 0.5430555555555555 0.40222772277227725 0.07777777777777778 0.10643564356435643
3 0.18888888888888888 0.41336633663366334 0.08055555555555556 0.09900990099009901
3 0.78125 0.6039603960396039 0.10972222222222222 0.16336633663366337
3 0.7375 0.48267326732673266 0.07222222222222222 0.1485148514851485
2 0.5333333333333333 0.33663366336633666 0.05277777777777778 0.09405940594059406
0 0.18819444444444444 0.41336633663366334 0.08194444444444444 0.09900990099009901
2 0.5472222222222223 0.5928217821782178 0.10277777777777777 0.19554455445544555
1 0.15347222222222223 0.5977722772277227 0.10138888888888889 0.1806930693069307
1 0.8284722222222223 0.49133663366336633 0.0875 0.12623762376237624
3 0.5284722222222222 0.4814356435643564 0.07361111111111111 0.12623762376237624
1 0.45069444444444445 0.40965346534653463 0.08472222222222223 0.09653465346534654
2 0.23958333333333334 0.327970297029703 0.04861111111111111 0.08663366336633663
3 0.2152777777777778 0.4801980198019802 0.06388888888888888 0.14356435643564355
3 0.27361111111111114 0.3997524752475248 0.058333333333333334 0.10148514851485149
