1 0.755625 0.7955555555555556 0.17625 0.31555555555555553
1 0.038125 0.4088888888888889 0.07625 0.14666666666666667
1 0.339375 0.7744444444444445 0.18875 0.34444444444444444
1 0.84625 0.26 0.065 0.13333333333333333
1 0.409375 0.31666666666666665 0.09875 0.12222222222222222
2 0.215625 0.5588888888888889 0.13375 0.19333333333333333
1 0.58875 0.2411111111111111 0.075 0.12666666666666668
0 0.071875 0.26555555555555554 0.06125 0.07333333333333333
1 0.276875 0.43444444444444447 0.11625 0.15777777777777777
1 0.7625 0.4 0.0975 0.17333333333333334
1 0.67875 0.23666666666666666 0.065 0.1
0 0.3575 0.5788888888888889 0.135 0.14888888888888888
1 0.394375 0.41 0.08375 0.14888888888888888
1 0.928125 0.32555555555555554 0.09375 0.14444444444444443
0 0.1425 0.26 0.0675 0.07555555555555556
1 0.3075 0.3188888888888889 0.0925 0.14444444444444443
1 0.623125 0.31444444444444447 0.09375 0.1622222222222222
0 0.15125 0.8288888888888889 0.185 0.28444444444444444
1 0.653125 0.4077777777777778 0.11125 0.16666666666666666
1 0.709375 0.3088888888888889 0.07375 0.10666666666666667
1 0.438125 0.25333333333333335 0.07125 0.10666666666666667
1 0.15375 0.8233333333333334 0.1925 0.30444444444444446
0 0.350625 0.2588888888888889 0.07375 0.09111111111111111
0 0.125625 0.31333333333333335 0.09125 0.14666666666666667
0 0.934375 0.25 0.08375 0.10444444444444445
