2 0.69375 0.31435643564356436 0.05416666666666667 0.10396039603960396
3 0.19791666666666666 0.5556930693069307 0.09583333333333334 0.1608910891089109
2 0.49027777777777776 0.37376237623762376 0.05555555555555555 0.09900990099009901
2 0.34444444444444444 0.2908415841584158 0.044444444444444446 0.10148514851485149
2 0.56875 0.31435643564356436 0.05138888888888889 0.09900990099009901
2 0.58125 0.5693069306930693 0.10138888888888889 0.19801980198019803
3 0.2625 0.44554455445544555 0.06944444444444445 0.15346534653465346
2 0.5708333333333333 0.3787128712871287 0.05277777777777778 0.0891089108910891
3 0.4465277777777778 0.573019801980198 0.09305555555555556 0.16584158415841585
5 0.19652777777777777 0.33044554455445546 0.059722222222222225 0.18564356435643564
2 0.7631944444444444 0.452970297029703 0.07361111111111111 0.15841584158415842
2 0.5638888888888889 0.4443069306930693 0.07222222222222222 0.14108910891089108
2 0.27569444444444446 0.29455445544554454 0.04861111111111111 0.09405940594059406
2 0.7180555555555556 0.3712871287128713 0.06388888888888888 0.1188118811881188
2 0.85625 0.46905940594059403 0.06805555555555555 0.1311881188118812
2 0.14305555555555555 0.4542079207920792 0.08055555555555556 0.13613861386138615
1 0.4951388888888889 0.3193069306930693 0.0625 0.09405940594059406
2 0.8104166666666667 0.5829207920792079 0.08472222222222223 0.1707920792079208
2 0.775 0.31683168316831684 0.05 0.09900990099009901
3 0.46944444444444444 0.4591584158415842 0.08611111111111111 0.12623762376237624
2 0.8055555555555556 0.3886138613861386 0.05555555555555555 0.11386138613861387
