1 0.315625 0.3111111111111111 0.10125 0.17333333333333334
1 0.65625 0.4077777777777778 0.1075 0.15777777777777777
1 0.275625 0.4311111111111111 0.10875 0.16444444444444445
1 0.333125 0.7644444444444445 0.16875 0.35555555555555557
0 0.34375 0.2611111111111111 0.0775 0.09555555555555556
1 0.768125 0.3977777777777778 0.09375 0.1688888888888889
0 0.14375 0.2477777777777778 0.0625 0.08222222222222222
1 0.84875 0.2544444444444444 0.065 0.12222222222222222
1 0.6225 0.3088888888888889 0.09 0.16
0 0.36125 0.5711111111111111 0.1275 0.18222222222222223
1 0.59625 0.24 0.0825 0.12444444444444444
0 0.125625 0.3211111111111111 0.08625 0.13555555555555557
1 0.70875 0.3088888888888889 0.07 0.10666666666666667
0 0.07125 0.27111111111111114 0.065 0.08444444444444445
1 0.915625 0.7777777777777778 0.14625 0.26666666666666666
1 0.435625 0.24555555555555555 0.07625 0.11333333333333333
1 0.930625 0.24666666666666667 0.06625 0.12
0 0.158125 0.8055555555555556 0.17125 0.18
1 0.675625 0.23444444444444446 0.05875 0.10444444444444445
0 0.041875 0.4266666666666667 0.08375 0.11555555555555555
1 0.918125 0.32222222222222224 0.07625 0.1288888888888889
1 0.031875 0.32555555555555554 0.06375 0.11777777777777777
1 0.413125 0.31555555555555553 0.09375 0.13777777777777778
1 0.213125 0.5566666666666666 0.12625 0.18888888888888888
