0 0.7729166666666667 0.327970297029703 0.07083333333333333 0.08663366336633663
0 0.49375 0.3341584158415842 0.0763888888888889 0.07425742574257425
0 0.23194444444444445 0.38613861386138615 0.07222222222222222 0.07425742574257425
0 0.8645833333333334 0.4876237623762376 0.09583333333333334 0.09900990099009901
0 0.26944444444444443 0.3118811881188119 0.06388888888888888 0.07425742574257425
0 0.44375 0.6002475247524752 0.13194444444444445 0.11138613861386139
0 0.8090277777777778 0.6064356435643564 0.11805555555555555 0.12376237623762376
0 0.7041666666666667 0.33044554455445546 0.07222222222222222 0.08168316831683169
0 0.1909722222222222 0.5581683168316832 0.09583333333333334 0.1905940594059406
2 0.5611111111111111 0.4467821782178218 0.07777777777777778 0.14603960396039603
0 0.5625 0.3193069306930693 0.06666666666666667 0.0891089108910891
3 0.4652777777777778 0.45544554455445546 0.1 0.1485148514851485
0 0.14791666666666667 0.4628712871287129 0.07916666666666666 0.10396039603960396
0 0.24583333333333332 0.46534653465346537 0.08055555555555556 0.10891089108910891
0 0.8055555555555556 0.3972772277227723 0.08055555555555556 0.08663366336633663
0 0.34375 0.3056930693069307 0.06527777777777778 0.08168316831683169
0 0.3125 0.3849009900990099 0.08888888888888889 0.09158415841584158
0 0.48680555555555555 0.3712871287128713 0.07083333333333333 0.07920792079207921
0 0.7652777777777777 0.46534653465346537 0.09444444444444444 0.14356435643564355
0 0.5708333333333333 0.5952970297029703 0.11666666666666667 0.1311881188118812
0 0.7166666666666667 0.400990099009901 0.08055555555555556 0.07920792079207921
