2 0.590625 0.23444444444444446 0.07375 0.14888888888888888
2 0.3175 0.31222222222222223 0.0875 0.1622222222222222
2 0.123125 0.31555555555555553 0.08125 0.16
2 0.03375 0.4033333333333333 0.0675 0.15333333333333332
2 0.69875 0.5411111111111111 0.1175 0.24222222222222223
2 0.818125 0.5444444444444444 0.09125 0.17333333333333334
0 0.069375 0.27 0.06375 0.08222222222222222
2 0.15375 0.23666666666666666 0.05 0.10444444444444445
1 0.9175 0.7988888888888889 0.1525 0.2822222222222222
2 0.61875 0.29444444444444445 0.08 0.1622222222222222
0 0.766875 0.8122222222222222 0.12375 0.18
2 0.6675 0.23555555555555555 0.0575 0.10666666666666667
2 0.3525 0.25 0.06 0.11333333333333333
2 0.393125 0.4122222222222222 0.08125 0.14444444444444443
2 0.363125 0.5433333333333333 0.09625 0.19777777777777777
1 0.849375 0.2577777777777778 0.06125 0.14222222222222222
2 0.03375 0.31333333333333335 0.0675 0.12
1 0.7075 0.30777777777777776 0.07 0.11777777777777777
2 0.97875 0.3188888888888889 0.0375 0.12666666666666668
2 0.413125 0.30444444444444446 0.07375 0.1511111111111111
2 0.218125 0.5544444444444444 0.12375 0.18888888888888888
2 0.336875 0.7711111111111111 0.17375 0.37777777777777777
2 0.76875 0.3933333333333333 0.09 0.1688888888888889
2 0.93 0.24 0.0575 0.12444444444444444
2 0.276875 0.4211111111111111 0.09625 0.18444444444444444
2 0.655625 0.40555555555555556 0.09125 0.17555555555555555
2 0.92375 0.32555555555555554 0.08 0.14
2 0.44 0.23666666666666666 0.07 0.13111111111111112
2 0.161875 0.78 0.16375 0.31555555555555553
