2 0.4201388888888889 0.7029702970297029 0.0875 0.17326732673267325
2 0.4361111111111111 0.5853960396039604 0.08333333333333333 0.13613861386138615
2 0.5444444444444444 0.7029702970297029 0.08333333333333333 0.2079207920792079
2 0.45694444444444443 0.504950495049505 0.05 0.09405940594059406
2 0.27708333333333335 0.49504950495049505 0.05694444444444444 0.1188118811881188
2 0.6611111111111111 0.4368811881188119 0.044444444444444446 0.10148514851485149
2 0.1951388888888889 0.49504950495049505 0.059722222222222225 0.1188118811881188
2 0.5298611111111111 0.5742574257425742 0.07361111111111111 0.13366336633663367
1 0.7694444444444445 0.4938118811881188 0.05555555555555555 0.11633663366336634
2 0.7805555555555556 0.6992574257425742 0.08611111111111111 0.1707920792079208
2 0.24027777777777778 0.4245049504950495 0.05 0.09158415841584158
2 0.5409722222222222 0.5037128712871287 0.05416666666666667 0.09653465346534654
2 0.22013888888888888 0.5754950495049505 0.06527777777777778 0.14108910891089108
2 0.11180555555555556 0.5804455445544554 0.06805555555555555 0.1311881188118812
2 0.6826388888888889 0.49876237623762376 0.0625 0.11633663366336634
2 0.5333333333333333 0.4381188118811881 0.05277777777777778 0.09900990099009901
2 0.3138888888888889 0.42574257425742573 0.05 0.09900990099009901
1 0.4652777777777778 0.45173267326732675 0.05555555555555555 0.08168316831683169
2 0.7277777777777777 0.5717821782178217 0.06944444444444445 0.16336633663366337
2 0.15208333333333332 0.6794554455445545 0.10416666666666667 0.15594059405940594
2 0.7395833333333334 0.44183168316831684 0.043055555555555555 0.09653465346534654
2 0.8263888888888888 0.5816831683168316 0.06944444444444445 0.13861386138613863
2 0.8861111111111111 0.6893564356435643 0.06944444444444445 0.1707920792079208
