0 0.34875 0.2633333333333333 0.07 0.09111111111111111
0 0.35875 0.58 0.13 0.1688888888888889
2 0.91625 0.32555555555555554 0.0775 0.12666666666666668
0 0.139375 0.26555555555555554 0.06375 0.06
1 0.62375 0.3111111111111111 0.0925 0.15555555555555556
1 0.27375 0.43666666666666665 0.115 0.1622222222222222
1 0.58625 0.23333333333333334 0.0675 0.13777777777777778
1 0.7075 0.31 0.075 0.10444444444444445
0 0.031875 0.32555555555555554 0.06375 0.11777777777777777
1 0.4125 0.3211111111111111 0.1025 0.12666666666666668
1 0.67375 0.2388888888888889 0.0625 0.10444444444444445
1 0.3325 0.7688888888888888 0.1725 0.35555555555555557
1 0.84875 0.2577777777777778 0.065 0.12
0 0.038125 0.4266666666666667 0.07625 0.12
1 0.435 0.2511111111111111 0.0775 0.10666666666666667
2 0.92625 0.24888888888888888 0.06 0.12444444444444444
0 0.125625 0.3233333333333333 0.08375 0.13111111111111112
1 0.915 0.7911111111111111 0.145 0.28444444444444444
0 0.1625 0.8111111111111111 0.1625 0.1688888888888889
1 0.311875 0.3088888888888889 0.09625 0.16444444444444445
1 0.65625 0.4088888888888889 0.11 0.1511111111111111
0 0.071875 0.27 0.06375 0.08666666666666667
1 0.389375 0.4311111111111111 0.08625 0.12
1 0.76625 0.4033333333333333 0.095 0.15777777777777777
