2 0.53125 0.568069306930693 0.07083333333333333 0.15099009900990099
2 0.24097222222222223 0.422029702970297 0.04861111111111111 0.09158415841584158
2 0.5368055555555555 0.5024752475247525 0.05694444444444444 0.09900990099009901
2 0.11319444444444444 0.5779702970297029 0.07083333333333333 0.12623762376237624
2 0.7722222222222223 0.49876237623762376 0.05277777777777778 0.10643564356435643
2 0.7354166666666667 0.4344059405940594 0.04861111111111111 0.10148514851485149
2 0.3145833333333333 0.41955445544554454 0.04861111111111111 0.10148514851485149
2 0.5319444444444444 0.4282178217821782 0.04722222222222222 0.09900990099009901
2 0.4548611111111111 0.4975247524752475 0.0625 0.10891089108910891
2 0.4625 0.43935643564356436 0.05277777777777778 0.08663366336633663
2 0.6805555555555556 0.49504950495049505 0.05555555555555555 0.1188118811881188
4 0.1798611111111111 0.49133663366336633 0.06805555555555555 0.12128712871287128
2 0.21388888888888888 0.5754950495049505 0.06944444444444445 0.15099009900990099
4 0.8840277777777777 0.6881188118811881 0.06805555555555555 0.17326732673267325
2 0.16041666666666668 0.6831683168316832 0.08472222222222223 0.15346534653465346
5 0.7173611111111111 0.6497524752475248 0.08472222222222223 0.26485148514851486
2 0.275 0.4938118811881188 0.05555555555555555 0.12623762376237624
2 0.43819444444444444 0.5804455445544554 0.07083333333333333 0.1311881188118812
2 0.6597222222222222 0.43935643564356436 0.04722222222222222 0.09158415841584158
5 0.7743055555555556 0.2004950495049505 0.043055555555555555 0.13366336633663367
2 0.5458333333333333 0.7004950495049505 0.10555555555555556 0.20297029702970298
4 0.4166666666666667 0.7042079207920792 0.09444444444444444 0.17574257425742573
2 0.8229166666666666 0.5829207920792079 0.0625 0.13613861386138615
