2 0.19583333333333333 0.49504950495049505 0.06666666666666667 0.10396039603960396
2 0.15763888888888888 0.6844059405940595 0.07083333333333333 0.15594059405940594
2 0.43680555555555556 0.5779702970297029 0.0625 0.12623762376237624
5 0.8604166666666667 0.1844059405940594 0.04027777777777778 0.11138613861386139
2 0.2388888888888889 0.4207920792079208 0.05 0.09405940594059406
2 0.46319444444444446 0.4344059405940594 0.05138888888888889 0.09158415841584158
2 0.53125 0.42945544554455445 0.05138888888888889 0.10148514851485149
2 0.11319444444444444 0.5804455445544554 0.07083333333333333 0.11633663366336634
2 0.275 0.4938118811881188 0.05555555555555555 0.12128712871287128
4 0.8881944444444444 0.6868811881188119 0.06527777777777778 0.1707920792079208
2 0.55 0.698019801980198 0.09444444444444444 0.21782178217821782
2 0.8277777777777777 0.5829207920792079 0.07777777777777778 0.12623762376237624
2 0.31319444444444444 0.42326732673267325 0.05138888888888889 0.10396039603960396
2 0.5305555555555556 0.573019801980198 0.07222222222222222 0.15594059405940594
2 0.7861111111111111 0.6992574257425742 0.08333333333333333 0.1707920792079208
2 0.7381944444444445 0.43316831683168316 0.04861111111111111 0.10396039603960396
2 0.4576388888888889 0.4975247524752475 0.05138888888888889 0.11386138613861387
2 0.4222222222222222 0.6992574257425742 0.08888888888888889 0.18564356435643564
5 0.6715277777777777 0.5272277227722773 0.08472222222222223 0.23267326732673269
2 0.21805555555555556 0.5742574257425742 0.06388888888888888 0.1485148514851485
2 0.7722222222222223 0.4975247524752475 0.05555555555555555 0.11386138613861387
2 0.5340277777777778 0.5012376237623762 0.0625 0.10148514851485149
