2 0.18819444444444444 0.48886138613861385 0.0625 0.11633663366336634
2 0.7402777777777778 0.4368811881188119 0.05 0.10148514851485149
2 0.24097222222222223 0.42326732673267325 0.04861111111111111 0.0891089108910891
2 0.5409722222222222 0.6881188118811881 0.09583333333333334 0.19801980198019803
2 0.5326388888888889 0.43316831683168316 0.05416666666666667 0.09900990099009901
2 0.1111111111111111 0.5841584158415841 0.06944444444444445 0.12376237623762376
2 0.5402777777777777 0.5037128712871287 0.058333333333333334 0.09653465346534654
2 0.7298611111111111 0.573019801980198 0.07361111111111111 0.16584158415841585
2 0.4201388888888889 0.698019801980198 0.09027777777777778 0.1782178217821782
2 0.8861111111111111 0.6844059405940595 0.06666666666666667 0.18564356435643564
2 0.45625 0.5012376237623762 0.05416666666666667 0.10148514851485149
2 0.16041666666666668 0.6806930693069307 0.06805555555555555 0.15346534653465346
1 0.7694444444444445 0.4975247524752475 0.05277777777777778 0.10891089108910891
2 0.21597222222222223 0.573019801980198 0.06527777777777778 0.14603960396039603
2 0.6826388888888889 0.49504950495049505 0.0625 0.1188118811881188
2 0.4625 0.4368811881188119 0.05277777777777778 0.09653465346534654
2 0.6611111111111111 0.43935643564356436 0.044444444444444446 0.10148514851485149
2 0.275 0.4975247524752475 0.07777777777777778 0.1188118811881188
2 0.7840277777777778 0.7017326732673267 0.0875 0.16584158415841585
2 0.43333333333333335 0.5829207920792079 0.09722222222222222 0.13613861386138615
2 0.3138888888888889 0.42326732673267325 0.05 0.09900990099009901
2 0.5305555555555556 0.5693069306930693 0.07222222222222222 0.14356435643564355
1 0.8236111111111111 0.5829207920792079 0.06666666666666667 0.12623762376237624
