2 0.425 0.49133663366336633 0.08888888888888889 0.12623762376237624
2 0.8277777777777777 0.49257425742574257 0.08888888888888889 0.1188118811881188
2 0.7347222222222223 0.47648514851485146 0.075 0.16584158415841585
2 0.7409722222222223 0.34282178217821785 0.05138888888888889 0.09158415841584158
2 0.3125 0.327970297029703 0.05277777777777778 0.09653465346534654
2 0.6868055555555556 0.3997524752475248 0.0625 0.12128712871287128
2 0.24027777777777778 0.32673267326732675 0.05 0.08415841584158416
2 0.5333333333333333 0.3378712871287129 0.05277777777777778 0.09158415841584158
2 0.7756944444444445 0.40222772277227725 0.05138888888888889 0.10643564356435643
3 0.8798611111111111 0.6051980198019802 0.07916666666666666 0.1707920792079208
3 0.7680555555555556 0.6113861386138614 0.09166666666666666 0.19801980198019803
2 0.54375 0.599009900990099 0.10694444444444444 0.18811881188118812
2 0.15347222222222223 0.599009900990099 0.10138888888888889 0.19306930693069307
2 0.4111111111111111 0.6027227722772277 0.08888888888888889 0.1707920792079208
2 0.18611111111111112 0.40470297029702973 0.07222222222222222 0.10643564356435643
2 0.45625 0.3972772277227723 0.05694444444444444 0.11138613861386139
1 0.5395833333333333 0.40594059405940597 0.07361111111111111 0.10891089108910891
2 0.11666666666666667 0.4814356435643564 0.07222222222222222 0.12623762376237624
2 0.6631944444444444 0.34405940594059403 0.04583333333333333 0.09405940594059406
1 0.2743055555555556 0.3997524752475248 0.0625 0.10643564356435643
1 0.4625 0.34777227722772275 0.08055555555555556 0.09158415841584158
4 0.2125 0.46905940594059403 0.06944444444444445 0.15099009900990099
