2 0.8326388888888889 0.5816831683168316 0.09027777777777778 0.16336633663366337
4 0.48541666666666666 0.452970297029703 0.07361111111111111 0.13861386138613863
1 0.7861111111111111 0.31683168316831684 0.05555555555555555 0.10396039603960396
1 0.23680555555555555 0.3626237623762376 0.06805555555555555 0.10148514851485149
2 0.7881944444444444 0.45544554455445546 0.0763888888888889 0.16831683168316833
3 0.21458333333333332 0.5470297029702971 0.08472222222222223 0.15346534653465346
4 0.4708333333333333 0.573019801980198 0.08888888888888889 0.18564356435643564
2 0.11041666666666666 0.5408415841584159 0.059722222222222225 0.15099009900990099
3 0.3236111111111111 0.36014851485148514 0.07777777777777778 0.12623762376237624
4 0.17569444444444443 0.44801980198019803 0.0625 0.12376237623762376
1 0.8284722222222223 0.38366336633663367 0.05694444444444444 0.11386138613861387
2 0.8784722222222222 0.46534653465346537 0.0625 0.12376237623762376
4 0.5965277777777778 0.3725247524752475 0.05694444444444444 0.11138613861386139
1 0.5229166666666667 0.3155940594059406 0.059722222222222225 0.10643564356435643
1 0.36736111111111114 0.2957920792079208 0.05416666666666667 0.09653465346534654
2 0.7486111111111111 0.37995049504950495 0.05555555555555555 0.11138613861386139
4 0.58125 0.4443069306930693 0.07361111111111111 0.15594059405940594
4 0.2673611111111111 0.4368811881188119 0.07083333333333333 0.14108910891089108
1 0.7208333333333333 0.3180693069306931 0.05 0.08663366336633663
4 0.5972222222222222 0.5717821782178217 0.09722222222222222 0.18316831683168316
1 0.29930555555555555 0.2908415841584158 0.05138888888888889 0.09158415841584158
2 0.5930555555555556 0.3131188118811881 0.05 0.09653465346534654
1 0.5145833333333333 0.3613861386138614 0.05694444444444444 0.10891089108910891
