2 0.8256944444444444 0.5829207920792079 0.0763888888888889 0.12623762376237624
2 0.31180555555555556 0.42326732673267325 0.04861111111111111 0.10396039603960396
2 0.7298611111111111 0.5717821782178217 0.07361111111111111 0.16831683168316833
2 0.4236111111111111 0.7054455445544554 0.09166666666666666 0.18811881188118812
2 0.19652777777777777 0.4839108910891089 0.0625 0.11138613861386139
2 0.11319444444444444 0.5754950495049505 0.07083333333333333 0.12623762376237624
2 0.4534722222222222 0.5012376237623762 0.05416666666666667 0.09653465346534654
2 0.5319444444444444 0.42945544554455445 0.05277777777777778 0.10148514851485149
2 0.21180555555555555 0.5742574257425742 0.06805555555555555 0.1485148514851485
2 0.5319444444444444 0.573019801980198 0.06944444444444445 0.14603960396039603
2 0.2743055555555556 0.49876237623762376 0.05694444444444444 0.10643564356435643
2 0.5375 0.5 0.05555555555555555 0.09405940594059406
2 0.15555555555555556 0.6806930693069307 0.075 0.15346534653465346
5 0.5944444444444444 0.6472772277227723 0.075 0.2599009900990099
2 0.6840277777777778 0.4962871287128713 0.0625 0.12128712871287128
2 0.6604166666666667 0.43935643564356436 0.043055555555555555 0.09653465346534654
2 0.7729166666666667 0.4938118811881188 0.05416666666666667 0.11138613861386139
2 0.43194444444444446 0.5816831683168316 0.07222222222222222 0.13366336633663367
2 0.24097222222222223 0.4245049504950495 0.04861111111111111 0.09158415841584158
2 0.7333333333333333 0.4381188118811881 0.05 0.10396039603960396
2 0.8888888888888888 0.6967821782178217 0.06666666666666667 0.1707920792079208
2 0.7875 0.7079207920792079 0.08888888888888889 0.15346534653465346
2 0.4618055555555556 0.44183168316831684 0.07083333333333333 0.10148514851485149
