2 0.7729166666666667 0.31683168316831684 0.04583333333333333 0.09405940594059406
2 0.19375 0.5544554455445545 0.10138888888888889 0.17326732673267325
2 0.3458333333333333 0.2933168316831683 0.04722222222222222 0.09653465346534654
2 0.5680555555555555 0.3131188118811881 0.05277777777777778 0.09653465346534654
2 0.1423611111111111 0.4566831683168317 0.0763888888888889 0.1311881188118812
2 0.49166666666666664 0.375 0.05277777777777778 0.09653465346534654
2 0.7645833333333333 0.4542079207920792 0.07361111111111111 0.15594059405940594
2 0.275 0.29207920792079206 0.05 0.0891089108910891
5 0.1986111111111111 0.33044554455445546 0.06111111111111111 0.18564356435643564
3 0.5805555555555556 0.5717821782178217 0.10833333333333334 0.18811881188118812
2 0.8576388888888888 0.46782178217821785 0.07083333333333333 0.1188118811881188
2 0.4930555555555556 0.32673267326732675 0.06666666666666667 0.08415841584158416
2 0.6944444444444444 0.31683168316831684 0.05555555555555555 0.09900990099009901
2 0.7194444444444444 0.37376237623762376 0.06388888888888888 0.12376237623762376
3 0.47152777777777777 0.4591584158415842 0.08472222222222223 0.1311881188118812
2 0.5625 0.44801980198019803 0.07222222222222222 0.14356435643564355
2 0.4486111111111111 0.5717821782178217 0.08888888888888889 0.16831683168316833
2 0.5652777777777778 0.37995049504950495 0.05 0.09653465346534654
2 0.8097222222222222 0.5853960396039604 0.08611111111111111 0.17574257425742573
2 0.80625 0.3873762376237624 0.05694444444444444 0.11138613861386139
2 0.3013888888888889 0.37004950495049505 0.05555555555555555 0.10643564356435643
2 0.24930555555555556 0.44554455445544555 0.06527777777777778 0.13861386138613863
