2 0.6819444444444445 0.4962871287128713 0.06111111111111111 0.11633663366336634
2 0.4236111111111111 0.7054455445544554 0.09166666666666666 0.18316831683168316
2 0.5375 0.5 0.058333333333333334 0.09900990099009901
2 0.7826388888888889 0.7004950495049505 0.09583333333333334 0.15841584158415842
2 0.15625 0.6831683168316832 0.07361111111111111 0.15346534653465346
2 0.3125 0.4207920792079208 0.05 0.10396039603960396
2 0.45416666666666666 0.5037128712871287 0.05277777777777778 0.09653465346534654
1 0.11180555555555556 0.5792079207920792 0.06805555555555555 0.1188118811881188
2 0.5305555555555556 0.5717821782178217 0.06944444444444445 0.15346534653465346
2 0.8888888888888888 0.6943069306930693 0.06666666666666667 0.17574257425742573
2 0.8263888888888888 0.5829207920792079 0.075 0.12623762376237624
2 0.2743055555555556 0.49876237623762376 0.05694444444444444 0.10643564356435643
2 0.5451388888888888 0.6732673267326733 0.08472222222222223 0.21287128712871287
2 0.5305555555555556 0.4282178217821782 0.05555555555555555 0.09900990099009901
2 0.7729166666666667 0.49257425742574257 0.05416666666666667 0.11386138613861387
2 0.19722222222222222 0.4863861386138614 0.06388888888888888 0.11633663366336634
2 0.24097222222222223 0.42326732673267325 0.04861111111111111 0.09405940594059406
2 0.73125 0.5705445544554455 0.07361111111111111 0.16584158415841585
2 0.7340277777777777 0.4381188118811881 0.05138888888888889 0.10396039603960396
2 0.4625 0.44183168316831684 0.06944444444444445 0.09653465346534654
2 0.20902777777777778 0.573019801980198 0.07083333333333333 0.15099009900990099
2 0.6638888888888889 0.4405940594059406 0.05 0.09405940594059406
2 0.43194444444444446 0.5804455445544554 0.07222222222222222 0.1311881188118812
