2 0.8715277777777778 0.17326732673267325 0.05694444444444444 0.09405940594059406
2 0.8840277777777777 0.681930693069307 0.07083333333333333 0.1806930693069307
2 0.7715277777777778 0.49504950495049505 0.05138888888888889 0.11386138613861387
2 0.7361111111111112 0.4344059405940594 0.05 0.10148514851485149
2 0.6618055555555555 0.43316831683168316 0.04583333333333333 0.09900990099009901
2 0.5319444444444444 0.4319306930693069 0.05 0.10148514851485149
2 0.41944444444444445 0.7017326732673267 0.08333333333333333 0.18564356435643564
2 0.15625 0.681930693069307 0.07361111111111111 0.15594059405940594
2 0.1111111111111111 0.5804455445544554 0.06666666666666667 0.12128712871287128
2 0.24027777777777778 0.422029702970297 0.04722222222222222 0.09158415841584158
2 0.5298611111111111 0.5717821782178217 0.07361111111111111 0.15346534653465346
2 0.5340277777777778 0.5012376237623762 0.059722222222222225 0.09653465346534654
2 0.825 0.5804455445544554 0.06388888888888888 0.1311881188118812
2 0.31319444444444444 0.4207920792079208 0.05138888888888889 0.10396039603960396
2 0.45625 0.5 0.05416666666666667 0.10891089108910891
2 0.7847222222222222 0.7066831683168316 0.08611111111111111 0.15594059405940594
1 0.4618055555555556 0.4443069306930693 0.07083333333333333 0.08168316831683169
2 0.7326388888888888 0.5693069306930693 0.07361111111111111 0.16831683168316833
2 0.19166666666666668 0.48886138613861385 0.06111111111111111 0.11633663366336634
2 0.2743055555555556 0.4938118811881188 0.059722222222222225 0.12128712871287128
2 0.6819444444444445 0.49133663366336633 0.06666666666666667 0.11138613861386139
2 0.5520833333333334 0.7004950495049505 0.09583333333333334 0.21782178217821782
2 0.21805555555555556 0.5742574257425742 0.06388888888888888 0.1485148514851485
2 0.4361111111111111 0.5792079207920792 0.06666666666666667 0.12871287128712872
