0 0.1425 0.8544444444444445 0.1925 0.20222222222222222
0 0.03875 0.4311111111111111 0.0775 0.1111111111111111
0 0.36625 0.5633333333333334 0.14 0.19777777777777777
0 0.434375 0.26222222222222225 0.08375 0.08888888888888889
0 0.32125 0.8355555555555556 0.165 0.18222222222222223
0 0.13625 0.26 0.07 0.06666666666666667
0 0.76625 0.7888888888888889 0.1775 0.25333333333333335
0 0.214375 0.5666666666666667 0.12625 0.17777777777777778
0 0.718125 0.3288888888888889 0.09375 0.09333333333333334
0 0.071875 0.27111111111111114 0.06125 0.07555555555555556
0 0.77 0.43333333333333335 0.09 0.10222222222222223
2 0.92375 0.7744444444444445 0.125 0.2822222222222222
0 0.34 0.26666666666666666 0.08 0.08444444444444445
0 0.271875 0.43 0.11125 0.14444444444444443
0 0.131875 0.33 0.08875 0.11333333333333333
0 0.85125 0.27555555555555555 0.0725 0.09333333333333334
0 0.31 0.3433333333333333 0.09 0.1
0 0.41 0.3333333333333333 0.105 0.10222222222222223
0 0.69875 0.5777777777777777 0.1275 0.16
0 0.93 0.26222222222222225 0.0725 0.08444444444444445
0 0.39 0.4477777777777778 0.115 0.11333333333333333
0 0.658125 0.43 0.11375 0.11777777777777777
0 0.925 0.3488888888888889 0.0975 0.09777777777777778
0 0.59375 0.24888888888888888 0.0825 0.11555555555555555
0 0.688125 0.25666666666666665 0.08375 0.08666666666666667
0 0.6225 0.33111111111111113 0.0925 0.10222222222222223
0 0.031875 0.33555555555555555 0.06125 0.08888888888888889
