0 0.0375 0.42444444444444446 0.075 0.12444444444444444
1 0.30875 0.31333333333333335 0.09 0.15555555555555556
0 0.358125 0.5788888888888889 0.14625 0.14444444444444443
1 0.275 0.43555555555555553 0.1225 0.15555555555555556
1 0.92125 0.7688888888888888 0.1425 0.27111111111111114
1 0.1575 0.7611111111111111 0.1875 0.4022222222222222
1 0.590625 0.24222222222222223 0.07625 0.1288888888888889
1 0.621875 0.31 0.09125 0.1622222222222222
0 0.9325 0.2544444444444444 0.0775 0.09111111111111111
3 0.395625 0.4122222222222222 0.07875 0.14888888888888888
0 0.030625 0.33666666666666667 0.06125 0.07777777777777778
1 0.71 0.3088888888888889 0.0725 0.1111111111111111
0 0.126875 0.3188888888888889 0.09125 0.15333333333333332
0 0.926875 0.32555555555555554 0.09375 0.14888888888888888
1 0.679375 0.2388888888888889 0.06375 0.10444444444444445
1 0.76125 0.4033333333333333 0.0925 0.1711111111111111
1 0.65875 0.4033333333333333 0.1025 0.1622222222222222
0 0.068125 0.2677777777777778 0.06375 0.07777777777777778
0 0.144375 0.2577777777777778 0.06625 0.07555555555555556
1 0.41 0.31444444444444447 0.095 0.12666666666666668
1 0.756875 0.7822222222222223 0.17875 0.28888888888888886
1 0.34875 0.25 0.07 0.10444444444444445
1 0.848125 0.2588888888888889 0.06875 0.13111111111111112
1 0.435625 0.24444444444444444 0.07375 0.11555555555555555
1 0.33875 0.7788888888888889 0.185 0.34444444444444444
