0 0.071875 0.2722222222222222 0.06125 0.07777777777777778
2 0.409375 0.30444444444444446 0.07625 0.1511111111111111
2 0.3375 0.7722222222222223 0.165 0.35333333333333333
2 0.360625 0.5377777777777778 0.10625 0.19555555555555557
2 0.625625 0.30444444444444446 0.07125 0.13777777777777778
2 0.7025 0.5477777777777778 0.1075 0.19333333333333333
2 0.91625 0.7844444444444445 0.1575 0.3022222222222222
2 0.65875 0.4033333333333333 0.095 0.1711111111111111
2 0.849375 0.26222222222222225 0.06625 0.13777777777777778
2 0.395 0.4033333333333333 0.0825 0.15333333333333332
2 0.443125 0.23777777777777778 0.06375 0.13333333333333333
2 0.7675 0.3977777777777778 0.0875 0.16444444444444445
2 0.316875 0.31444444444444447 0.08375 0.15777777777777777
2 0.356875 0.2477777777777778 0.05875 0.11333333333333333
2 0.668125 0.23777777777777778 0.05375 0.1111111111111111
2 0.123125 0.31444444444444447 0.08375 0.15333333333333332
2 0.7075 0.3088888888888889 0.07 0.12444444444444444
1 0.03375 0.31222222222222223 0.0675 0.11333333333333333
2 0.2775 0.4211111111111111 0.095 0.18444444444444444
2 0.590625 0.23555555555555555 0.06875 0.13777777777777778
2 0.033125 0.40555555555555556 0.06625 0.15777777777777777
2 0.163125 0.7788888888888889 0.16625 0.31777777777777777
2 0.15375 0.23555555555555555 0.0525 0.10222222222222223
2 0.91375 0.3233333333333333 0.07 0.14444444444444443
2 0.931875 0.24555555555555555 0.05875 0.14
2 0.218125 0.5544444444444444 0.12375 0.18888888888888888
