2 0.5319444444444444 0.4344059405940594 0.05 0.09653465346534654
2 0.4576388888888889 0.5037128712871287 0.05694444444444444 0.10643564356435643
2 0.1597222222222222 0.6893564356435643 0.07222222222222222 0.14603960396039603
2 0.7756944444444445 0.49504950495049505 0.05694444444444444 0.1188118811881188
2 0.5381944444444444 0.504950495049505 0.05694444444444444 0.09405940594059406
2 0.46597222222222223 0.4344059405940594 0.05138888888888889 0.09158415841584158
2 0.275 0.4962871287128713 0.058333333333333334 0.12128712871287128
2 0.41805555555555557 0.7066831683168316 0.09444444444444444 0.1806930693069307
2 0.18958333333333333 0.49876237623762376 0.07083333333333333 0.11138613861386139
2 0.43819444444444444 0.5816831683168316 0.07083333333333333 0.12376237623762376
2 0.8229166666666666 0.5866336633663366 0.0625 0.12871287128712872
2 0.5305555555555556 0.5693069306930693 0.06944444444444445 0.14356435643564355
2 0.5451388888888888 0.6893564356435643 0.0875 0.2004950495049505
2 0.7840277777777778 0.7066831683168316 0.08472222222222223 0.16584158415841585
2 0.24027777777777778 0.42326732673267325 0.04722222222222222 0.09405940594059406
2 0.73125 0.5717821782178217 0.07361111111111111 0.16831683168316833
2 0.3125 0.422029702970297 0.05 0.10148514851485149
2 0.6826388888888889 0.4975247524752475 0.06527777777777778 0.11386138613861387
2 0.6652777777777777 0.43935643564356436 0.05 0.10148514851485149
2 0.1125 0.5841584158415841 0.06666666666666667 0.12871287128712872
2 0.21388888888888888 0.5754950495049505 0.06944444444444445 0.14603960396039603
2 0.7375 0.43564356435643564 0.05277777777777778 0.10396039603960396
