0 0.8111111111111111 0.3948019801980198 0.06388888888888888 0.08663366336633663
0 0.8090277777777778 0.6076732673267327 0.12083333333333333 0.11138613861386139
0 0.7777777777777778 0.3316831683168317 0.06388888888888888 0.08415841584158416
0 0.7229166666666667 0.375 0.07083333333333333 0.10148514851485149
0 0.48680555555555555 0.38242574257425743 0.06805555555555555 0.09158415841584158
0 0.18611111111111112 0.5631188118811881 0.1 0.14108910891089108
0 0.2708333333333333 0.3180693069306931 0.06666666666666667 0.06683168316831684
0 0.30486111111111114 0.3811881188118812 0.06805555555555555 0.0891089108910891
0 0.225 0.3787128712871287 0.07222222222222222 0.09900990099009901
2 0.44027777777777777 0.5717821782178217 0.09444444444444444 0.1782178217821782
0 0.8597222222222223 0.48514851485148514 0.08333333333333333 0.10396039603960396
0 0.24930555555555556 0.4381188118811881 0.0625 0.1485148514851485
0 0.49583333333333335 0.3193069306930693 0.075 0.10396039603960396
0 0.7076388888888889 0.3292079207920792 0.07916666666666666 0.07920792079207921
1 0.34097222222222223 0.30445544554455445 0.06527777777777778 0.09405940594059406
1 0.5659722222222222 0.3811881188118812 0.08194444444444444 0.09405940594059406
0 0.7611111111111111 0.46534653465346537 0.09722222222222222 0.1485148514851485
0 0.5652777777777778 0.32301980198019803 0.07222222222222222 0.09158415841584158
0 0.5722222222222222 0.5693069306930693 0.12777777777777777 0.19306930693069307
1 0.4673611111111111 0.46534653465346537 0.09027777777777778 0.12871287128712872
0 0.14444444444444443 0.44183168316831684 0.08611111111111111 0.13613861386138615
