1 0.0725 0.2588888888888889 0.0625 0.08666666666666667
1 0.03 0.31444444444444447 0.06 0.11777777777777777
1 0.919375 0.79 0.15875 0.31333333333333335
1 0.675 0.23777777777777778 0.0575 0.10222222222222223
1 0.71125 0.30777777777777776 0.07 0.11333333333333333
2 0.588125 0.24 0.06875 0.13333333333333333
2 0.700625 0.5455555555555556 0.11375 0.18888888888888888
2 0.414375 0.32 0.09875 0.14666666666666667
0 0.92125 0.33111111111111113 0.0825 0.11555555555555555
1 0.825 0.5588888888888889 0.1425 0.15777777777777777
0 0.92875 0.26 0.07 0.07555555555555556
1 0.199375 0.56 0.10375 0.18222222222222223
0 0.743125 0.8144444444444444 0.15375 0.2866666666666667
2 0.3175 0.31 0.0875 0.1711111111111111
1 0.6575 0.4022222222222222 0.105 0.17777777777777778
1 0.62125 0.30666666666666664 0.08 0.16
1 0.384375 0.42333333333333334 0.09625 0.14
1 0.436875 0.2411111111111111 0.07625 0.11777777777777777
0 0.345625 0.2611111111111111 0.07375 0.08666666666666667
1 0.035 0.4111111111111111 0.07 0.13333333333333333
1 0.85 0.25333333333333335 0.06 0.12444444444444444
1 0.125 0.3088888888888889 0.0975 0.16
2 0.7675 0.3933333333333333 0.095 0.17333333333333334
1 0.278125 0.4066666666666667 0.10625 0.18222222222222223
1 0.143125 0.7988888888888889 0.16625 0.26
