2 0.45694444444444443 0.49504950495049505 0.05555555555555555 0.1188118811881188
2 0.2152777777777778 0.5754950495049505 0.06666666666666667 0.14108910891089108
2 0.275 0.49876237623762376 0.05555555555555555 0.10643564356435643
2 0.24166666666666667 0.4245049504950495 0.04722222222222222 0.09158415841584158
2 0.7298611111111111 0.5705445544554455 0.07361111111111111 0.16584158415841585
2 0.11319444444444444 0.5792079207920792 0.07083333333333333 0.12376237623762376
2 0.42083333333333334 0.7066831683168316 0.09166666666666666 0.1905940594059406
2 0.53125 0.42945544554455445 0.05138888888888889 0.09653465346534654
2 0.31180555555555556 0.4207920792079208 0.04861111111111111 0.09900990099009901
2 0.73125 0.4405940594059406 0.04861111111111111 0.09900990099009901
2 0.55 0.698019801980198 0.09444444444444444 0.21782178217821782
2 0.7854166666666667 0.7017326732673267 0.08472222222222223 0.1608910891089109
2 0.43194444444444446 0.5816831683168316 0.07222222222222222 0.12871287128712872
2 0.7729166666666667 0.4938118811881188 0.05416666666666667 0.11138613861386139
2 0.19930555555555557 0.49257425742574257 0.06805555555555555 0.10891089108910891
2 0.5319444444444444 0.5705445544554455 0.07222222222222222 0.15594059405940594
2 0.46111111111111114 0.44183168316831684 0.06666666666666667 0.09653465346534654
2 0.6638888888888889 0.4405940594059406 0.044444444444444446 0.09405940594059406
2 0.5375 0.49876237623762376 0.058333333333333334 0.09653465346534654
2 0.15625 0.681930693069307 0.07361111111111111 0.15099009900990099
2 0.8888888888888888 0.6943069306930693 0.06666666666666667 0.1707920792079208
2 0.6819444444444445 0.4975247524752475 0.06111111111111111 0.11386138613861387
2 0.825 0.5829207920792079 0.075 0.12623762376237624
