1 0.125625 0.3188888888888889 0.09625 0.14444444444444443
1 0.590625 0.24444444444444444 0.07625 0.12444444444444444
0 0.149375 0.8066666666666666 0.17375 0.2222222222222222
2 0.20375 0.5644444444444444 0.1125 0.19555555555555557
1 0.625625 0.31 0.09125 0.14888888888888888
2 0.769375 0.4033333333333333 0.09625 0.16666666666666666
1 0.9275 0.25333333333333335 0.07 0.10222222222222223
1 0.034375 0.4122222222222222 0.06875 0.13111111111111112
5 0.31125 0.6633333333333333 0.19 0.4777777777777778
1 0.410625 0.3111111111111111 0.08625 0.1511111111111111
1 0.435 0.2511111111111111 0.0775 0.10666666666666667
0 0.709375 0.31444444444444447 0.07375 0.10888888888888888
1 0.674375 0.24333333333333335 0.05625 0.09555555555555556
1 0.033125 0.3188888888888889 0.06625 0.11777777777777777
2 0.411875 0.3111111111111111 0.08875 0.16444444444444445
1 0.85 0.25666666666666665 0.06 0.12222222222222222
1 0.3475 0.25666666666666665 0.07 0.11333333333333333
0 0.070625 0.2722222222222222 0.06125 0.08222222222222222
2 0.703125 0.55 0.10375 0.18
2 0.316875 0.31 0.08875 0.17555555555555555
1 0.71 0.31444444444444447 0.075 0.10888888888888888
0 0.141875 0.2588888888888889 0.06875 0.06888888888888889
0 0.384375 0.4388888888888889 0.09125 0.11777777777777777
1 0.92375 0.32666666666666666 0.08 0.11555555555555555
