2 0.43680555555555556 0.5853960396039604 0.07361111111111111 0.1311881188118812
2 0.24027777777777778 0.422029702970297 0.05 0.09158415841584158
2 0.53125 0.568069306930693 0.07083333333333333 0.15594059405940594
2 0.7402777777777778 0.4405940594059406 0.04722222222222222 0.09405940594059406
2 0.41944444444444445 0.7042079207920792 0.09166666666666666 0.18564356435643564
2 0.5340277777777778 0.5024752475247525 0.05694444444444444 0.09900990099009901
2 0.15833333333333333 0.6844059405940595 0.06944444444444445 0.15099009900990099
1 0.4618055555555556 0.43316831683168316 0.059722222222222225 0.0891089108910891
2 0.5326388888888889 0.43564356435643564 0.05138888888888889 0.09405940594059406
2 0.5444444444444444 0.693069306930693 0.09166666666666666 0.21287128712871287
1 0.7659722222222223 0.4962871287128713 0.05694444444444444 0.10148514851485149
2 0.4576388888888889 0.4938118811881188 0.05694444444444444 0.11633663366336634
2 0.73125 0.5742574257425742 0.07361111111111111 0.16336633663366337
2 0.7833333333333333 0.7042079207920792 0.08333333333333333 0.17574257425742573
2 0.6833333333333333 0.49876237623762376 0.06666666666666667 0.11138613861386139
5 0.2659722222222222 0.5445544554455446 0.07083333333333333 0.22277227722772278
2 0.11319444444444444 0.5841584158415841 0.06805555555555555 0.1188118811881188
2 0.8215277777777777 0.5767326732673267 0.06805555555555555 0.1485148514851485
3 0.8868055555555555 0.6868811881188119 0.06527777777777778 0.17574257425742573
2 0.6611111111111111 0.4430693069306931 0.044444444444444446 0.09405940594059406
2 0.3138888888888889 0.4207920792079208 0.05277777777777778 0.10396039603960396
3 0.4354166666666667 0.5816831683168316 0.07916666666666666 0.13366336633663367
2 0.1875 0.49876237623762376 0.06666666666666667 0.11138613861386139
