3 0.5826388888888889 0.5742574257425742 0.09583333333333334 0.20297029702970298
2 0.8111111111111111 0.5829207920792079 0.08333333333333333 0.16584158415841585
2 0.5729166666666666 0.375 0.05416666666666667 0.10148514851485149
2 0.49375 0.32054455445544555 0.06805555555555555 0.10148514851485149
2 0.7715277777777778 0.3155940594059406 0.04583333333333333 0.10148514851485149
2 0.3458333333333333 0.29455445544554454 0.05 0.10396039603960396
5 0.15486111111111112 0.41336633663366334 0.07361111111111111 0.2079207920792079
2 0.8597222222222223 0.46905940594059403 0.06666666666666667 0.12128712871287128
2 0.4527777777777778 0.573019801980198 0.08888888888888889 0.16584158415841585
2 0.19166666666666668 0.551980198019802 0.09166666666666666 0.15841584158415842
2 0.7680555555555556 0.4542079207920792 0.08055555555555556 0.1608910891089109
2 0.4895833333333333 0.37623762376237624 0.05416666666666667 0.09900990099009901
2 0.10069444444444445 0.5358910891089109 0.04861111111111111 0.1608910891089109
2 0.6944444444444444 0.31435643564356436 0.05 0.09900990099009901
2 0.7201388888888889 0.3725247524752475 0.0625 0.12623762376237624
2 0.8034722222222223 0.37376237623762376 0.05138888888888889 0.1188118811881188
2 0.5645833333333333 0.4504950495049505 0.10138888888888889 0.15346534653465346
2 0.5694444444444444 0.3131188118811881 0.05555555555555555 0.10148514851485149
2 0.275 0.29455445544554454 0.05 0.09405940594059406
2 0.22152777777777777 0.3589108910891089 0.05416666666666667 0.11386138613861387
2 0.2534722222222222 0.4405940594059406 0.06527777777777778 0.1485148514851485
2 0.46944444444444444 0.4566831683168317 0.07777777777777778 0.1311881188118812
2 0.3111111111111111 0.3712871287128713 0.05277777777777778 0.10891089108910891
