2 0.5375 0.4207920792079208 0.05555555555555555 0.11386138613861387
1 0.7569444444444444 0.5767326732673267 0.08611111111111111 0.17326732673267325
6 0.4965277777777778 0.7165841584158416 0.22361111111111112 0.2301980198019802
1 0.46875 0.42326732673267325 0.05416666666666667 0.10891089108910891
3 0.12152777777777778 0.7079207920792079 0.08194444444444444 0.1782178217821782
2 0.43125 0.5878712871287128 0.0763888888888889 0.15099009900990099
2 0.7631944444444444 0.4344059405940594 0.05694444444444444 0.10148514851485149
3 0.43194444444444446 0.5891089108910891 0.07777777777777778 0.15346534653465346
1 0.8618055555555556 0.5915841584158416 0.08472222222222223 0.12376237623762376
1 0.7131944444444445 0.4962871287128713 0.07361111111111111 0.11633663366336634
1 0.5354166666666667 0.5804455445544554 0.10416666666666667 0.15099009900990099
1 0.7993055555555556 0.4876237623762376 0.0625 0.1188118811881188
1 0.6854166666666667 0.4344059405940594 0.05694444444444444 0.10148514851485149
2 0.18194444444444444 0.4876237623762376 0.06944444444444445 0.12376237623762376
