6 0.1486111111111111 0.6349009900990099 0.11388888888888889 0.2004950495049505
6 0.5368055555555555 0.6732673267326733 0.2013888888888889 0.2079207920792079
6 0.7763888888888889 0.49133663366336633 0.11944444444444445 0.15099009900990099
6 0.8326388888888889 0.6534653465346535 0.18194444444444444 0.24257425742574257
1 0.4861111111111111 0.6782178217821783 0.09166666666666666 0.18316831683168316
6 0.30416666666666664 0.4381188118811881 0.12222222222222222 0.1188118811881188
1 0.5076388888888889 0.4801980198019802 0.07083333333333333 0.11386138613861387
1 0.7465277777777778 0.5 0.059722222222222225 0.12376237623762376
6 0.5416666666666666 0.4715346534653465 0.13055555555555556 0.15099009900990099
7 0.28194444444444444 0.6051980198019802 0.21666666666666667 0.2747524752475248
0 0.5743055555555555 0.5915841584158416 0.10138888888888889 0.14356435643564355
4 0.4875 0.6782178217821783 0.09166666666666666 0.18811881188118812
