1 0.435625 0.2388888888888889 0.07375 0.12222222222222222
1 0.393125 0.41444444444444445 0.07625 0.13111111111111112
1 0.75375 0.4033333333333333 0.0775 0.15333333333333332
1 0.84875 0.25333333333333335 0.0625 0.12444444444444444
2 0.41375 0.31333333333333335 0.09 0.15555555555555556
1 0.829375 0.5611111111111111 0.12625 0.1622222222222222
1 0.919375 0.33444444444444443 0.08125 0.12666666666666668
1 0.931875 0.24444444444444444 0.05875 0.1111111111111111
0 0.124375 0.3233333333333333 0.08625 0.12222222222222222
0 0.16125 0.8211111111111111 0.175 0.2911111111111111
1 0.034375 0.4122222222222222 0.06875 0.13111111111111112
0 0.74125 0.8177777777777778 0.145 0.29333333333333333
0 0.035 0.3288888888888889 0.0675 0.09777777777777778
1 0.7 0.5566666666666666 0.115 0.17555555555555555
1 0.709375 0.3111111111111111 0.07375 0.10666666666666667
1 0.27375 0.4222222222222222 0.0975 0.17777777777777778
2 0.6 0.22666666666666666 0.065 0.13333333333333333
1 0.67625 0.24 0.06 0.09777777777777778
1 0.335625 0.7888888888888889 0.17375 0.3111111111111111
0 0.361875 0.5744444444444444 0.14375 0.19333333333333333
0 0.07375 0.27 0.0675 0.08222222222222222
0 0.135625 0.26222222222222225 0.06875 0.07555555555555556
1 0.311875 0.3211111111111111 0.09125 0.16666666666666666
0 0.346875 0.2644444444444444 0.07125 0.08444444444444445
1 0.630625 0.32 0.08125 0.1111111111111111
