2 0.5020833333333333 0.30816831683168316 0.04861111111111111 0.09158415841584158
2 0.7666666666666667 0.452970297029703 0.07222222222222222 0.15841584158415842
2 0.7 0.3118811881188119 0.05 0.09900990099009901
2 0.5743055555555555 0.375 0.059722222222222225 0.10148514851485149
2 0.7694444444444445 0.30816831683168316 0.05 0.10148514851485149
3 0.2569444444444444 0.43935643564356436 0.06944444444444445 0.15099009900990099
3 0.5736111111111111 0.5594059405940595 0.075 0.18316831683168316
2 0.15208333333333332 0.4467821782178218 0.07361111111111111 0.12128712871287128
4 0.45625 0.5631188118811881 0.09583333333333334 0.1707920792079208
2 0.49236111111111114 0.36757425742574257 0.05694444444444444 0.11633663366336634
2 0.3055555555555556 0.3650990099009901 0.058333333333333334 0.12128712871287128
4 0.4930555555555556 0.36633663366336633 0.05555555555555555 0.11386138613861387
2 0.35138888888888886 0.2896039603960396 0.04722222222222222 0.09900990099009901
3 0.80625 0.3787128712871287 0.0625 0.10891089108910891
1 0.7194444444444444 0.37376237623762376 0.06388888888888888 0.1188118811881188
2 0.21805555555555556 0.3564356435643564 0.05277777777777778 0.1188118811881188
2 0.8111111111111111 0.5705445544554455 0.10555555555555556 0.1806930693069307
2 0.56875 0.43935643564356436 0.06805555555555555 0.13613861386138615
2 0.46111111111111114 0.452970297029703 0.1 0.13861386138613863
2 0.20277777777777778 0.5420792079207921 0.06944444444444445 0.15841584158415842
2 0.2763888888888889 0.28836633663366334 0.05277777777777778 0.09653465346534654
2 0.5680555555555555 0.30198019801980197 0.05555555555555555 0.09405940594059406
2 0.8513888888888889 0.46163366336633666 0.058333333333333334 0.13613861386138615
