2 0.7729166666666667 0.5 0.05138888888888889 0.10396039603960396
2 0.7354166666666667 0.4405940594059406 0.04861111111111111 0.09405940594059406
2 0.15694444444444444 0.6782178217821783 0.07777777777777778 0.15841584158415842
2 0.24097222222222223 0.422029702970297 0.04861111111111111 0.09158415841584158
3 0.41388888888888886 0.7103960396039604 0.09166666666666666 0.17326732673267325
5 0.71875 0.6485148514851485 0.08194444444444444 0.2623762376237624
2 0.21319444444444444 0.5779702970297029 0.07083333333333333 0.15594059405940594
1 0.11180555555555556 0.5841584158415841 0.06805555555555555 0.1188118811881188
2 0.8243055555555555 0.5841584158415841 0.0625 0.13366336633663367
2 0.45625 0.5012376237623762 0.059722222222222225 0.10643564356435643
4 0.8854166666666666 0.681930693069307 0.07083333333333333 0.17574257425742573
5 0.7736111111111111 0.19183168316831684 0.044444444444444446 0.1311881188118812
2 0.5409722222222222 0.6943069306930693 0.09305555555555556 0.1905940594059406
2 0.6659722222222222 0.4381188118811881 0.05138888888888889 0.09900990099009901
2 0.18888888888888888 0.4938118811881188 0.06111111111111111 0.11138613861386139
2 0.5319444444444444 0.5693069306930693 0.06944444444444445 0.1485148514851485
2 0.31527777777777777 0.41955445544554454 0.05 0.10148514851485149
2 0.4375 0.5792079207920792 0.06944444444444445 0.12871287128712872
2 0.53125 0.4319306930693069 0.05138888888888889 0.09653465346534654
2 0.6833333333333333 0.49504950495049505 0.05277777777777778 0.1188118811881188
2 0.5388888888888889 0.5024752475247525 0.05555555555555555 0.09900990099009901
2 0.275 0.49504950495049505 0.05555555555555555 0.12871287128712872
1 0.4618055555555556 0.4504950495049505 0.05416666666666667 0.07920792079207921
