0 0.4930555555555556 0.3316831683168317 0.08055555555555556 0.07920792079207921
0 0.4423611111111111 0.5878712871287128 0.13194444444444445 0.16584158415841585
1 0.46458333333333335 0.46782178217821785 0.09583333333333334 0.12871287128712872
0 0.8611111111111112 0.4814356435643564 0.1 0.11138613861386139
0 0.48541666666666666 0.38366336633663367 0.07083333333333333 0.09405940594059406
0 0.80625 0.3910891089108911 0.059722222222222225 0.09405940594059406
0 0.5673611111111111 0.5866336633663366 0.12361111111111112 0.14356435643564355
0 0.18680555555555556 0.5705445544554455 0.10972222222222222 0.13613861386138615
2 0.3034722222222222 0.36757425742574257 0.0625 0.12128712871287128
0 0.2708333333333333 0.3056930693069307 0.06111111111111111 0.08168316831683169
4 0.24722222222222223 0.4405940594059406 0.07222222222222222 0.13861386138613863
0 0.22291666666666668 0.37623762376237624 0.07916666666666666 0.09900990099009901
0 0.7604166666666666 0.4665841584158416 0.09583333333333334 0.15099009900990099
0 0.7222222222222222 0.38613861386138615 0.07222222222222222 0.1188118811881188
0 0.56875 0.32425742574257427 0.06805555555555555 0.09900990099009901
0 0.8083333333333333 0.6039603960396039 0.12222222222222222 0.12871287128712872
2 0.34375 0.29207920792079206 0.04583333333333333 0.09405940594059406
0 0.7784722222222222 0.33292079207920794 0.07083333333333333 0.08663366336633663
0 0.7048611111111112 0.327970297029703 0.06527777777777778 0.07673267326732673
0 0.14583333333333334 0.4628712871287129 0.08888888888888889 0.10396039603960396
