0 0.7659722222222223 0.4665841584158416 0.09305555555555556 0.14108910891089108
3 0.4638888888888889 0.4591584158415842 0.10555555555555556 0.13613861386138615
3 0.5618055555555556 0.44183168316831684 0.0763888888888889 0.1608910891089109
1 0.2625 0.44554455445544555 0.08333333333333333 0.1485148514851485
0 0.8069444444444445 0.3811881188118812 0.08333333333333333 0.10396039603960396
0 0.7201388888888889 0.375 0.07083333333333333 0.11138613861386139
0 0.4951388888888889 0.3353960396039604 0.07916666666666666 0.07673267326732673
0 0.56875 0.5816831683168316 0.12083333333333333 0.1485148514851485
1 0.5618055555555556 0.31064356435643564 0.0625 0.09653465346534654
0 0.2222222222222222 0.38613861386138615 0.07222222222222222 0.08415841584158416
0 0.18472222222222223 0.573019801980198 0.10833333333333334 0.12128712871287128
2 0.3486111111111111 0.29207920792079206 0.05 0.10396039603960396
2 0.3055555555555556 0.36633663366336633 0.06666666666666667 0.12376237623762376
0 0.48194444444444445 0.38242574257425743 0.075 0.08663366336633663
0 0.8604166666666667 0.4801980198019802 0.09861111111111111 0.11386138613861387
1 0.44027777777777777 0.5668316831683168 0.13055555555555556 0.15346534653465346
0 0.7708333333333334 0.33663366336633666 0.06111111111111111 0.07920792079207921
2 0.5618055555555556 0.43935643564356436 0.0763888888888889 0.1707920792079208
0 0.2701388888888889 0.31064356435643564 0.0625 0.07178217821782178
0 0.7041666666666667 0.3292079207920792 0.06944444444444445 0.08415841584158416
0 0.14722222222222223 0.45792079207920794 0.08055555555555556 0.10891089108910891
0 0.8083333333333333 0.6027227722772277 0.12777777777777777 0.1311881188118812
