2 0.7666666666666667 0.45173267326732675 0.075 0.1608910891089109
2 0.23055555555555557 0.3626237623762376 0.06388888888888888 0.10643564356435643
2 0.18263888888888888 0.5556930693069307 0.10972222222222222 0.1608910891089109
2 0.8041666666666667 0.5841584158415841 0.10555555555555556 0.16336633663366337
2 0.8611111111111112 0.47029702970297027 0.06666666666666667 0.12871287128712872
3 0.49027777777777776 0.375 0.05555555555555555 0.09653465346534654
2 0.31180555555555556 0.3774752475247525 0.05694444444444444 0.10148514851485149
2 0.7194444444444444 0.3725247524752475 0.06388888888888888 0.12623762376237624
2 0.2548611111111111 0.44925742574257427 0.06527777777777778 0.14108910891089108
2 0.45 0.573019801980198 0.09166666666666666 0.1905940594059406
3 0.5729166666666666 0.5792079207920792 0.10694444444444444 0.1782178217821782
2 0.34305555555555556 0.2933168316831683 0.06111111111111111 0.10643564356435643
3 0.46875 0.46163366336633666 0.06805555555555555 0.12128712871287128
2 0.7756944444444445 0.3155940594059406 0.04861111111111111 0.09653465346534654
2 0.56875 0.3118811881188119 0.05138888888888889 0.09900990099009901
2 0.1486111111111111 0.452970297029703 0.08333333333333333 0.1188118811881188
1 0.8069444444444445 0.3787128712871287 0.05555555555555555 0.10396039603960396
5 0.7027777777777777 0.2871287128712871 0.06111111111111111 0.15346534653465346
3 0.49375 0.31064356435643564 0.07083333333333333 0.09653465346534654
2 0.27708333333333335 0.297029702970297 0.05138888888888889 0.08415841584158416
