2 0.5326388888888889 0.4381188118811881 0.05138888888888889 0.09900990099009901
2 0.24027777777777778 0.42326732673267325 0.04722222222222222 0.0891089108910891
2 0.7715277777777778 0.49876237623762376 0.04861111111111111 0.10148514851485149
2 0.7305555555555555 0.5705445544554455 0.06666666666666667 0.1707920792079208
2 0.45694444444444443 0.5012376237623762 0.05277777777777778 0.11633663366336634
2 0.7388888888888889 0.44183168316831684 0.044444444444444446 0.09653465346534654
2 0.5395833333333333 0.5037128712871287 0.05416666666666667 0.09653465346534654
2 0.8270833333333333 0.5804455445544554 0.06805555555555555 0.13613861386138615
2 0.4618055555555556 0.47029702970297027 0.05416666666666667 0.09900990099009901
2 0.6833333333333333 0.49876237623762376 0.06388888888888888 0.12128712871287128
1 0.21805555555555556 0.5742574257425742 0.06666666666666667 0.14356435643564355
2 0.43194444444444446 0.5816831683168316 0.08611111111111111 0.12871287128712872
3 0.7798611111111111 0.7017326732673267 0.08472222222222223 0.1707920792079208
3 0.11319444444444444 0.5816831683168316 0.06805555555555555 0.1188118811881188
2 0.19444444444444445 0.49876237623762376 0.058333333333333334 0.10643564356435643
2 0.27708333333333335 0.49504950495049505 0.059722222222222225 0.12376237623762376
2 0.5305555555555556 0.573019801980198 0.07222222222222222 0.1311881188118812
2 0.3138888888888889 0.4245049504950495 0.05 0.09653465346534654
3 0.8861111111111111 0.698019801980198 0.06944444444444445 0.15346534653465346
4 0.41458333333333336 0.7004950495049505 0.09861111111111111 0.1782178217821782
2 0.6604166666666667 0.4430693069306931 0.04583333333333333 0.09405940594059406
2 0.46458333333333335 0.44183168316831684 0.0625 0.09158415841584158
2 0.15902777777777777 0.6844059405940595 0.06805555555555555 0.15099009900990099
2 0.5451388888888888 0.698019801980198 0.10416666666666667 0.2079207920792079
