0 0.324074 0.400000 0.070370 0.086486
0 0.550000 0.186486 0.062963 0.091892
0 0.290741 0.562162 0.055556 0.086486
0 0.175926 0.608108 0.100000 0.091892
0 0.040741 0.640541 0.074074 0.124324
0 0.325926 0.086486 0.074074 0.097297
0 0.387037 0.654054 0.040741 0.054054
0 0.966667 0.083784 0.066667 0.156757
0 0.664815 0.551351 0.040741 0.064865
0 0.864815 0.335135 0.048148 0.086486
0 0.333333 0.764865 0.059259 0.070270
0 0.548148 0.648649 0.044444 0.054054
0 0.768519 0.683784 0.033333 0.048649
0 0.831481 0.689189 0.033333 0.048649
0 0.857407 0.597297 0.040741 0.059459
0 0.729630 0.216216 0.044444 0.054054
0 0.255556 0.183784 0.051852 0.075676
