0 0.851852 0.435135 0.185185 0.210811
0 0.811111 0.545946 0.214815 0.205405
0 0.744444 0.651351 0.170370 0.167568
0 0.666667 0.510811 0.140741 0.167568
0 0.535185 0.489189 0.144444 0.189189
0 0.311111 0.413514 0.170370 0.189189
0 0.151852 0.191892 0.155556 0.167568
0 0.157407 0.337838 0.174074 0.167568
0 0.133333 0.640541 0.177778 0.221622
0 0.290741 0.702703 0.166667 0.194595
0 0.079630 0.772973 0.151852 0.183784
0 0.266667 0.864865 0.192593 0.183784
0 0.400000 0.778378 0.148148 0.172973
0 0.453704 0.900000 0.166667 0.135135
0 0.657407 0.802703 0.137037 0.156757
0 0.937037 0.932432 0.103704 0.113514
