0 0.159259 0.208108 0.118519 0.135135
0 0.364815 0.124324 0.085185 0.129730
0 0.227778 0.343243 0.092593 0.135135
0 0.370370 0.413514 0.074074 0.102703
0 0.374074 0.489189 0.081481 0.102703
0 0.505556 0.451351 0.077778 0.102703
0 0.544444 0.378378 0.066667 0.097297
0 0.461111 0.497297 0.070370 0.097297
0 0.598148 0.445946 0.070370 0.167568
0 0.683333 0.440541 0.055556 0.113514
0 0.764815 0.467568 0.070370 0.102703
0 0.864815 0.537838 0.077778 0.091892
0 0.962963 0.408108 0.066667 0.135135
0 0.683333 0.772973 0.085185 0.108108
0 0.525926 0.754054 0.066667 0.091892
0 0.675926 0.616216 0.062963 0.097297
0 0.603704 0.867568 0.051852 0.081081
0 0.864815 0.862162 0.062963 0.102703
0 0.785185 0.881081 0.059259 0.075676
0 0.461111 0.602703 0.077778 0.102703
0 0.490741 0.081081 0.092593 0.075676
0 0.974074 0.862162 0.051852 0.135135
