0 0.461111 0.481081 0.100000 0.129730
0 0.392593 0.516216 0.111111 0.124324
0 0.425926 0.656757 0.103704 0.135135
0 0.481481 0.748649 0.066667 0.124324
0 0.653704 0.594595 0.085185 0.140541
0 0.722222 0.500000 0.088889 0.135135
0 0.618519 0.364865 0.074074 0.102703
0 0.531481 0.278378 0.092593 0.124324
0 0.494444 0.121622 0.092593 0.124324
0 0.259259 0.300000 0.088889 0.124324
0 0.216667 0.156757 0.092593 0.097297
0 0.205556 0.275676 0.092593 0.097297
0 0.259259 0.567568 0.081481 0.140541
0 0.398148 0.229730 0.048148 0.070270
0 0.898148 0.764865 0.092593 0.124324
0 0.966667 0.578378 0.066667 0.140541
0 0.907407 0.437838 0.096296 0.118919
0 0.950000 0.040541 0.062963 0.070270
0 0.685185 0.035135 0.118519 0.059459
0 0.098148 0.043243 0.092593 0.064865
0 0.968519 0.818919 0.055556 0.167568
0 0.385185 0.105405 0.044444 0.081081
0 0.738889 0.286486 0.070370 0.140541
0 0.605556 0.240541 0.070370 0.113514
0 0.362963 0.283784 0.051852 0.070270
