0 0.479630 0.481081 0.092593 0.118919
0 0.609259 0.429730 0.100000 0.145946
0 0.364815 0.521622 0.107407 0.135135
0 0.266667 0.586486 0.103704 0.145946
0 0.200000 0.418919 0.140741 0.135135
0 0.170370 0.275676 0.111111 0.129730
0 0.446296 0.659459 0.092593 0.086486
0 0.535185 0.583784 0.077778 0.151351
0 0.637037 0.591892 0.118519 0.167568
0 0.459259 0.732432 0.103704 0.124324
0 0.353704 0.751351 0.062963 0.086486
0 0.251852 0.818919 0.066667 0.081081
0 0.607407 0.948649 0.051852 0.081081
0 0.927778 0.197297 0.092593 0.113514
0 0.772222 0.059459 0.085185 0.097297
0 0.964815 0.035135 0.062963 0.059459
