0 0.583333 0.178378 0.062963 0.075676
0 0.131481 0.737838 0.055556 0.102703
0 0.035185 0.578378 0.055556 0.108108
0 0.037037 0.710811 0.059259 0.081081
0 0.174074 0.756757 0.044444 0.097297
0 0.216667 0.816216 0.055556 0.108108
0 0.355556 0.513514 0.044444 0.032432
0 0.524074 0.927027 0.062963 0.102703
0 0.548148 0.764865 0.051852 0.091892
0 0.850000 0.659459 0.062963 0.064865
0 0.711111 0.800000 0.044444 0.054054
0 0.946296 0.737838 0.055556 0.070270
0 0.927778 0.797297 0.040741 0.059459
0 0.885185 0.843243 0.044444 0.054054
0 0.862963 0.891892 0.051852 0.054054
0 0.809259 0.910811 0.040741 0.048649
0 0.681481 0.910811 0.051852 0.070270
0 0.633333 0.729730 0.051852 0.064865
0 0.672222 0.408108 0.040741 0.048649
0 0.550000 0.451351 0.033333 0.037838
0 0.609259 0.462162 0.033333 0.037838
0 0.674074 0.462162 0.044444 0.048649
0 0.735185 0.267568 0.062963 0.070270
0 0.753704 0.124324 0.062963 0.054054
0 0.853704 0.040541 0.040741 0.048649
0 0.894444 0.064865 0.033333 0.043243
0 0.920370 0.067568 0.033333 0.059459
0 0.788889 0.113514 0.029630 0.054054
0 0.646296 0.156757 0.033333 0.064865
0 0.420370 0.486486 0.025926 0.043243
0 0.246296 0.335135 0.025926 0.054054
0 0.122222 0.154054 0.037037 0.037838
0 0.072222 0.032432 0.025926 0.032432
0 0.079630 0.056757 0.033333 0.027027
0 0.096296 0.110811 0.029630 0.037838
0 0.127778 0.100000 0.025926 0.027027
0 0.390741 0.345946 0.040741 0.043243
0 0.479630 0.313514 0.025926 0.054054
0 0.375926 0.905405 0.070370 0.070270
0 0.372222 0.962162 0.033333 0.054054
0 0.020370 0.783784 0.033333 0.108108
0 0.920370 0.275676 0.033333 0.075676
0 0.981481 0.418919 0.037037 0.081081
0 0.981481 0.608108 0.037037 0.102703
